bli_shgemm performance
MC = 512, KC = 3072, NC = 5120
m, n, k, GFLOPS
1024, 1024, 80, 204.34
1024, 1024, 160, 258.57
1024, 1024, 240, 288.93
1024, 1024, 320, 310.51
1024, 1024, 400, 321.78
1024, 1024, 480, 332.08
1024, 1024, 560, 338.33
1024, 1024, 640, 345.15
1024, 1024, 720, 348.08
1024, 1024, 800, 359.29
1024, 1024, 880, 360.59
1024, 1024, 960, 366.18
1024, 1024, 1040, 367.28
1024, 1024, 1120, 369.19
1024, 1024, 1200, 370.59
1024, 1024, 1280, 373.39
1024, 1024, 1360, 373.34
1024, 1024, 1440, 376.91
1024, 1024, 1520, 376.96
1024, 1024, 1600, 377.10
1024, 1024, 1680, 376.76
1024, 1024, 1760, 378.95
1024, 1024, 1840, 379.21
1024, 1024, 1920, 379.81
1024, 1024, 2000, 378.95
1024, 1024, 2080, 380.39
1024, 1024, 2160, 380.20
1024, 1024, 2240, 382.38
1024, 1024, 2320, 382.00
1024, 1024, 2400, 382.99
1024, 1024, 2480, 383.18
1024, 1024, 2560, 383.64
1024, 1024, 2640, 383.07
1024, 1024, 2720, 384.25
1024, 1024, 2800, 383.46
1024, 1024, 2880, 384.01
1024, 1024, 2960, 382.54
1024, 1024, 3040, 380.37
1024, 1024, 3120, 368.78
1024, 1024, 3200, 370.26
1024, 1024, 3280, 370.22
1024, 1024, 3360, 371.22
1024, 1024, 3440, 371.32
1024, 1024, 3520, 374.23
1024, 1024, 3600, 372.99
1024, 1024, 3680, 373.50
1024, 1024, 3760, 371.06
1024, 1024, 3840, 374.21
1024, 1024, 3920, 373.54
1024, 1024, 4000, 374.50
