bli_shgemm performance
MC = 256, KC = 3328, NC = 1024
m, n, k, GFLOPS
1024, 1024, 80, 204.11
1024, 1024, 160, 266.25
1024, 1024, 240, 295.89
1024, 1024, 320, 318.23
1024, 1024, 400, 324.81
1024, 1024, 480, 338.32
1024, 1024, 560, 344.17
1024, 1024, 640, 352.41
1024, 1024, 720, 354.06
1024, 1024, 800, 363.50
1024, 1024, 880, 354.01
1024, 1024, 960, 363.34
1024, 1024, 1040, 362.12
1024, 1024, 1120, 364.29
1024, 1024, 1200, 365.48
1024, 1024, 1280, 368.74
1024, 1024, 1360, 367.47
1024, 1024, 1440, 369.52
1024, 1024, 1520, 367.65
1024, 1024, 1600, 371.29
1024, 1024, 1680, 371.03
1024, 1024, 1760, 372.90
1024, 1024, 1840, 372.55
1024, 1024, 1920, 373.70
1024, 1024, 2000, 372.74
1024, 1024, 2080, 374.03
1024, 1024, 2160, 374.04
1024, 1024, 2240, 376.44
1024, 1024, 2320, 375.56
1024, 1024, 2400, 376.47
1024, 1024, 2480, 375.83
1024, 1024, 2560, 377.68
1024, 1024, 2640, 376.92
1024, 1024, 2720, 378.24
1024, 1024, 2800, 376.64
1024, 1024, 2880, 378.81
1024, 1024, 2960, 378.21
1024, 1024, 3040, 379.06
1024, 1024, 3120, 377.75
1024, 1024, 3200, 379.06
1024, 1024, 3280, 379.03
1024, 1024, 3360, 366.09
1024, 1024, 3440, 368.36
1024, 1024, 3520, 369.59
1024, 1024, 3600, 370.10
1024, 1024, 3680, 370.91
1024, 1024, 3760, 370.91
1024, 1024, 3840, 371.73
1024, 1024, 3920, 371.52
1024, 1024, 4000, 371.61
