bli_shgemm performance
MC = 384, KC = 512, NC = 2048
m, n, k, GFLOPS
1024, 1024, 80, 201.16
1024, 1024, 160, 259.11
1024, 1024, 240, 285.32
1024, 1024, 320, 309.56
1024, 1024, 400, 319.67
1024, 1024, 480, 332.11
1024, 1024, 560, 294.12
1024, 1024, 640, 307.53
1024, 1024, 720, 310.96
1024, 1024, 800, 321.52
1024, 1024, 880, 332.61
1024, 1024, 960, 339.54
1024, 1024, 1040, 315.87
1024, 1024, 1120, 321.94
1024, 1024, 1200, 322.18
1024, 1024, 1280, 331.12
1024, 1024, 1360, 331.41
1024, 1024, 1440, 337.00
1024, 1024, 1520, 335.37
1024, 1024, 1600, 328.09
1024, 1024, 1680, 325.31
1024, 1024, 1760, 333.91
1024, 1024, 1840, 331.44
1024, 1024, 1920, 340.12
1024, 1024, 2000, 336.11
1024, 1024, 2080, 331.56
1024, 1024, 2160, 328.67
1024, 1024, 2240, 336.98
1024, 1024, 2320, 332.85
1024, 1024, 2400, 339.69
1024, 1024, 2480, 338.15
1024, 1024, 2560, 343.57
1024, 1024, 2640, 331.17
1024, 1024, 2720, 336.51
1024, 1024, 2800, 334.56
1024, 1024, 2880, 341.14
1024, 1024, 2960, 339.18
1024, 1024, 3040, 342.57
1024, 1024, 3120, 333.43
1024, 1024, 3200, 337.97
1024, 1024, 3280, 335.97
1024, 1024, 3360, 339.87
1024, 1024, 3440, 339.12
1024, 1024, 3520, 343.77
1024, 1024, 3600, 335.06
1024, 1024, 3680, 337.95
1024, 1024, 3760, 336.50
1024, 1024, 3840, 340.99
1024, 1024, 3920, 338.99
1024, 1024, 4000, 342.53
