bli_shgemm performance
MC = 640, KC = 256, NC = 5120
m, n, k, GFLOPS
1024, 1024, 80, 205.90
1024, 1024, 160, 258.75
1024, 1024, 240, 284.08
1024, 1024, 320, 253.33
1024, 1024, 400, 265.14
1024, 1024, 480, 280.95
1024, 1024, 560, 259.48
1024, 1024, 640, 272.06
1024, 1024, 720, 276.82
1024, 1024, 800, 270.00
1024, 1024, 880, 272.05
1024, 1024, 960, 284.12
1024, 1024, 1040, 268.70
1024, 1024, 1120, 279.57
1024, 1024, 1200, 283.52
1024, 1024, 1280, 290.70
1024, 1024, 1360, 281.98
1024, 1024, 1440, 290.17
1024, 1024, 1520, 287.95
1024, 1024, 1600, 287.34
1024, 1024, 1680, 282.32
1024, 1024, 1760, 292.08
1024, 1024, 1840, 282.30
1024, 1024, 1920, 288.86
1024, 1024, 2000, 285.82
1024, 1024, 2080, 285.82
1024, 1024, 2160, 286.36
1024, 1024, 2240, 293.82
1024, 1024, 2320, 282.41
1024, 1024, 2400, 289.87
1024, 1024, 2480, 288.43
1024, 1024, 2560, 294.39
1024, 1024, 2640, 285.41
1024, 1024, 2720, 291.31
1024, 1024, 2800, 290.95
1024, 1024, 2880, 291.70
1024, 1024, 2960, 286.78
1024, 1024, 3040, 293.21
1024, 1024, 3120, 285.20
1024, 1024, 3200, 282.08
1024, 1024, 3280, 279.05
1024, 1024, 3360, 280.27
1024, 1024, 3440, 278.15
1024, 1024, 3520, 284.47
1024, 1024, 3600, 276.82
1024, 1024, 3680, 282.36
1024, 1024, 3760, 280.01
1024, 1024, 3840, 286.60
1024, 1024, 3920, 278.80
1024, 1024, 4000, 283.81
