bli_shgemm performance
MC = 640, KC = 3584, NC = 1024
m, n, k, GFLOPS
1024, 1024, 80, 207.61
1024, 1024, 160, 255.12
1024, 1024, 240, 281.52
1024, 1024, 320, 304.52
1024, 1024, 400, 313.87
1024, 1024, 480, 326.49
1024, 1024, 560, 329.60
1024, 1024, 640, 341.60
1024, 1024, 720, 340.70
1024, 1024, 800, 352.11
1024, 1024, 880, 352.66
1024, 1024, 960, 361.91
1024, 1024, 1040, 361.62
1024, 1024, 1120, 363.67
1024, 1024, 1200, 365.83
1024, 1024, 1280, 370.25
1024, 1024, 1360, 370.37
1024, 1024, 1440, 371.90
1024, 1024, 1520, 373.01
1024, 1024, 1600, 376.18
1024, 1024, 1680, 374.99
1024, 1024, 1760, 376.67
1024, 1024, 1840, 376.88
1024, 1024, 1920, 378.70
1024, 1024, 2000, 378.81
1024, 1024, 2080, 379.07
1024, 1024, 2160, 379.27
1024, 1024, 2240, 380.29
1024, 1024, 2320, 371.57
1024, 1024, 2400, 381.01
1024, 1024, 2480, 380.04
1024, 1024, 2560, 380.81
1024, 1024, 2640, 379.09
1024, 1024, 2720, 379.12
1024, 1024, 2800, 377.22
1024, 1024, 2880, 374.92
1024, 1024, 2960, 375.12
1024, 1024, 3040, 371.71
1024, 1024, 3120, 361.13
1024, 1024, 3200, 346.85
1024, 1024, 3280, 339.11
1024, 1024, 3360, 332.24
1024, 1024, 3440, 330.01
1024, 1024, 3520, 326.19
1024, 1024, 3600, 327.84
1024, 1024, 3680, 334.54
1024, 1024, 3760, 334.81
1024, 1024, 3840, 330.82
1024, 1024, 3920, 331.67
1024, 1024, 4000, 333.57
