bli_shgemm performance
MC = 640, KC = 3584, NC = 4096
m, n, k, GFLOPS
1024, 1024, 80, 198.19
1024, 1024, 160, 262.62
1024, 1024, 240, 296.61
1024, 1024, 320, 316.66
1024, 1024, 400, 326.64
1024, 1024, 480, 335.34
1024, 1024, 560, 341.50
1024, 1024, 640, 347.41
1024, 1024, 720, 348.42
1024, 1024, 800, 359.24
1024, 1024, 880, 359.77
1024, 1024, 960, 365.68
1024, 1024, 1040, 366.97
1024, 1024, 1120, 365.07
1024, 1024, 1200, 367.08
1024, 1024, 1280, 370.32
1024, 1024, 1360, 371.37
1024, 1024, 1440, 372.87
1024, 1024, 1520, 373.76
1024, 1024, 1600, 375.70
1024, 1024, 1680, 376.22
1024, 1024, 1760, 377.40
1024, 1024, 1840, 377.93
1024, 1024, 1920, 380.22
1024, 1024, 2000, 379.81
1024, 1024, 2080, 380.24
1024, 1024, 2160, 381.10
1024, 1024, 2240, 382.44
1024, 1024, 2320, 350.47
1024, 1024, 2400, 346.01
1024, 1024, 2480, 341.23
1024, 1024, 2560, 342.92
1024, 1024, 2640, 339.05
1024, 1024, 2720, 340.91
1024, 1024, 2800, 336.14
1024, 1024, 2880, 315.47
1024, 1024, 2960, 355.92
1024, 1024, 3040, 363.94
1024, 1024, 3120, 356.95
1024, 1024, 3200, 362.40
1024, 1024, 3280, 360.30
1024, 1024, 3360, 356.74
1024, 1024, 3440, 351.93
1024, 1024, 3520, 344.92
1024, 1024, 3600, 333.47
1024, 1024, 3680, 335.94
1024, 1024, 3760, 336.35
1024, 1024, 3840, 337.53
1024, 1024, 3920, 338.73
1024, 1024, 4000, 338.47
