bli_shgemm performance
MC = 512, KC = 256, NC = 4096
m, n, k, GFLOPS
1024, 1024, 80, 206.87
1024, 1024, 160, 262.10
1024, 1024, 240, 284.17
1024, 1024, 320, 254.56
1024, 1024, 400, 264.61
1024, 1024, 480, 279.69
1024, 1024, 560, 260.16
1024, 1024, 640, 274.17
1024, 1024, 720, 277.46
1024, 1024, 800, 271.10
1024, 1024, 880, 275.45
1024, 1024, 960, 290.14
1024, 1024, 1040, 277.53
1024, 1024, 1120, 285.83
1024, 1024, 1200, 283.95
1024, 1024, 1280, 293.83
1024, 1024, 1360, 278.06
1024, 1024, 1440, 288.32
1024, 1024, 1520, 287.87
1024, 1024, 1600, 286.68
1024, 1024, 1680, 281.27
1024, 1024, 1760, 293.53
1024, 1024, 1840, 283.87
1024, 1024, 1920, 291.49
1024, 1024, 2000, 288.74
1024, 1024, 2080, 287.58
1024, 1024, 2160, 287.98
1024, 1024, 2240, 294.50
1024, 1024, 2320, 284.85
1024, 1024, 2400, 291.14
1024, 1024, 2480, 290.77
1024, 1024, 2560, 296.32
1024, 1024, 2640, 287.53
1024, 1024, 2720, 293.45
1024, 1024, 2800, 293.01
1024, 1024, 2880, 284.44
1024, 1024, 2960, 282.05
1024, 1024, 3040, 287.24
1024, 1024, 3120, 281.50
1024, 1024, 3200, 286.76
1024, 1024, 3280, 284.24
1024, 1024, 3360, 284.49
1024, 1024, 3440, 283.83
1024, 1024, 3520, 289.36
1024, 1024, 3600, 281.60
1024, 1024, 3680, 286.59
1024, 1024, 3760, 284.81
1024, 1024, 3840, 290.82
1024, 1024, 3920, 283.43
1024, 1024, 4000, 287.70
