bli_shgemm performance
MC = 256, KC = 3584, NC = 4096
m, n, k, GFLOPS
1024, 1024, 80, 211.03
1024, 1024, 160, 270.86
1024, 1024, 240, 303.11
1024, 1024, 320, 319.33
1024, 1024, 400, 331.97
1024, 1024, 480, 340.05
1024, 1024, 560, 346.53
1024, 1024, 640, 350.61
1024, 1024, 720, 354.11
1024, 1024, 800, 361.40
1024, 1024, 880, 362.63
1024, 1024, 960, 368.50
1024, 1024, 1040, 369.45
1024, 1024, 1120, 370.07
1024, 1024, 1200, 369.34
1024, 1024, 1280, 370.94
1024, 1024, 1360, 368.53
1024, 1024, 1440, 370.96
1024, 1024, 1520, 369.58
1024, 1024, 1600, 373.58
1024, 1024, 1680, 371.99
1024, 1024, 1760, 374.58
1024, 1024, 1840, 373.94
1024, 1024, 1920, 376.38
1024, 1024, 2000, 374.97
1024, 1024, 2080, 376.76
1024, 1024, 2160, 376.33
1024, 1024, 2240, 378.54
1024, 1024, 2320, 377.38
1024, 1024, 2400, 378.84
1024, 1024, 2480, 378.44
1024, 1024, 2560, 379.71
1024, 1024, 2640, 379.70
1024, 1024, 2720, 380.55
1024, 1024, 2800, 380.18
1024, 1024, 2880, 381.34
1024, 1024, 2960, 381.03
1024, 1024, 3040, 381.58
1024, 1024, 3120, 380.68
1024, 1024, 3200, 381.33
1024, 1024, 3280, 381.12
1024, 1024, 3360, 381.32
1024, 1024, 3440, 381.01
1024, 1024, 3520, 381.96
1024, 1024, 3600, 373.17
1024, 1024, 3680, 373.61
1024, 1024, 3760, 373.10
1024, 1024, 3840, 375.08
1024, 1024, 3920, 374.85
1024, 1024, 4000, 375.82
