bli_shgemm performance
MC = 384, KC = 1792, NC = 1024
m, n, k, GFLOPS
1024, 1024, 80, 206.96
1024, 1024, 160, 266.08
1024, 1024, 240, 297.94
1024, 1024, 320, 322.40
1024, 1024, 400, 337.67
1024, 1024, 480, 341.06
1024, 1024, 560, 347.24
1024, 1024, 640, 353.17
1024, 1024, 720, 352.20
1024, 1024, 800, 359.21
1024, 1024, 880, 358.73
1024, 1024, 960, 363.71
1024, 1024, 1040, 364.11
1024, 1024, 1120, 366.02
1024, 1024, 1200, 367.72
1024, 1024, 1280, 370.23
1024, 1024, 1360, 370.25
1024, 1024, 1440, 371.84
1024, 1024, 1520, 372.22
1024, 1024, 1600, 375.26
1024, 1024, 1680, 374.81
1024, 1024, 1760, 376.77
1024, 1024, 1840, 354.46
1024, 1024, 1920, 356.35
1024, 1024, 2000, 355.74
1024, 1024, 2080, 359.13
1024, 1024, 2160, 359.59
1024, 1024, 2240, 363.47
1024, 1024, 2320, 361.53
1024, 1024, 2400, 364.02
1024, 1024, 2480, 365.24
1024, 1024, 2560, 369.24
1024, 1024, 2640, 367.56
1024, 1024, 2720, 368.54
1024, 1024, 2800, 368.29
1024, 1024, 2880, 371.04
1024, 1024, 2960, 370.10
1024, 1024, 3040, 371.25
1024, 1024, 3120, 371.12
1024, 1024, 3200, 373.00
1024, 1024, 3280, 375.62
1024, 1024, 3360, 377.59
1024, 1024, 3440, 377.29
1024, 1024, 3520, 379.03
1024, 1024, 3600, 369.69
1024, 1024, 3680, 371.12
1024, 1024, 3760, 370.59
1024, 1024, 3840, 372.80
1024, 1024, 3920, 372.29
1024, 1024, 4000, 374.03
