bli_shgemm performance
MC = 512, KC = 1792, NC = 2048
m, n, k, GFLOPS
1024, 1024, 80, 193.71
1024, 1024, 160, 250.92
1024, 1024, 240, 282.62
1024, 1024, 320, 306.85
1024, 1024, 400, 317.61
1024, 1024, 480, 329.39
1024, 1024, 560, 329.82
1024, 1024, 640, 347.38
1024, 1024, 720, 344.40
1024, 1024, 800, 351.95
1024, 1024, 880, 355.18
1024, 1024, 960, 355.56
1024, 1024, 1040, 355.03
1024, 1024, 1120, 360.55
1024, 1024, 1200, 360.00
1024, 1024, 1280, 362.96
1024, 1024, 1360, 359.88
1024, 1024, 1440, 363.61
1024, 1024, 1520, 361.12
1024, 1024, 1600, 366.10
1024, 1024, 1680, 364.56
1024, 1024, 1760, 367.27
1024, 1024, 1840, 350.37
1024, 1024, 1920, 355.55
1024, 1024, 2000, 352.48
1024, 1024, 2080, 360.76
1024, 1024, 2160, 360.69
1024, 1024, 2240, 363.31
1024, 1024, 2320, 360.73
1024, 1024, 2400, 362.20
1024, 1024, 2480, 352.33
1024, 1024, 2560, 357.54
1024, 1024, 2640, 357.67
1024, 1024, 2720, 360.29
1024, 1024, 2800, 361.41
1024, 1024, 2880, 359.63
1024, 1024, 2960, 360.06
1024, 1024, 3040, 362.28
1024, 1024, 3120, 364.14
1024, 1024, 3200, 364.48
1024, 1024, 3280, 364.22
1024, 1024, 3360, 366.01
1024, 1024, 3440, 365.31
1024, 1024, 3520, 367.90
1024, 1024, 3600, 355.91
1024, 1024, 3680, 358.39
1024, 1024, 3760, 357.33
1024, 1024, 3840, 359.02
1024, 1024, 3920, 355.72
1024, 1024, 4000, 357.91
