bli_shgemm performance
MC = 256, KC = 1792, NC = 4096
m, n, k, GFLOPS
1024, 1024, 80, 207.41
1024, 1024, 160, 262.95
1024, 1024, 240, 297.18
1024, 1024, 320, 317.39
1024, 1024, 400, 329.75
1024, 1024, 480, 339.39
1024, 1024, 560, 347.01
1024, 1024, 640, 352.37
1024, 1024, 720, 355.39
1024, 1024, 800, 365.65
1024, 1024, 880, 363.64
1024, 1024, 960, 368.00
1024, 1024, 1040, 368.83
1024, 1024, 1120, 369.47
1024, 1024, 1200, 367.98
1024, 1024, 1280, 369.31
1024, 1024, 1360, 369.02
1024, 1024, 1440, 370.19
1024, 1024, 1520, 370.16
1024, 1024, 1600, 369.87
1024, 1024, 1680, 369.76
1024, 1024, 1760, 370.77
1024, 1024, 1840, 352.52
1024, 1024, 1920, 355.03
1024, 1024, 2000, 354.57
1024, 1024, 2080, 358.12
1024, 1024, 2160, 357.54
1024, 1024, 2240, 361.60
1024, 1024, 2320, 360.76
1024, 1024, 2400, 367.91
1024, 1024, 2480, 365.57
1024, 1024, 2560, 369.62
1024, 1024, 2640, 367.73
1024, 1024, 2720, 369.44
1024, 1024, 2800, 368.96
1024, 1024, 2880, 370.34
1024, 1024, 2960, 369.08
1024, 1024, 3040, 369.93
1024, 1024, 3120, 369.40
1024, 1024, 3200, 370.98
1024, 1024, 3280, 369.87
1024, 1024, 3360, 371.01
1024, 1024, 3440, 370.79
1024, 1024, 3520, 372.20
1024, 1024, 3600, 362.54
1024, 1024, 3680, 364.09
1024, 1024, 3760, 363.58
1024, 1024, 3840, 365.92
1024, 1024, 3920, 365.70
1024, 1024, 4000, 367.45
