bli_shgemm performance
MC = 512, KC = 2304, NC = 1024
m, n, k, GFLOPS
1024, 1024, 80, 209.52
1024, 1024, 160, 266.33
1024, 1024, 240, 293.60
1024, 1024, 320, 315.13
1024, 1024, 400, 321.56
1024, 1024, 480, 335.77
1024, 1024, 560, 338.87
1024, 1024, 640, 347.98
1024, 1024, 720, 350.15
1024, 1024, 800, 358.67
1024, 1024, 880, 358.87
1024, 1024, 960, 365.13
1024, 1024, 1040, 365.10
1024, 1024, 1120, 367.23
1024, 1024, 1200, 361.05
1024, 1024, 1280, 368.24
1024, 1024, 1360, 368.16
1024, 1024, 1440, 371.99
1024, 1024, 1520, 371.33
1024, 1024, 1600, 375.21
1024, 1024, 1680, 373.49
1024, 1024, 1760, 377.51
1024, 1024, 1840, 377.69
1024, 1024, 1920, 380.33
1024, 1024, 2000, 379.43
1024, 1024, 2080, 381.64
1024, 1024, 2160, 380.73
1024, 1024, 2240, 382.64
1024, 1024, 2320, 362.22
1024, 1024, 2400, 365.61
1024, 1024, 2480, 364.88
1024, 1024, 2560, 368.28
1024, 1024, 2640, 366.84
1024, 1024, 2720, 369.25
1024, 1024, 2800, 368.07
1024, 1024, 2880, 371.28
1024, 1024, 2960, 369.34
1024, 1024, 3040, 371.33
1024, 1024, 3120, 371.33
1024, 1024, 3200, 371.86
1024, 1024, 3280, 372.33
1024, 1024, 3360, 373.81
1024, 1024, 3440, 373.18
1024, 1024, 3520, 379.64
1024, 1024, 3600, 380.14
1024, 1024, 3680, 381.25
1024, 1024, 3760, 380.59
1024, 1024, 3840, 382.21
1024, 1024, 3920, 382.12
1024, 1024, 4000, 383.53
