bli_shgemm performance
MC = 512, KC = 3840, NC = 2048
m, n, k, GFLOPS
1024, 1024, 80, 207.96
1024, 1024, 160, 262.35
1024, 1024, 240, 293.67
1024, 1024, 320, 316.24
1024, 1024, 400, 326.04
1024, 1024, 480, 336.57
1024, 1024, 560, 343.94
1024, 1024, 640, 348.91
1024, 1024, 720, 351.67
1024, 1024, 800, 361.06
1024, 1024, 880, 361.15
1024, 1024, 960, 365.56
1024, 1024, 1040, 347.22
1024, 1024, 1120, 341.00
1024, 1024, 1200, 340.87
1024, 1024, 1280, 348.08
1024, 1024, 1360, 343.80
1024, 1024, 1440, 348.00
1024, 1024, 1520, 348.46
1024, 1024, 1600, 354.66
1024, 1024, 1680, 350.53
1024, 1024, 1760, 353.56
1024, 1024, 1840, 352.74
1024, 1024, 1920, 357.27
1024, 1024, 2000, 344.56
1024, 1024, 2080, 351.30
1024, 1024, 2160, 348.19
1024, 1024, 2240, 352.48
1024, 1024, 2320, 350.85
1024, 1024, 2400, 354.66
1024, 1024, 2480, 350.21
1024, 1024, 2560, 354.57
1024, 1024, 2640, 351.01
1024, 1024, 2720, 352.81
1024, 1024, 2800, 349.01
1024, 1024, 2880, 351.37
1024, 1024, 2960, 350.33
1024, 1024, 3040, 349.91
1024, 1024, 3120, 347.17
1024, 1024, 3200, 346.05
1024, 1024, 3280, 341.68
1024, 1024, 3360, 337.42
1024, 1024, 3440, 331.69
1024, 1024, 3520, 327.08
1024, 1024, 3600, 316.78
1024, 1024, 3680, 305.02
1024, 1024, 3760, 305.85
1024, 1024, 3840, 301.93
1024, 1024, 3920, 292.74
1024, 1024, 4000, 294.51
