bli_shgemm performance
MC = 640, KC = 2048, NC = 5120
m, n, k, GFLOPS
1024, 1024, 80, 204.23
1024, 1024, 160, 266.22
1024, 1024, 240, 298.22
1024, 1024, 320, 321.23
1024, 1024, 400, 332.74
1024, 1024, 480, 339.20
1024, 1024, 560, 344.30
1024, 1024, 640, 350.37
1024, 1024, 720, 351.65
1024, 1024, 800, 360.06
1024, 1024, 880, 360.06
1024, 1024, 960, 364.65
1024, 1024, 1040, 367.10
1024, 1024, 1120, 368.11
1024, 1024, 1200, 370.79
1024, 1024, 1280, 372.49
1024, 1024, 1360, 369.70
1024, 1024, 1440, 372.58
1024, 1024, 1520, 372.05
1024, 1024, 1600, 375.94
1024, 1024, 1680, 375.23
1024, 1024, 1760, 378.11
1024, 1024, 1840, 377.27
1024, 1024, 1920, 379.29
1024, 1024, 2000, 379.13
1024, 1024, 2080, 365.07
1024, 1024, 2160, 365.05
1024, 1024, 2240, 368.06
1024, 1024, 2320, 366.42
1024, 1024, 2400, 369.43
1024, 1024, 2480, 369.15
1024, 1024, 2560, 372.32
1024, 1024, 2640, 370.20
1024, 1024, 2720, 370.46
1024, 1024, 2800, 370.35
1024, 1024, 2880, 372.60
1024, 1024, 2960, 372.52
1024, 1024, 3040, 374.19
1024, 1024, 3120, 373.77
1024, 1024, 3200, 374.73
1024, 1024, 3280, 374.13
1024, 1024, 3360, 375.65
1024, 1024, 3440, 375.02
1024, 1024, 3520, 376.52
1024, 1024, 3600, 375.84
1024, 1024, 3680, 376.90
1024, 1024, 3760, 376.55
1024, 1024, 3840, 377.66
1024, 1024, 3920, 377.41
1024, 1024, 4000, 378.33
