bli_shgemm performance
MC = 256, KC = 3328, NC = 3072
m, n, k, GFLOPS
1024, 1024, 80, 208.97
1024, 1024, 160, 264.70
1024, 1024, 240, 295.82
1024, 1024, 320, 317.23
1024, 1024, 400, 328.69
1024, 1024, 480, 338.68
1024, 1024, 560, 344.74
1024, 1024, 640, 354.96
1024, 1024, 720, 358.60
1024, 1024, 800, 365.64
1024, 1024, 880, 361.14
1024, 1024, 960, 369.81
1024, 1024, 1040, 364.44
1024, 1024, 1120, 368.00
1024, 1024, 1200, 366.51
1024, 1024, 1280, 371.09
1024, 1024, 1360, 369.05
1024, 1024, 1440, 372.34
1024, 1024, 1520, 370.45
1024, 1024, 1600, 374.15
1024, 1024, 1680, 371.71
1024, 1024, 1760, 374.26
1024, 1024, 1840, 373.50
1024, 1024, 1920, 375.85
1024, 1024, 2000, 374.70
1024, 1024, 2080, 376.68
1024, 1024, 2160, 375.91
1024, 1024, 2240, 378.54
1024, 1024, 2320, 377.53
1024, 1024, 2400, 378.83
1024, 1024, 2480, 378.44
1024, 1024, 2560, 379.79
1024, 1024, 2640, 379.07
1024, 1024, 2720, 379.78
1024, 1024, 2800, 377.60
1024, 1024, 2880, 378.46
1024, 1024, 2960, 377.57
1024, 1024, 3040, 378.28
1024, 1024, 3120, 378.31
1024, 1024, 3200, 379.05
1024, 1024, 3280, 378.37
1024, 1024, 3360, 368.29
1024, 1024, 3440, 368.98
1024, 1024, 3520, 369.65
1024, 1024, 3600, 369.23
1024, 1024, 3680, 370.91
1024, 1024, 3760, 371.13
1024, 1024, 3840, 379.11
1024, 1024, 3920, 377.12
1024, 1024, 4000, 377.21
