bli_shgemm performance
MC = 512, KC = 1280, NC = 4096
m, n, k, GFLOPS
1024, 1024, 80, 206.21
1024, 1024, 160, 261.21
1024, 1024, 240, 286.20
1024, 1024, 320, 313.09
1024, 1024, 400, 321.58
1024, 1024, 480, 332.03
1024, 1024, 560, 339.89
1024, 1024, 640, 345.32
1024, 1024, 720, 341.37
1024, 1024, 800, 350.44
1024, 1024, 880, 352.50
1024, 1024, 960, 361.48
1024, 1024, 1040, 360.22
1024, 1024, 1120, 364.32
1024, 1024, 1200, 364.98
1024, 1024, 1280, 369.95
1024, 1024, 1360, 344.54
1024, 1024, 1440, 348.09
1024, 1024, 1520, 347.15
1024, 1024, 1600, 355.74
1024, 1024, 1680, 354.16
1024, 1024, 1760, 357.91
1024, 1024, 1840, 353.73
1024, 1024, 1920, 357.95
1024, 1024, 2000, 356.40
1024, 1024, 2080, 360.43
1024, 1024, 2160, 360.79
1024, 1024, 2240, 365.82
1024, 1024, 2320, 363.61
1024, 1024, 2400, 366.33
1024, 1024, 2480, 366.50
1024, 1024, 2560, 368.45
1024, 1024, 2640, 354.25
1024, 1024, 2720, 356.51
1024, 1024, 2800, 355.35
1024, 1024, 2880, 359.52
1024, 1024, 2960, 358.53
1024, 1024, 3040, 360.32
1024, 1024, 3120, 359.85
1024, 1024, 3200, 360.71
1024, 1024, 3280, 360.20
1024, 1024, 3360, 363.57
1024, 1024, 3440, 362.60
1024, 1024, 3520, 365.45
1024, 1024, 3600, 364.67
1024, 1024, 3680, 366.03
1024, 1024, 3760, 366.34
1024, 1024, 3840, 367.62
1024, 1024, 3920, 358.15
1024, 1024, 4000, 359.98
