bli_shgemm performance
MC = 384, KC = 3840, NC = 2048
m, n, k, GFLOPS
1024, 1024, 80, 201.79
1024, 1024, 160, 262.21
1024, 1024, 240, 294.59
1024, 1024, 320, 316.81
1024, 1024, 400, 327.48
1024, 1024, 480, 337.39
1024, 1024, 560, 343.53
1024, 1024, 640, 349.19
1024, 1024, 720, 352.49
1024, 1024, 800, 361.44
1024, 1024, 880, 362.09
1024, 1024, 960, 366.93
1024, 1024, 1040, 367.46
1024, 1024, 1120, 369.49
1024, 1024, 1200, 369.93
1024, 1024, 1280, 372.73
1024, 1024, 1360, 373.37
1024, 1024, 1440, 373.60
1024, 1024, 1520, 370.98
1024, 1024, 1600, 372.84
1024, 1024, 1680, 372.63
1024, 1024, 1760, 374.16
1024, 1024, 1840, 373.02
1024, 1024, 1920, 376.44
1024, 1024, 2000, 375.15
1024, 1024, 2080, 377.48
1024, 1024, 2160, 376.91
1024, 1024, 2240, 378.64
1024, 1024, 2320, 377.92
1024, 1024, 2400, 380.75
1024, 1024, 2480, 379.92
1024, 1024, 2560, 381.31
1024, 1024, 2640, 380.76
1024, 1024, 2720, 381.58
1024, 1024, 2800, 379.73
1024, 1024, 2880, 380.98
1024, 1024, 2960, 381.35
1024, 1024, 3040, 381.54
1024, 1024, 3120, 380.73
1024, 1024, 3200, 381.73
1024, 1024, 3280, 380.61
1024, 1024, 3360, 381.62
1024, 1024, 3440, 381.63
1024, 1024, 3520, 382.10
1024, 1024, 3600, 381.25
1024, 1024, 3680, 382.41
1024, 1024, 3760, 380.93
1024, 1024, 3840, 381.59
1024, 1024, 3920, 371.67
1024, 1024, 4000, 372.94
