bli_shgemm performance
MC = 512, KC = 1280, NC = 5120
m, n, k, GFLOPS
1024, 1024, 80, 203.33
1024, 1024, 160, 260.83
1024, 1024, 240, 289.83
1024, 1024, 320, 315.37
1024, 1024, 400, 325.69
1024, 1024, 480, 335.28
1024, 1024, 560, 342.54
1024, 1024, 640, 346.98
1024, 1024, 720, 348.13
1024, 1024, 800, 358.06
1024, 1024, 880, 353.30
1024, 1024, 960, 363.50
1024, 1024, 1040, 361.49
1024, 1024, 1120, 365.14
1024, 1024, 1200, 365.21
1024, 1024, 1280, 369.76
1024, 1024, 1360, 343.87
1024, 1024, 1440, 348.66
1024, 1024, 1520, 347.41
1024, 1024, 1600, 353.62
1024, 1024, 1680, 352.10
1024, 1024, 1760, 355.67
1024, 1024, 1840, 355.41
1024, 1024, 1920, 358.84
1024, 1024, 2000, 357.30
1024, 1024, 2080, 362.14
1024, 1024, 2160, 360.79
1024, 1024, 2240, 368.17
1024, 1024, 2320, 365.72
1024, 1024, 2400, 368.10
1024, 1024, 2480, 367.43
1024, 1024, 2560, 370.62
1024, 1024, 2640, 357.18
1024, 1024, 2720, 359.41
1024, 1024, 2800, 358.49
1024, 1024, 2880, 362.55
1024, 1024, 2960, 361.20
1024, 1024, 3040, 363.29
1024, 1024, 3120, 359.98
1024, 1024, 3200, 361.94
1024, 1024, 3280, 361.56
1024, 1024, 3360, 364.28
1024, 1024, 3440, 362.52
1024, 1024, 3520, 365.91
1024, 1024, 3600, 364.40
1024, 1024, 3680, 366.28
1024, 1024, 3760, 365.79
1024, 1024, 3840, 366.83
1024, 1024, 3920, 357.51
1024, 1024, 4000, 359.28
