bli_shgemm performance
MC = 256, KC = 3072, NC = 2048
m, n, k, GFLOPS
1024, 1024, 80, 211.35
1024, 1024, 160, 264.51
1024, 1024, 240, 293.39
1024, 1024, 320, 316.13
1024, 1024, 400, 328.98
1024, 1024, 480, 338.73
1024, 1024, 560, 347.32
1024, 1024, 640, 354.03
1024, 1024, 720, 357.44
1024, 1024, 800, 372.29
1024, 1024, 880, 361.20
1024, 1024, 960, 366.83
1024, 1024, 1040, 364.77
1024, 1024, 1120, 367.92
1024, 1024, 1200, 363.68
1024, 1024, 1280, 367.45
1024, 1024, 1360, 365.78
1024, 1024, 1440, 368.33
1024, 1024, 1520, 368.47
1024, 1024, 1600, 371.70
1024, 1024, 1680, 370.61
1024, 1024, 1760, 372.10
1024, 1024, 1840, 371.54
1024, 1024, 1920, 373.72
1024, 1024, 2000, 372.35
1024, 1024, 2080, 373.89
1024, 1024, 2160, 372.94
1024, 1024, 2240, 379.80
1024, 1024, 2320, 375.57
1024, 1024, 2400, 377.37
1024, 1024, 2480, 376.93
1024, 1024, 2560, 378.07
1024, 1024, 2640, 378.02
1024, 1024, 2720, 378.71
1024, 1024, 2800, 378.21
1024, 1024, 2880, 379.39
1024, 1024, 2960, 378.94
1024, 1024, 3040, 380.09
1024, 1024, 3120, 368.90
1024, 1024, 3200, 369.98
1024, 1024, 3280, 369.52
1024, 1024, 3360, 371.65
1024, 1024, 3440, 371.43
1024, 1024, 3520, 373.52
1024, 1024, 3600, 372.47
1024, 1024, 3680, 373.48
1024, 1024, 3760, 372.09
1024, 1024, 3840, 374.51
1024, 1024, 3920, 373.75
1024, 1024, 4000, 374.66
