bli_shgemm performance
MC = 640, KC = 2048, NC = 4096
m, n, k, GFLOPS
1024, 1024, 80, 203.52
1024, 1024, 160, 258.80
1024, 1024, 240, 287.94
1024, 1024, 320, 308.91
1024, 1024, 400, 320.01
1024, 1024, 480, 329.61
1024, 1024, 560, 339.47
1024, 1024, 640, 342.66
1024, 1024, 720, 347.86
1024, 1024, 800, 355.12
1024, 1024, 880, 358.31
1024, 1024, 960, 363.10
1024, 1024, 1040, 366.21
1024, 1024, 1120, 367.56
1024, 1024, 1200, 370.47
1024, 1024, 1280, 371.27
1024, 1024, 1360, 371.84
1024, 1024, 1440, 373.65
1024, 1024, 1520, 372.89
1024, 1024, 1600, 376.12
1024, 1024, 1680, 375.90
1024, 1024, 1760, 377.47
1024, 1024, 1840, 375.90
1024, 1024, 1920, 379.09
1024, 1024, 2000, 377.81
1024, 1024, 2080, 362.29
1024, 1024, 2160, 361.54
1024, 1024, 2240, 364.96
1024, 1024, 2320, 363.30
1024, 1024, 2400, 365.74
1024, 1024, 2480, 365.84
1024, 1024, 2560, 370.49
1024, 1024, 2640, 369.54
1024, 1024, 2720, 369.94
1024, 1024, 2800, 370.16
1024, 1024, 2880, 372.98
1024, 1024, 2960, 372.35
1024, 1024, 3040, 373.45
1024, 1024, 3120, 372.84
1024, 1024, 3200, 374.80
1024, 1024, 3280, 374.53
1024, 1024, 3360, 375.72
1024, 1024, 3440, 375.02
1024, 1024, 3520, 376.63
1024, 1024, 3600, 374.54
1024, 1024, 3680, 375.75
1024, 1024, 3760, 374.65
1024, 1024, 3840, 377.45
1024, 1024, 3920, 376.80
1024, 1024, 4000, 377.84
