bli_shgemm performance
MC = 640, KC = 3072, NC = 2048
m, n, k, GFLOPS
1024, 1024, 80, 202.59
1024, 1024, 160, 261.67
1024, 1024, 240, 297.64
1024, 1024, 320, 314.90
1024, 1024, 400, 327.23
1024, 1024, 480, 334.61
1024, 1024, 560, 342.31
1024, 1024, 640, 346.80
1024, 1024, 720, 347.32
1024, 1024, 800, 357.64
1024, 1024, 880, 354.59
1024, 1024, 960, 363.40
1024, 1024, 1040, 362.86
1024, 1024, 1120, 366.36
1024, 1024, 1200, 368.09
1024, 1024, 1280, 370.78
1024, 1024, 1360, 371.38
1024, 1024, 1440, 373.10
1024, 1024, 1520, 373.13
1024, 1024, 1600, 375.48
1024, 1024, 1680, 379.38
1024, 1024, 1760, 377.84
1024, 1024, 1840, 380.46
1024, 1024, 1920, 378.95
1024, 1024, 2000, 377.94
1024, 1024, 2080, 379.71
1024, 1024, 2160, 378.53
1024, 1024, 2240, 380.81
1024, 1024, 2320, 380.79
1024, 1024, 2400, 381.15
1024, 1024, 2480, 381.16
1024, 1024, 2560, 381.22
1024, 1024, 2640, 379.93
1024, 1024, 2720, 379.79
1024, 1024, 2800, 378.87
1024, 1024, 2880, 375.42
1024, 1024, 2960, 372.18
1024, 1024, 3040, 367.95
1024, 1024, 3120, 356.24
1024, 1024, 3200, 357.95
1024, 1024, 3280, 357.15
1024, 1024, 3360, 359.17
1024, 1024, 3440, 357.81
1024, 1024, 3520, 361.29
1024, 1024, 3600, 361.16
1024, 1024, 3680, 361.99
1024, 1024, 3760, 359.89
1024, 1024, 3840, 363.58
1024, 1024, 3920, 363.05
1024, 1024, 4000, 366.53
