bli_shgemm performance
MC = 256, KC = 3328, NC = 2048
m, n, k, GFLOPS
1024, 1024, 80, 210.41
1024, 1024, 160, 266.79
1024, 1024, 240, 295.46
1024, 1024, 320, 317.31
1024, 1024, 400, 330.20
1024, 1024, 480, 339.41
1024, 1024, 560, 345.30
1024, 1024, 640, 351.06
1024, 1024, 720, 354.29
1024, 1024, 800, 362.25
1024, 1024, 880, 361.76
1024, 1024, 960, 366.52
1024, 1024, 1040, 364.20
1024, 1024, 1120, 367.32
1024, 1024, 1200, 366.76
1024, 1024, 1280, 370.83
1024, 1024, 1360, 368.92
1024, 1024, 1440, 368.59
1024, 1024, 1520, 367.63
1024, 1024, 1600, 371.14
1024, 1024, 1680, 369.28
1024, 1024, 1760, 371.07
1024, 1024, 1840, 370.19
1024, 1024, 1920, 373.90
1024, 1024, 2000, 372.51
1024, 1024, 2080, 373.86
1024, 1024, 2160, 372.59
1024, 1024, 2240, 375.72
1024, 1024, 2320, 374.42
1024, 1024, 2400, 378.51
1024, 1024, 2480, 377.63
1024, 1024, 2560, 379.24
1024, 1024, 2640, 378.86
1024, 1024, 2720, 379.93
1024, 1024, 2800, 378.97
1024, 1024, 2880, 380.63
1024, 1024, 2960, 380.57
1024, 1024, 3040, 380.73
1024, 1024, 3120, 380.33
1024, 1024, 3200, 380.97
1024, 1024, 3280, 381.21
1024, 1024, 3360, 371.51
1024, 1024, 3440, 371.19
1024, 1024, 3520, 372.84
1024, 1024, 3600, 371.88
1024, 1024, 3680, 374.17
1024, 1024, 3760, 373.97
1024, 1024, 3840, 375.68
1024, 1024, 3920, 374.99
1024, 1024, 4000, 374.29
