bli_shgemm performance
MC = 640, KC = 1024, NC = 2048
m, n, k, GFLOPS
1024, 1024, 80, 207.35
1024, 1024, 160, 263.65
1024, 1024, 240, 294.47
1024, 1024, 320, 310.18
1024, 1024, 400, 323.65
1024, 1024, 480, 331.47
1024, 1024, 560, 339.43
1024, 1024, 640, 346.55
1024, 1024, 720, 345.73
1024, 1024, 800, 355.30
1024, 1024, 880, 355.76
1024, 1024, 960, 363.60
1024, 1024, 1040, 333.99
1024, 1024, 1120, 337.99
1024, 1024, 1200, 337.95
1024, 1024, 1280, 344.02
1024, 1024, 1360, 345.97
1024, 1024, 1440, 352.30
1024, 1024, 1520, 350.67
1024, 1024, 1600, 357.57
1024, 1024, 1680, 353.48
1024, 1024, 1760, 359.33
1024, 1024, 1840, 359.58
1024, 1024, 1920, 362.63
1024, 1024, 2000, 362.30
1024, 1024, 2080, 346.33
1024, 1024, 2160, 345.41
1024, 1024, 2240, 350.23
1024, 1024, 2320, 347.04
1024, 1024, 2400, 352.42
1024, 1024, 2480, 351.36
1024, 1024, 2560, 356.07
1024, 1024, 2640, 354.35
1024, 1024, 2720, 357.49
1024, 1024, 2800, 357.37
1024, 1024, 2880, 361.60
1024, 1024, 2960, 361.45
1024, 1024, 3040, 363.79
1024, 1024, 3120, 352.94
1024, 1024, 3200, 355.62
1024, 1024, 3280, 354.59
1024, 1024, 3360, 356.70
1024, 1024, 3440, 356.06
1024, 1024, 3520, 361.09
1024, 1024, 3600, 359.23
1024, 1024, 3680, 361.60
1024, 1024, 3760, 360.16
1024, 1024, 3840, 363.37
1024, 1024, 3920, 362.68
1024, 1024, 4000, 365.31
