bli_shgemm performance
MC = 640, KC = 1792, NC = 5120
m, n, k, GFLOPS
1024, 1024, 80, 203.79
1024, 1024, 160, 261.68
1024, 1024, 240, 288.70
1024, 1024, 320, 309.35
1024, 1024, 400, 322.54
1024, 1024, 480, 330.11
1024, 1024, 560, 339.38
1024, 1024, 640, 345.08
1024, 1024, 720, 347.75
1024, 1024, 800, 356.48
1024, 1024, 880, 357.29
1024, 1024, 960, 364.25
1024, 1024, 1040, 364.43
1024, 1024, 1120, 368.98
1024, 1024, 1200, 368.07
1024, 1024, 1280, 370.10
1024, 1024, 1360, 370.24
1024, 1024, 1440, 374.09
1024, 1024, 1520, 373.66
1024, 1024, 1600, 377.82
1024, 1024, 1680, 376.04
1024, 1024, 1760, 377.92
1024, 1024, 1840, 359.82
1024, 1024, 1920, 363.06
1024, 1024, 2000, 361.75
1024, 1024, 2080, 364.68
1024, 1024, 2160, 364.26
1024, 1024, 2240, 365.44
1024, 1024, 2320, 363.34
1024, 1024, 2400, 364.78
1024, 1024, 2480, 364.88
1024, 1024, 2560, 369.60
1024, 1024, 2640, 367.60
1024, 1024, 2720, 369.79
1024, 1024, 2800, 369.04
1024, 1024, 2880, 371.38
1024, 1024, 2960, 371.16
1024, 1024, 3040, 372.02
1024, 1024, 3120, 372.19
1024, 1024, 3200, 375.39
1024, 1024, 3280, 374.14
1024, 1024, 3360, 374.85
1024, 1024, 3440, 374.42
1024, 1024, 3520, 376.43
1024, 1024, 3600, 366.70
1024, 1024, 3680, 367.81
1024, 1024, 3760, 367.04
1024, 1024, 3840, 368.71
1024, 1024, 3920, 368.73
1024, 1024, 4000, 370.15
