bli_shgemm performance
MC = 384, KC = 1536, NC = 4096
m, n, k, GFLOPS
1024, 1024, 80, 207.29
1024, 1024, 160, 267.66
1024, 1024, 240, 295.11
1024, 1024, 320, 318.76
1024, 1024, 400, 329.34
1024, 1024, 480, 336.15
1024, 1024, 560, 345.22
1024, 1024, 640, 342.57
1024, 1024, 720, 344.01
1024, 1024, 800, 353.69
1024, 1024, 880, 352.80
1024, 1024, 960, 363.01
1024, 1024, 1040, 361.60
1024, 1024, 1120, 364.46
1024, 1024, 1200, 364.33
1024, 1024, 1280, 368.17
1024, 1024, 1360, 367.30
1024, 1024, 1440, 370.70
1024, 1024, 1520, 369.94
1024, 1024, 1600, 351.72
1024, 1024, 1680, 350.15
1024, 1024, 1760, 354.22
1024, 1024, 1840, 354.15
1024, 1024, 1920, 359.34
1024, 1024, 2000, 357.44
1024, 1024, 2080, 360.29
1024, 1024, 2160, 359.54
1024, 1024, 2240, 361.79
1024, 1024, 2320, 361.44
1024, 1024, 2400, 364.98
1024, 1024, 2480, 364.20
1024, 1024, 2560, 368.65
1024, 1024, 2640, 368.26
1024, 1024, 2720, 369.62
1024, 1024, 2800, 369.10
1024, 1024, 2880, 371.26
1024, 1024, 2960, 371.90
1024, 1024, 3040, 372.77
1024, 1024, 3120, 366.39
1024, 1024, 3200, 367.95
1024, 1024, 3280, 367.77
1024, 1024, 3360, 369.25
1024, 1024, 3440, 368.75
1024, 1024, 3520, 371.45
1024, 1024, 3600, 369.44
1024, 1024, 3680, 371.22
1024, 1024, 3760, 369.27
1024, 1024, 3840, 372.39
1024, 1024, 3920, 371.86
1024, 1024, 4000, 373.12
