bli_shgemm performance
MC = 512, KC = 1024, NC = 1024
m, n, k, GFLOPS
1024, 1024, 80, 210.24
1024, 1024, 160, 262.89
1024, 1024, 240, 292.59
1024, 1024, 320, 315.71
1024, 1024, 400, 326.62
1024, 1024, 480, 336.03
1024, 1024, 560, 338.98
1024, 1024, 640, 343.04
1024, 1024, 720, 344.68
1024, 1024, 800, 354.54
1024, 1024, 880, 357.34
1024, 1024, 960, 363.33
1024, 1024, 1040, 333.24
1024, 1024, 1120, 337.57
1024, 1024, 1200, 338.44
1024, 1024, 1280, 344.05
1024, 1024, 1360, 344.27
1024, 1024, 1440, 349.36
1024, 1024, 1520, 348.10
1024, 1024, 1600, 358.24
1024, 1024, 1680, 353.85
1024, 1024, 1760, 359.91
1024, 1024, 1840, 358.02
1024, 1024, 1920, 363.46
1024, 1024, 2000, 360.14
1024, 1024, 2080, 351.04
1024, 1024, 2160, 349.79
1024, 1024, 2240, 355.55
1024, 1024, 2320, 351.51
1024, 1024, 2400, 356.30
1024, 1024, 2480, 355.18
1024, 1024, 2560, 360.00
1024, 1024, 2640, 354.61
1024, 1024, 2720, 357.24
1024, 1024, 2800, 357.04
1024, 1024, 2880, 361.34
1024, 1024, 2960, 360.14
1024, 1024, 3040, 362.97
1024, 1024, 3120, 351.54
1024, 1024, 3200, 354.87
1024, 1024, 3280, 354.07
1024, 1024, 3360, 355.64
1024, 1024, 3440, 356.12
1024, 1024, 3520, 360.73
1024, 1024, 3600, 357.90
1024, 1024, 3680, 360.37
1024, 1024, 3760, 359.40
1024, 1024, 3840, 362.72
1024, 1024, 3920, 361.41
1024, 1024, 4000, 364.09
