bli_shgemm performance
MC = 256, KC = 256, NC = 1024
m, n, k, GFLOPS
1024, 1024, 80, 204.41
1024, 1024, 160, 263.70
1024, 1024, 240, 295.92
1024, 1024, 320, 262.01
1024, 1024, 400, 271.95
1024, 1024, 480, 291.56
1024, 1024, 560, 273.85
1024, 1024, 640, 287.01
1024, 1024, 720, 288.24
1024, 1024, 800, 283.56
1024, 1024, 880, 284.08
1024, 1024, 960, 297.99
1024, 1024, 1040, 279.66
1024, 1024, 1120, 290.57
1024, 1024, 1200, 288.70
1024, 1024, 1280, 301.28
1024, 1024, 1360, 286.19
1024, 1024, 1440, 296.10
1024, 1024, 1520, 293.60
1024, 1024, 1600, 295.73
1024, 1024, 1680, 290.10
1024, 1024, 1760, 299.42
1024, 1024, 1840, 288.27
1024, 1024, 1920, 297.61
1024, 1024, 2000, 293.21
1024, 1024, 2080, 293.63
1024, 1024, 2160, 290.58
1024, 1024, 2240, 301.16
1024, 1024, 2320, 288.07
1024, 1024, 2400, 295.65
1024, 1024, 2480, 293.04
1024, 1024, 2560, 301.79
1024, 1024, 2640, 290.55
1024, 1024, 2720, 297.24
1024, 1024, 2800, 295.47
1024, 1024, 2880, 297.77
1024, 1024, 2960, 291.99
1024, 1024, 3040, 299.33
1024, 1024, 3120, 313.47
1024, 1024, 3200, 314.67
1024, 1024, 3280, 316.48
1024, 1024, 3360, 312.94
1024, 1024, 3440, 314.50
1024, 1024, 3520, 316.46
1024, 1024, 3600, 312.32
1024, 1024, 3680, 314.87
1024, 1024, 3760, 315.63
1024, 1024, 3840, 318.35
1024, 1024, 3920, 313.74
1024, 1024, 4000, 316.26
