bli_shgemm performance
MC = 256, KC = 3840, NC = 1024
m, n, k, GFLOPS
1024, 1024, 80, 207.46
1024, 1024, 160, 266.36
1024, 1024, 240, 295.72
1024, 1024, 320, 316.87
1024, 1024, 400, 325.31
1024, 1024, 480, 337.39
1024, 1024, 560, 341.13
1024, 1024, 640, 352.47
1024, 1024, 720, 352.28
1024, 1024, 800, 362.33
1024, 1024, 880, 363.35
1024, 1024, 960, 369.37
1024, 1024, 1040, 359.24
1024, 1024, 1120, 366.23
1024, 1024, 1200, 363.56
1024, 1024, 1280, 367.17
1024, 1024, 1360, 366.08
1024, 1024, 1440, 368.82
1024, 1024, 1520, 368.31
1024, 1024, 1600, 371.75
1024, 1024, 1680, 370.82
1024, 1024, 1760, 371.25
1024, 1024, 1840, 371.88
1024, 1024, 1920, 374.24
1024, 1024, 2000, 373.89
1024, 1024, 2080, 374.39
1024, 1024, 2160, 373.94
1024, 1024, 2240, 375.69
1024, 1024, 2320, 375.40
1024, 1024, 2400, 376.51
1024, 1024, 2480, 378.56
1024, 1024, 2560, 378.68
1024, 1024, 2640, 378.73
1024, 1024, 2720, 379.66
1024, 1024, 2800, 377.73
1024, 1024, 2880, 378.33
1024, 1024, 2960, 378.54
1024, 1024, 3040, 379.19
1024, 1024, 3120, 378.48
1024, 1024, 3200, 379.50
1024, 1024, 3280, 378.65
1024, 1024, 3360, 379.15
1024, 1024, 3440, 379.37
1024, 1024, 3520, 379.56
1024, 1024, 3600, 379.89
1024, 1024, 3680, 379.60
1024, 1024, 3760, 379.02
1024, 1024, 3840, 379.72
1024, 1024, 3920, 367.39
1024, 1024, 4000, 370.77
