bli_shgemm performance
MC = 384, KC = 3328, NC = 5120
m, n, k, GFLOPS
1024, 1024, 80, 199.43
1024, 1024, 160, 254.64
1024, 1024, 240, 285.63
1024, 1024, 320, 301.31
1024, 1024, 400, 312.07
1024, 1024, 480, 325.33
1024, 1024, 560, 328.42
1024, 1024, 640, 337.45
1024, 1024, 720, 336.83
1024, 1024, 800, 346.67
1024, 1024, 880, 344.07
1024, 1024, 960, 351.03
1024, 1024, 1040, 350.47
1024, 1024, 1120, 354.11
1024, 1024, 1200, 353.89
1024, 1024, 1280, 357.12
1024, 1024, 1360, 357.38
1024, 1024, 1440, 361.11
1024, 1024, 1520, 360.14
1024, 1024, 1600, 363.33
1024, 1024, 1680, 361.26
1024, 1024, 1760, 363.47
1024, 1024, 1840, 362.05
1024, 1024, 1920, 365.48
1024, 1024, 2000, 363.90
1024, 1024, 2080, 365.91
1024, 1024, 2160, 365.50
1024, 1024, 2240, 367.81
1024, 1024, 2320, 366.68
1024, 1024, 2400, 368.21
1024, 1024, 2480, 368.27
1024, 1024, 2560, 369.38
1024, 1024, 2640, 369.21
1024, 1024, 2720, 369.62
1024, 1024, 2800, 369.60
1024, 1024, 2880, 371.25
1024, 1024, 2960, 370.03
1024, 1024, 3040, 370.85
1024, 1024, 3120, 371.17
1024, 1024, 3200, 370.86
1024, 1024, 3280, 371.05
1024, 1024, 3360, 360.91
1024, 1024, 3440, 360.43
1024, 1024, 3520, 361.64
1024, 1024, 3600, 362.16
1024, 1024, 3680, 363.58
1024, 1024, 3760, 362.75
1024, 1024, 3840, 365.87
1024, 1024, 3920, 365.18
1024, 1024, 4000, 364.49
