bli_shgemm performance
MC = 512, KC = 512, NC = 1024
m, n, k, GFLOPS
1024, 1024, 80, 209.11
1024, 1024, 160, 268.07
1024, 1024, 240, 297.01
1024, 1024, 320, 314.38
1024, 1024, 400, 323.44
1024, 1024, 480, 336.38
1024, 1024, 560, 301.60
1024, 1024, 640, 310.94
1024, 1024, 720, 313.30
1024, 1024, 800, 316.32
1024, 1024, 880, 316.97
1024, 1024, 960, 329.75
1024, 1024, 1040, 306.21
1024, 1024, 1120, 313.50
1024, 1024, 1200, 312.55
1024, 1024, 1280, 321.62
1024, 1024, 1360, 319.18
1024, 1024, 1440, 332.89
1024, 1024, 1520, 330.25
1024, 1024, 1600, 325.00
1024, 1024, 1680, 321.09
1024, 1024, 1760, 328.68
1024, 1024, 1840, 326.93
1024, 1024, 1920, 334.85
1024, 1024, 2000, 331.73
1024, 1024, 2080, 326.95
1024, 1024, 2160, 325.26
1024, 1024, 2240, 331.38
1024, 1024, 2320, 329.26
1024, 1024, 2400, 334.29
1024, 1024, 2480, 333.54
1024, 1024, 2560, 337.90
1024, 1024, 2640, 326.45
1024, 1024, 2720, 330.82
1024, 1024, 2800, 329.77
1024, 1024, 2880, 338.26
1024, 1024, 2960, 335.23
1024, 1024, 3040, 339.02
1024, 1024, 3120, 330.15
1024, 1024, 3200, 335.40
1024, 1024, 3280, 333.27
1024, 1024, 3360, 336.85
1024, 1024, 3440, 335.30
1024, 1024, 3520, 341.75
1024, 1024, 3600, 332.45
1024, 1024, 3680, 335.83
1024, 1024, 3760, 333.44
1024, 1024, 3840, 339.26
1024, 1024, 3920, 336.79
1024, 1024, 4000, 340.55
