bli_shgemm performance
MC = 512, KC = 3328, NC = 4096
m, n, k, GFLOPS
1024, 1024, 80, 199.46
1024, 1024, 160, 254.37
1024, 1024, 240, 284.65
1024, 1024, 320, 310.06
1024, 1024, 400, 322.79
1024, 1024, 480, 335.44
1024, 1024, 560, 342.89
1024, 1024, 640, 349.52
1024, 1024, 720, 349.28
1024, 1024, 800, 359.69
1024, 1024, 880, 361.75
1024, 1024, 960, 367.32
1024, 1024, 1040, 368.83
1024, 1024, 1120, 370.94
1024, 1024, 1200, 372.57
1024, 1024, 1280, 374.35
1024, 1024, 1360, 374.87
1024, 1024, 1440, 376.05
1024, 1024, 1520, 376.30
1024, 1024, 1600, 378.69
1024, 1024, 1680, 376.15
1024, 1024, 1760, 377.75
1024, 1024, 1840, 377.74
1024, 1024, 1920, 379.95
1024, 1024, 2000, 379.29
1024, 1024, 2080, 380.77
1024, 1024, 2160, 380.98
1024, 1024, 2240, 382.62
1024, 1024, 2320, 381.84
1024, 1024, 2400, 382.32
1024, 1024, 2480, 382.20
1024, 1024, 2560, 381.30
1024, 1024, 2640, 379.94
1024, 1024, 2720, 381.99
1024, 1024, 2800, 380.97
1024, 1024, 2880, 383.38
1024, 1024, 2960, 382.37
1024, 1024, 3040, 383.13
1024, 1024, 3120, 383.15
1024, 1024, 3200, 381.94
1024, 1024, 3280, 379.83
1024, 1024, 3360, 363.85
1024, 1024, 3440, 363.79
1024, 1024, 3520, 365.39
1024, 1024, 3600, 365.34
1024, 1024, 3680, 367.51
1024, 1024, 3760, 367.52
1024, 1024, 3840, 375.15
1024, 1024, 3920, 373.15
1024, 1024, 4000, 371.81
