bli_shgemm performance
MC = 384, KC = 768, NC = 3072
m, n, k, GFLOPS
1024, 1024, 80, 205.67
1024, 1024, 160, 263.25
1024, 1024, 240, 295.52
1024, 1024, 320, 317.39
1024, 1024, 400, 323.24
1024, 1024, 480, 335.94
1024, 1024, 560, 340.95
1024, 1024, 640, 349.84
1024, 1024, 720, 350.38
1024, 1024, 800, 327.19
1024, 1024, 880, 330.25
1024, 1024, 960, 336.75
1024, 1024, 1040, 336.99
1024, 1024, 1120, 344.03
1024, 1024, 1200, 344.74
1024, 1024, 1280, 352.80
1024, 1024, 1360, 348.97
1024, 1024, 1440, 352.84
1024, 1024, 1520, 351.98
1024, 1024, 1600, 342.32
1024, 1024, 1680, 340.85
1024, 1024, 1760, 345.46
1024, 1024, 1840, 344.67
1024, 1024, 1920, 351.20
1024, 1024, 2000, 349.58
1024, 1024, 2080, 353.61
1024, 1024, 2160, 351.16
1024, 1024, 2240, 356.15
1024, 1024, 2320, 342.18
1024, 1024, 2400, 346.58
1024, 1024, 2480, 345.60
1024, 1024, 2560, 349.89
1024, 1024, 2640, 352.74
1024, 1024, 2720, 356.88
1024, 1024, 2800, 356.09
1024, 1024, 2880, 359.86
1024, 1024, 2960, 358.38
1024, 1024, 3040, 361.56
1024, 1024, 3120, 351.89
1024, 1024, 3200, 354.22
1024, 1024, 3280, 353.62
1024, 1024, 3360, 357.03
1024, 1024, 3440, 356.29
1024, 1024, 3520, 360.20
1024, 1024, 3600, 358.18
1024, 1024, 3680, 361.17
1024, 1024, 3760, 359.25
1024, 1024, 3840, 362.89
1024, 1024, 3920, 354.24
1024, 1024, 4000, 356.78
