bli_shgemm performance
MC = 640, KC = 3840, NC = 3072
m, n, k, GFLOPS
1024, 1024, 80, 204.86
1024, 1024, 160, 259.24
1024, 1024, 240, 285.55
1024, 1024, 320, 309.59
1024, 1024, 400, 320.18
1024, 1024, 480, 331.01
1024, 1024, 560, 336.45
1024, 1024, 640, 341.89
1024, 1024, 720, 346.29
1024, 1024, 800, 354.52
1024, 1024, 880, 356.23
1024, 1024, 960, 363.30
1024, 1024, 1040, 365.12
1024, 1024, 1120, 367.06
1024, 1024, 1200, 367.64
1024, 1024, 1280, 371.38
1024, 1024, 1360, 369.94
1024, 1024, 1440, 373.02
1024, 1024, 1520, 372.59
1024, 1024, 1600, 376.81
1024, 1024, 1680, 375.47
1024, 1024, 1760, 376.91
1024, 1024, 1840, 378.24
1024, 1024, 1920, 378.77
1024, 1024, 2000, 378.90
1024, 1024, 2080, 380.04
1024, 1024, 2160, 379.51
1024, 1024, 2240, 380.35
1024, 1024, 2320, 380.46
1024, 1024, 2400, 380.56
1024, 1024, 2480, 380.18
1024, 1024, 2560, 380.16
1024, 1024, 2640, 377.84
1024, 1024, 2720, 373.75
1024, 1024, 2800, 367.36
1024, 1024, 2880, 343.34
1024, 1024, 2960, 343.55
1024, 1024, 3040, 342.86
1024, 1024, 3120, 343.07
1024, 1024, 3200, 343.29
1024, 1024, 3280, 341.82
1024, 1024, 3360, 342.04
1024, 1024, 3440, 338.51
1024, 1024, 3520, 338.39
1024, 1024, 3600, 334.68
1024, 1024, 3680, 333.35
1024, 1024, 3760, 330.91
1024, 1024, 3840, 315.91
1024, 1024, 3920, 315.05
1024, 1024, 4000, 318.31
