bli_shgemm performance
MC = 512, KC = 1536, NC = 2048
m, n, k, GFLOPS
1024, 1024, 80, 208.90
1024, 1024, 160, 265.61
1024, 1024, 240, 294.00
1024, 1024, 320, 316.44
1024, 1024, 400, 332.11
1024, 1024, 480, 338.34
1024, 1024, 560, 344.48
1024, 1024, 640, 348.77
1024, 1024, 720, 353.45
1024, 1024, 800, 354.17
1024, 1024, 880, 355.23
1024, 1024, 960, 363.20
1024, 1024, 1040, 363.73
1024, 1024, 1120, 367.09
1024, 1024, 1200, 367.23
1024, 1024, 1280, 370.00
1024, 1024, 1360, 370.93
1024, 1024, 1440, 373.71
1024, 1024, 1520, 372.71
1024, 1024, 1600, 358.70
1024, 1024, 1680, 357.65
1024, 1024, 1760, 361.00
1024, 1024, 1840, 361.06
1024, 1024, 1920, 364.77
1024, 1024, 2000, 363.86
1024, 1024, 2080, 362.70
1024, 1024, 2160, 360.82
1024, 1024, 2240, 364.34
1024, 1024, 2320, 362.66
1024, 1024, 2400, 365.41
1024, 1024, 2480, 365.52
1024, 1024, 2560, 368.54
1024, 1024, 2640, 367.46
1024, 1024, 2720, 369.44
1024, 1024, 2800, 369.07
1024, 1024, 2880, 371.33
1024, 1024, 2960, 370.10
1024, 1024, 3040, 371.71
1024, 1024, 3120, 359.84
1024, 1024, 3200, 361.53
1024, 1024, 3280, 361.12
1024, 1024, 3360, 363.48
1024, 1024, 3440, 362.77
1024, 1024, 3520, 365.35
1024, 1024, 3600, 363.88
1024, 1024, 3680, 366.09
1024, 1024, 3760, 365.29
1024, 1024, 3840, 367.55
1024, 1024, 3920, 370.04
1024, 1024, 4000, 372.64
