bli_shgemm performance
MC = 384, KC = 4096, NC = 2048
m, n, k, GFLOPS
1024, 1024, 80, 202.65
1024, 1024, 160, 263.88
1024, 1024, 240, 299.38
1024, 1024, 320, 320.75
1024, 1024, 400, 330.28
1024, 1024, 480, 338.97
1024, 1024, 560, 346.08
1024, 1024, 640, 350.57
1024, 1024, 720, 352.63
1024, 1024, 800, 359.97
1024, 1024, 880, 361.46
1024, 1024, 960, 365.48
1024, 1024, 1040, 365.51
1024, 1024, 1120, 366.79
1024, 1024, 1200, 368.82
1024, 1024, 1280, 371.07
1024, 1024, 1360, 371.60
1024, 1024, 1440, 372.71
1024, 1024, 1520, 373.48
1024, 1024, 1600, 373.12
1024, 1024, 1680, 371.25
1024, 1024, 1760, 374.17
1024, 1024, 1840, 373.44
1024, 1024, 1920, 375.90
1024, 1024, 2000, 375.83
1024, 1024, 2080, 377.17
1024, 1024, 2160, 376.35
1024, 1024, 2240, 379.52
1024, 1024, 2320, 378.85
1024, 1024, 2400, 379.64
1024, 1024, 2480, 379.71
1024, 1024, 2560, 381.07
1024, 1024, 2640, 379.90
1024, 1024, 2720, 381.58
1024, 1024, 2800, 380.61
1024, 1024, 2880, 381.67
1024, 1024, 2960, 381.12
1024, 1024, 3040, 382.31
1024, 1024, 3120, 376.71
1024, 1024, 3200, 382.83
1024, 1024, 3280, 381.49
1024, 1024, 3360, 382.79
1024, 1024, 3440, 381.77
1024, 1024, 3520, 382.85
1024, 1024, 3600, 381.75
1024, 1024, 3680, 382.77
1024, 1024, 3760, 382.24
1024, 1024, 3840, 381.90
1024, 1024, 3920, 381.50
1024, 1024, 4000, 381.46
