bli_shgemm performance
MC = 512, KC = 1024, NC = 2048
m, n, k, GFLOPS
1024, 1024, 80, 208.86
1024, 1024, 160, 265.90
1024, 1024, 240, 292.47
1024, 1024, 320, 317.42
1024, 1024, 400, 326.20
1024, 1024, 480, 335.93
1024, 1024, 560, 337.18
1024, 1024, 640, 343.08
1024, 1024, 720, 347.69
1024, 1024, 800, 355.48
1024, 1024, 880, 356.65
1024, 1024, 960, 363.72
1024, 1024, 1040, 339.07
1024, 1024, 1120, 342.02
1024, 1024, 1200, 342.68
1024, 1024, 1280, 347.96
1024, 1024, 1360, 348.49
1024, 1024, 1440, 353.15
1024, 1024, 1520, 350.60
1024, 1024, 1600, 358.03
1024, 1024, 1680, 355.89
1024, 1024, 1760, 359.76
1024, 1024, 1840, 357.67
1024, 1024, 1920, 362.64
1024, 1024, 2000, 363.22
1024, 1024, 2080, 346.56
1024, 1024, 2160, 346.25
1024, 1024, 2240, 350.16
1024, 1024, 2320, 348.86
1024, 1024, 2400, 352.45
1024, 1024, 2480, 351.16
1024, 1024, 2560, 355.61
1024, 1024, 2640, 362.07
1024, 1024, 2720, 362.99
1024, 1024, 2800, 363.81
1024, 1024, 2880, 366.59
1024, 1024, 2960, 365.83
1024, 1024, 3040, 368.20
1024, 1024, 3120, 357.36
1024, 1024, 3200, 360.24
1024, 1024, 3280, 359.20
1024, 1024, 3360, 360.75
1024, 1024, 3440, 360.81
1024, 1024, 3520, 363.55
1024, 1024, 3600, 362.82
1024, 1024, 3680, 365.01
1024, 1024, 3760, 363.36
1024, 1024, 3840, 366.92
1024, 1024, 3920, 365.67
1024, 1024, 4000, 367.80
