bli_shgemm performance
MC = 512, KC = 3328, NC = 5120
m, n, k, GFLOPS
1024, 1024, 80, 203.95
1024, 1024, 160, 253.01
1024, 1024, 240, 283.71
1024, 1024, 320, 302.08
1024, 1024, 400, 309.14
1024, 1024, 480, 321.67
1024, 1024, 560, 323.53
1024, 1024, 640, 332.92
1024, 1024, 720, 334.03
1024, 1024, 800, 344.06
1024, 1024, 880, 343.96
1024, 1024, 960, 352.25
1024, 1024, 1040, 350.50
1024, 1024, 1120, 354.67
1024, 1024, 1200, 353.66
1024, 1024, 1280, 358.73
1024, 1024, 1360, 357.61
1024, 1024, 1440, 362.14
1024, 1024, 1520, 361.60
1024, 1024, 1600, 365.19
1024, 1024, 1680, 364.36
1024, 1024, 1760, 367.43
1024, 1024, 1840, 366.34
1024, 1024, 1920, 368.51
1024, 1024, 2000, 368.14
1024, 1024, 2080, 370.04
1024, 1024, 2160, 369.59
1024, 1024, 2240, 370.94
1024, 1024, 2320, 370.89
1024, 1024, 2400, 371.01
1024, 1024, 2480, 370.84
1024, 1024, 2560, 371.29
1024, 1024, 2640, 371.54
1024, 1024, 2720, 372.29
1024, 1024, 2800, 371.63
1024, 1024, 2880, 371.94
1024, 1024, 2960, 371.46
1024, 1024, 3040, 370.65
1024, 1024, 3120, 371.42
1024, 1024, 3200, 371.30
1024, 1024, 3280, 369.85
1024, 1024, 3360, 359.80
1024, 1024, 3440, 359.47
1024, 1024, 3520, 363.30
1024, 1024, 3600, 362.01
1024, 1024, 3680, 363.59
1024, 1024, 3760, 363.87
1024, 1024, 3840, 364.47
1024, 1024, 3920, 354.49
1024, 1024, 4000, 343.85
