bli_shgemm performance
MC = 640, KC = 512, NC = 1024
m, n, k, GFLOPS
1024, 1024, 80, 207.44
1024, 1024, 160, 258.01
1024, 1024, 240, 287.43
1024, 1024, 320, 309.87
1024, 1024, 400, 316.08
1024, 1024, 480, 327.17
1024, 1024, 560, 287.78
1024, 1024, 640, 302.30
1024, 1024, 720, 304.57
1024, 1024, 800, 316.69
1024, 1024, 880, 318.68
1024, 1024, 960, 330.72
1024, 1024, 1040, 304.25
1024, 1024, 1120, 313.16
1024, 1024, 1200, 309.89
1024, 1024, 1280, 320.28
1024, 1024, 1360, 318.32
1024, 1024, 1440, 327.40
1024, 1024, 1520, 330.25
1024, 1024, 1600, 325.88
1024, 1024, 1680, 321.39
1024, 1024, 1760, 329.95
1024, 1024, 1840, 327.44
1024, 1024, 1920, 335.21
1024, 1024, 2000, 331.89
1024, 1024, 2080, 325.76
1024, 1024, 2160, 324.14
1024, 1024, 2240, 330.76
1024, 1024, 2320, 327.36
1024, 1024, 2400, 333.66
1024, 1024, 2480, 330.59
1024, 1024, 2560, 337.04
1024, 1024, 2640, 326.53
1024, 1024, 2720, 330.94
1024, 1024, 2800, 328.81
1024, 1024, 2880, 336.48
1024, 1024, 2960, 328.49
1024, 1024, 3040, 332.49
1024, 1024, 3120, 322.82
1024, 1024, 3200, 328.21
1024, 1024, 3280, 326.62
1024, 1024, 3360, 331.21
1024, 1024, 3440, 329.83
1024, 1024, 3520, 335.62
1024, 1024, 3600, 325.86
1024, 1024, 3680, 329.29
1024, 1024, 3760, 326.89
1024, 1024, 3840, 332.51
1024, 1024, 3920, 330.60
1024, 1024, 4000, 333.88
