bli_shgemm performance
MC = 640, KC = 3072, NC = 3072
m, n, k, GFLOPS
1024, 1024, 80, 206.71
1024, 1024, 160, 267.72
1024, 1024, 240, 299.84
1024, 1024, 320, 322.77
1024, 1024, 400, 332.21
1024, 1024, 480, 342.47
1024, 1024, 560, 349.11
1024, 1024, 640, 352.29
1024, 1024, 720, 351.00
1024, 1024, 800, 360.58
1024, 1024, 880, 361.87
1024, 1024, 960, 367.23
1024, 1024, 1040, 368.62
1024, 1024, 1120, 370.35
1024, 1024, 1200, 371.30
1024, 1024, 1280, 373.95
1024, 1024, 1360, 372.91
1024, 1024, 1440, 376.07
1024, 1024, 1520, 375.44
1024, 1024, 1600, 378.36
1024, 1024, 1680, 377.27
1024, 1024, 1760, 379.37
1024, 1024, 1840, 379.44
1024, 1024, 1920, 380.98
1024, 1024, 2000, 378.30
1024, 1024, 2080, 379.25
1024, 1024, 2160, 378.46
1024, 1024, 2240, 380.71
1024, 1024, 2320, 380.13
1024, 1024, 2400, 381.96
1024, 1024, 2480, 380.96
1024, 1024, 2560, 380.60
1024, 1024, 2640, 379.69
1024, 1024, 2720, 379.94
1024, 1024, 2800, 379.06
1024, 1024, 2880, 378.46
1024, 1024, 2960, 371.90
1024, 1024, 3040, 367.85
1024, 1024, 3120, 353.52
1024, 1024, 3200, 354.73
1024, 1024, 3280, 353.04
1024, 1024, 3360, 357.48
1024, 1024, 3440, 358.87
1024, 1024, 3520, 354.41
1024, 1024, 3600, 351.23
1024, 1024, 3680, 352.51
1024, 1024, 3760, 351.44
1024, 1024, 3840, 358.51
1024, 1024, 3920, 358.61
1024, 1024, 4000, 359.59
