bli_shgemm performance
MC = 256, KC = 2816, NC = 3072
m, n, k, GFLOPS
1024, 1024, 80, 205.61
1024, 1024, 160, 266.58
1024, 1024, 240, 299.55
1024, 1024, 320, 319.22
1024, 1024, 400, 331.93
1024, 1024, 480, 339.97
1024, 1024, 560, 345.22
1024, 1024, 640, 350.63
1024, 1024, 720, 354.07
1024, 1024, 800, 361.67
1024, 1024, 880, 357.48
1024, 1024, 960, 366.37
1024, 1024, 1040, 363.65
1024, 1024, 1120, 366.32
1024, 1024, 1200, 365.66
1024, 1024, 1280, 370.21
1024, 1024, 1360, 368.02
1024, 1024, 1440, 372.06
1024, 1024, 1520, 370.23
1024, 1024, 1600, 373.22
1024, 1024, 1680, 372.06
1024, 1024, 1760, 373.81
1024, 1024, 1840, 372.71
1024, 1024, 1920, 375.27
1024, 1024, 2000, 374.08
1024, 1024, 2080, 373.82
1024, 1024, 2160, 372.88
1024, 1024, 2240, 375.09
1024, 1024, 2320, 374.17
1024, 1024, 2400, 375.07
1024, 1024, 2480, 375.98
1024, 1024, 2560, 376.01
1024, 1024, 2640, 376.37
1024, 1024, 2720, 377.67
1024, 1024, 2800, 377.27
1024, 1024, 2880, 366.08
1024, 1024, 2960, 365.66
1024, 1024, 3040, 366.75
1024, 1024, 3120, 373.02
1024, 1024, 3200, 373.35
1024, 1024, 3280, 373.38
1024, 1024, 3360, 375.40
1024, 1024, 3440, 374.68
1024, 1024, 3520, 374.71
1024, 1024, 3600, 374.49
1024, 1024, 3680, 376.00
1024, 1024, 3760, 375.38
1024, 1024, 3840, 376.54
1024, 1024, 3920, 375.61
1024, 1024, 4000, 376.76
