bli_shgemm performance
MC = 256, KC = 3072, NC = 1024
m, n, k, GFLOPS
1024, 1024, 80, 208.04
1024, 1024, 160, 266.10
1024, 1024, 240, 295.66
1024, 1024, 320, 316.85
1024, 1024, 400, 322.36
1024, 1024, 480, 336.69
1024, 1024, 560, 340.89
1024, 1024, 640, 350.61
1024, 1024, 720, 351.47
1024, 1024, 800, 351.58
1024, 1024, 880, 358.90
1024, 1024, 960, 363.11
1024, 1024, 1040, 361.89
1024, 1024, 1120, 365.24
1024, 1024, 1200, 364.61
1024, 1024, 1280, 369.69
1024, 1024, 1360, 367.34
1024, 1024, 1440, 369.92
1024, 1024, 1520, 368.49
1024, 1024, 1600, 370.45
1024, 1024, 1680, 369.17
1024, 1024, 1760, 371.82
1024, 1024, 1840, 371.44
1024, 1024, 1920, 372.88
1024, 1024, 2000, 373.57
1024, 1024, 2080, 374.33
1024, 1024, 2160, 373.41
1024, 1024, 2240, 375.13
1024, 1024, 2320, 374.15
1024, 1024, 2400, 375.12
1024, 1024, 2480, 375.03
1024, 1024, 2560, 376.33
1024, 1024, 2640, 376.01
1024, 1024, 2720, 377.56
1024, 1024, 2800, 376.23
1024, 1024, 2880, 377.64
1024, 1024, 2960, 376.63
1024, 1024, 3040, 378.13
1024, 1024, 3120, 363.50
1024, 1024, 3200, 367.42
1024, 1024, 3280, 368.04
1024, 1024, 3360, 369.37
1024, 1024, 3440, 369.35
1024, 1024, 3520, 371.65
1024, 1024, 3600, 370.58
1024, 1024, 3680, 371.00
1024, 1024, 3760, 370.51
1024, 1024, 3840, 372.59
1024, 1024, 3920, 377.87
1024, 1024, 4000, 379.26
