bli_shgemm performance
MC = 384, KC = 512, NC = 5120
m, n, k, GFLOPS
1024, 1024, 80, 205.85
1024, 1024, 160, 265.06
1024, 1024, 240, 294.65
1024, 1024, 320, 316.29
1024, 1024, 400, 322.49
1024, 1024, 480, 334.82
1024, 1024, 560, 300.62
1024, 1024, 640, 312.16
1024, 1024, 720, 314.10
1024, 1024, 800, 324.88
1024, 1024, 880, 325.00
1024, 1024, 960, 338.39
1024, 1024, 1040, 314.33
1024, 1024, 1120, 321.13
1024, 1024, 1200, 319.90
1024, 1024, 1280, 329.97
1024, 1024, 1360, 327.85
1024, 1024, 1440, 336.41
1024, 1024, 1520, 334.58
1024, 1024, 1600, 328.05
1024, 1024, 1680, 324.63
1024, 1024, 1760, 331.52
1024, 1024, 1840, 330.71
1024, 1024, 1920, 338.23
1024, 1024, 2000, 336.18
1024, 1024, 2080, 329.86
1024, 1024, 2160, 327.71
1024, 1024, 2240, 334.84
1024, 1024, 2320, 331.85
1024, 1024, 2400, 336.75
1024, 1024, 2480, 334.26
1024, 1024, 2560, 341.24
1024, 1024, 2640, 329.56
1024, 1024, 2720, 333.68
1024, 1024, 2800, 331.31
1024, 1024, 2880, 339.53
1024, 1024, 2960, 335.83
1024, 1024, 3040, 339.13
1024, 1024, 3120, 328.40
1024, 1024, 3200, 334.49
1024, 1024, 3280, 332.47
1024, 1024, 3360, 336.27
1024, 1024, 3440, 333.57
1024, 1024, 3520, 340.34
1024, 1024, 3600, 331.05
1024, 1024, 3680, 334.12
1024, 1024, 3760, 330.41
1024, 1024, 3840, 337.42
1024, 1024, 3920, 334.97
1024, 1024, 4000, 338.95
