bli_shgemm performance
MC = 384, KC = 2816, NC = 3072
m, n, k, GFLOPS
1024, 1024, 80, 208.85
1024, 1024, 160, 262.77
1024, 1024, 240, 293.59
1024, 1024, 320, 316.84
1024, 1024, 400, 328.83
1024, 1024, 480, 337.27
1024, 1024, 560, 345.55
1024, 1024, 640, 350.49
1024, 1024, 720, 352.11
1024, 1024, 800, 360.44
1024, 1024, 880, 360.32
1024, 1024, 960, 364.04
1024, 1024, 1040, 364.51
1024, 1024, 1120, 368.34
1024, 1024, 1200, 369.59
1024, 1024, 1280, 371.05
1024, 1024, 1360, 369.71
1024, 1024, 1440, 373.11
1024, 1024, 1520, 369.44
1024, 1024, 1600, 373.77
1024, 1024, 1680, 371.70
1024, 1024, 1760, 374.69
1024, 1024, 1840, 373.34
1024, 1024, 1920, 375.65
1024, 1024, 2000, 376.29
1024, 1024, 2080, 376.99
1024, 1024, 2160, 376.15
1024, 1024, 2240, 378.51
1024, 1024, 2320, 377.56
1024, 1024, 2400, 378.58
1024, 1024, 2480, 378.28
1024, 1024, 2560, 383.22
1024, 1024, 2640, 381.60
1024, 1024, 2720, 382.44
1024, 1024, 2800, 382.46
1024, 1024, 2880, 371.96
1024, 1024, 2960, 371.36
1024, 1024, 3040, 372.61
1024, 1024, 3120, 372.98
1024, 1024, 3200, 374.63
1024, 1024, 3280, 374.02
1024, 1024, 3360, 374.49
1024, 1024, 3440, 374.03
1024, 1024, 3520, 375.85
1024, 1024, 3600, 375.16
1024, 1024, 3680, 376.25
1024, 1024, 3760, 375.50
1024, 1024, 3840, 376.03
1024, 1024, 3920, 375.93
1024, 1024, 4000, 377.27
