bli_shgemm performance
MC = 512, KC = 3840, NC = 4096
m, n, k, GFLOPS
1024, 1024, 80, 201.15
1024, 1024, 160, 260.29
1024, 1024, 240, 288.86
1024, 1024, 320, 313.04
1024, 1024, 400, 324.74
1024, 1024, 480, 333.03
1024, 1024, 560, 340.73
1024, 1024, 640, 345.64
1024, 1024, 720, 349.08
1024, 1024, 800, 356.98
1024, 1024, 880, 359.34
1024, 1024, 960, 367.94
1024, 1024, 1040, 370.35
1024, 1024, 1120, 371.61
1024, 1024, 1200, 372.32
1024, 1024, 1280, 376.03
1024, 1024, 1360, 376.85
1024, 1024, 1440, 379.09
1024, 1024, 1520, 379.30
1024, 1024, 1600, 381.13
1024, 1024, 1680, 381.92
1024, 1024, 1760, 383.23
1024, 1024, 1840, 383.60
1024, 1024, 1920, 382.69
1024, 1024, 2000, 380.08
1024, 1024, 2080, 380.58
1024, 1024, 2160, 380.58
1024, 1024, 2240, 382.42
1024, 1024, 2320, 381.84
1024, 1024, 2400, 382.38
1024, 1024, 2480, 381.57
1024, 1024, 2560, 382.76
1024, 1024, 2640, 380.57
1024, 1024, 2720, 378.23
1024, 1024, 2800, 374.94
1024, 1024, 2880, 377.32
1024, 1024, 2960, 377.18
1024, 1024, 3040, 377.65
1024, 1024, 3120, 375.09
1024, 1024, 3200, 377.44
1024, 1024, 3280, 380.99
1024, 1024, 3360, 381.65
1024, 1024, 3440, 380.60
1024, 1024, 3520, 382.08
1024, 1024, 3600, 378.81
1024, 1024, 3680, 367.30
1024, 1024, 3760, 352.98
1024, 1024, 3840, 338.57
1024, 1024, 3920, 321.92
1024, 1024, 4000, 323.34
