bli_shgemm performance
MC = 512, KC = 1536, NC = 5120
m, n, k, GFLOPS
1024, 1024, 80, 197.89
1024, 1024, 160, 257.21
1024, 1024, 240, 283.39
1024, 1024, 320, 295.91
1024, 1024, 400, 307.15
1024, 1024, 480, 317.72
1024, 1024, 560, 326.12
1024, 1024, 640, 334.54
1024, 1024, 720, 334.46
1024, 1024, 800, 344.98
1024, 1024, 880, 347.16
1024, 1024, 960, 356.06
1024, 1024, 1040, 356.10
1024, 1024, 1120, 360.31
1024, 1024, 1200, 357.67
1024, 1024, 1280, 361.77
1024, 1024, 1360, 362.78
1024, 1024, 1440, 365.67
1024, 1024, 1520, 366.24
1024, 1024, 1600, 346.65
1024, 1024, 1680, 346.97
1024, 1024, 1760, 351.29
1024, 1024, 1840, 345.91
1024, 1024, 1920, 348.71
1024, 1024, 2000, 347.61
1024, 1024, 2080, 351.63
1024, 1024, 2160, 350.98
1024, 1024, 2240, 351.59
1024, 1024, 2320, 352.72
1024, 1024, 2400, 355.33
1024, 1024, 2480, 353.59
1024, 1024, 2560, 357.85
1024, 1024, 2640, 357.99
1024, 1024, 2720, 359.75
1024, 1024, 2800, 360.38
1024, 1024, 2880, 364.64
1024, 1024, 2960, 361.62
1024, 1024, 3040, 362.33
1024, 1024, 3120, 357.42
1024, 1024, 3200, 359.36
1024, 1024, 3280, 356.89
1024, 1024, 3360, 357.10
1024, 1024, 3440, 356.21
1024, 1024, 3520, 359.55
1024, 1024, 3600, 360.69
1024, 1024, 3680, 364.00
1024, 1024, 3760, 362.31
1024, 1024, 3840, 365.50
1024, 1024, 3920, 364.73
1024, 1024, 4000, 365.11
