bli_shgemm performance
MC = 256, KC = 1280, NC = 5120
m, n, k, GFLOPS
1024, 1024, 80, 208.97
1024, 1024, 160, 259.48
1024, 1024, 240, 288.86
1024, 1024, 320, 310.63
1024, 1024, 400, 328.15
1024, 1024, 480, 338.68
1024, 1024, 560, 338.30
1024, 1024, 640, 348.42
1024, 1024, 720, 349.58
1024, 1024, 800, 359.50
1024, 1024, 880, 358.28
1024, 1024, 960, 363.38
1024, 1024, 1040, 363.94
1024, 1024, 1120, 365.32
1024, 1024, 1200, 365.95
1024, 1024, 1280, 369.85
1024, 1024, 1360, 347.14
1024, 1024, 1440, 349.88
1024, 1024, 1520, 345.97
1024, 1024, 1600, 352.04
1024, 1024, 1680, 350.45
1024, 1024, 1760, 353.77
1024, 1024, 1840, 352.40
1024, 1024, 1920, 357.33
1024, 1024, 2000, 355.41
1024, 1024, 2080, 360.05
1024, 1024, 2160, 358.45
1024, 1024, 2240, 363.06
1024, 1024, 2320, 362.19
1024, 1024, 2400, 363.79
1024, 1024, 2480, 363.44
1024, 1024, 2560, 365.53
1024, 1024, 2640, 352.22
1024, 1024, 2720, 354.37
1024, 1024, 2800, 354.68
1024, 1024, 2880, 357.31
1024, 1024, 2960, 357.14
1024, 1024, 3040, 358.43
1024, 1024, 3120, 359.34
1024, 1024, 3200, 360.80
1024, 1024, 3280, 360.29
1024, 1024, 3360, 362.33
1024, 1024, 3440, 361.53
1024, 1024, 3520, 371.95
1024, 1024, 3600, 370.81
1024, 1024, 3680, 371.84
1024, 1024, 3760, 368.64
1024, 1024, 3840, 369.98
1024, 1024, 3920, 360.58
1024, 1024, 4000, 362.49
