bli_shgemm performance
MC = 384, KC = 3840, NC = 5120
m, n, k, GFLOPS
1024, 1024, 80, 200.32
1024, 1024, 160, 254.08
1024, 1024, 240, 285.21
1024, 1024, 320, 304.63
1024, 1024, 400, 311.91
1024, 1024, 480, 325.56
1024, 1024, 560, 330.50
1024, 1024, 640, 337.53
1024, 1024, 720, 336.79
1024, 1024, 800, 345.61
1024, 1024, 880, 343.99
1024, 1024, 960, 350.09
1024, 1024, 1040, 350.09
1024, 1024, 1120, 354.04
1024, 1024, 1200, 353.63
1024, 1024, 1280, 358.47
1024, 1024, 1360, 357.43
1024, 1024, 1440, 360.90
1024, 1024, 1520, 359.38
1024, 1024, 1600, 363.93
1024, 1024, 1680, 362.82
1024, 1024, 1760, 364.51
1024, 1024, 1840, 363.61
1024, 1024, 1920, 365.95
1024, 1024, 2000, 365.42
1024, 1024, 2080, 366.98
1024, 1024, 2160, 365.84
1024, 1024, 2240, 368.11
1024, 1024, 2320, 367.48
1024, 1024, 2400, 368.83
1024, 1024, 2480, 367.64
1024, 1024, 2560, 369.61
1024, 1024, 2640, 369.35
1024, 1024, 2720, 370.39
1024, 1024, 2800, 369.84
1024, 1024, 2880, 371.03
1024, 1024, 2960, 370.76
1024, 1024, 3040, 371.11
1024, 1024, 3120, 370.49
1024, 1024, 3200, 371.14
1024, 1024, 3280, 370.55
1024, 1024, 3360, 370.47
1024, 1024, 3440, 368.49
1024, 1024, 3520, 370.46
1024, 1024, 3600, 371.27
1024, 1024, 3680, 370.39
1024, 1024, 3760, 370.33
1024, 1024, 3840, 369.44
1024, 1024, 3920, 353.67
1024, 1024, 4000, 355.72
