bli_shgemm performance
MC = 512, KC = 3584, NC = 2048
m, n, k, GFLOPS
1024, 1024, 80, 211.05
1024, 1024, 160, 265.06
1024, 1024, 240, 292.45
1024, 1024, 320, 314.94
1024, 1024, 400, 327.79
1024, 1024, 480, 336.19
1024, 1024, 560, 343.55
1024, 1024, 640, 348.55
1024, 1024, 720, 349.44
1024, 1024, 800, 358.27
1024, 1024, 880, 358.59
1024, 1024, 960, 367.11
1024, 1024, 1040, 367.08
1024, 1024, 1120, 370.61
1024, 1024, 1200, 370.54
1024, 1024, 1280, 374.55
1024, 1024, 1360, 373.38
1024, 1024, 1440, 376.79
1024, 1024, 1520, 375.63
1024, 1024, 1600, 379.95
1024, 1024, 1680, 377.27
1024, 1024, 1760, 380.93
1024, 1024, 1840, 373.57
1024, 1024, 1920, 379.39
1024, 1024, 2000, 378.84
1024, 1024, 2080, 382.36
1024, 1024, 2160, 381.56
1024, 1024, 2240, 383.73
1024, 1024, 2320, 383.18
1024, 1024, 2400, 384.73
1024, 1024, 2480, 384.61
1024, 1024, 2560, 385.43
1024, 1024, 2640, 385.13
1024, 1024, 2720, 386.39
1024, 1024, 2800, 385.54
1024, 1024, 2880, 386.62
1024, 1024, 2960, 386.18
1024, 1024, 3040, 386.80
1024, 1024, 3120, 385.92
1024, 1024, 3200, 386.49
1024, 1024, 3280, 385.75
1024, 1024, 3360, 383.59
1024, 1024, 3440, 381.34
1024, 1024, 3520, 380.38
1024, 1024, 3600, 367.27
1024, 1024, 3680, 368.55
1024, 1024, 3760, 368.62
1024, 1024, 3840, 370.40
1024, 1024, 3920, 370.64
1024, 1024, 4000, 372.26
