bli_shgemm performance
MC = 256, KC = 768, NC = 2048
m, n, k, GFLOPS
1024, 1024, 80, 202.86
1024, 1024, 160, 259.02
1024, 1024, 240, 284.75
1024, 1024, 320, 309.86
1024, 1024, 400, 319.77
1024, 1024, 480, 331.39
1024, 1024, 560, 337.29
1024, 1024, 640, 346.02
1024, 1024, 720, 347.70
1024, 1024, 800, 322.15
1024, 1024, 880, 324.86
1024, 1024, 960, 332.80
1024, 1024, 1040, 336.06
1024, 1024, 1120, 343.70
1024, 1024, 1200, 350.74
1024, 1024, 1280, 355.94
1024, 1024, 1360, 355.65
1024, 1024, 1440, 356.74
1024, 1024, 1520, 362.50
1024, 1024, 1600, 342.41
1024, 1024, 1680, 339.88
1024, 1024, 1760, 346.25
1024, 1024, 1840, 344.62
1024, 1024, 1920, 352.45
1024, 1024, 2000, 348.69
1024, 1024, 2080, 354.93
1024, 1024, 2160, 352.76
1024, 1024, 2240, 357.82
1024, 1024, 2320, 343.05
1024, 1024, 2400, 347.75
1024, 1024, 2480, 345.95
1024, 1024, 2560, 351.39
1024, 1024, 2640, 348.85
1024, 1024, 2720, 353.31
1024, 1024, 2800, 350.82
1024, 1024, 2880, 357.08
1024, 1024, 2960, 354.10
1024, 1024, 3040, 357.64
1024, 1024, 3120, 347.80
1024, 1024, 3200, 351.66
1024, 1024, 3280, 349.15
1024, 1024, 3360, 352.46
1024, 1024, 3440, 352.26
1024, 1024, 3520, 357.13
1024, 1024, 3600, 354.57
1024, 1024, 3680, 357.76
1024, 1024, 3760, 355.18
1024, 1024, 3840, 359.43
1024, 1024, 3920, 350.77
1024, 1024, 4000, 353.39
