bli_shgemm performance
MC = 256, KC = 512, NC = 2048
m, n, k, GFLOPS
1024, 1024, 80, 207.76
1024, 1024, 160, 265.42
1024, 1024, 240, 298.03
1024, 1024, 320, 316.60
1024, 1024, 400, 325.25
1024, 1024, 480, 336.67
1024, 1024, 560, 301.49
1024, 1024, 640, 311.72
1024, 1024, 720, 315.56
1024, 1024, 800, 326.97
1024, 1024, 880, 328.97
1024, 1024, 960, 339.25
1024, 1024, 1040, 318.95
1024, 1024, 1120, 325.82
1024, 1024, 1200, 324.65
1024, 1024, 1280, 335.77
1024, 1024, 1360, 332.21
1024, 1024, 1440, 340.35
1024, 1024, 1520, 337.64
1024, 1024, 1600, 332.86
1024, 1024, 1680, 328.14
1024, 1024, 1760, 335.42
1024, 1024, 1840, 332.63
1024, 1024, 1920, 342.56
1024, 1024, 2000, 338.15
1024, 1024, 2080, 333.80
1024, 1024, 2160, 330.98
1024, 1024, 2240, 338.67
1024, 1024, 2320, 334.44
1024, 1024, 2400, 341.14
1024, 1024, 2480, 339.07
1024, 1024, 2560, 346.19
1024, 1024, 2640, 333.17
1024, 1024, 2720, 337.93
1024, 1024, 2800, 337.06
1024, 1024, 2880, 343.13
1024, 1024, 2960, 340.92
1024, 1024, 3040, 345.06
1024, 1024, 3120, 335.70
1024, 1024, 3200, 340.04
1024, 1024, 3280, 338.31
1024, 1024, 3360, 342.32
1024, 1024, 3440, 341.38
1024, 1024, 3520, 345.81
1024, 1024, 3600, 337.61
1024, 1024, 3680, 340.83
1024, 1024, 3760, 338.98
1024, 1024, 3840, 343.45
1024, 1024, 3920, 341.55
1024, 1024, 4000, 344.78
