bli_shgemm performance
MC = 512, KC = 2816, NC = 2048
m, n, k, GFLOPS
1024, 1024, 80, 206.36
1024, 1024, 160, 264.41
1024, 1024, 240, 293.67
1024, 1024, 320, 315.03
1024, 1024, 400, 325.89
1024, 1024, 480, 336.46
1024, 1024, 560, 343.57
1024, 1024, 640, 344.12
1024, 1024, 720, 348.43
1024, 1024, 800, 357.35
1024, 1024, 880, 360.37
1024, 1024, 960, 363.93
1024, 1024, 1040, 367.37
1024, 1024, 1120, 368.02
1024, 1024, 1200, 372.10
1024, 1024, 1280, 371.92
1024, 1024, 1360, 375.40
1024, 1024, 1440, 368.71
1024, 1024, 1520, 370.64
1024, 1024, 1600, 374.61
1024, 1024, 1680, 374.81
1024, 1024, 1760, 376.19
1024, 1024, 1840, 376.26
1024, 1024, 1920, 378.60
1024, 1024, 2000, 378.90
1024, 1024, 2080, 381.07
1024, 1024, 2160, 381.38
1024, 1024, 2240, 383.05
1024, 1024, 2320, 381.79
1024, 1024, 2400, 383.30
1024, 1024, 2480, 382.45
1024, 1024, 2560, 383.39
1024, 1024, 2640, 382.81
1024, 1024, 2720, 382.84
1024, 1024, 2800, 381.75
1024, 1024, 2880, 370.22
1024, 1024, 2960, 369.59
1024, 1024, 3040, 372.41
1024, 1024, 3120, 372.05
1024, 1024, 3200, 374.48
1024, 1024, 3280, 373.97
1024, 1024, 3360, 375.33
1024, 1024, 3440, 375.10
1024, 1024, 3520, 374.56
1024, 1024, 3600, 373.61
1024, 1024, 3680, 374.50
1024, 1024, 3760, 374.45
1024, 1024, 3840, 375.33
1024, 1024, 3920, 375.01
1024, 1024, 4000, 376.56
