bli_shgemm performance
MC = 256, KC = 2816, NC = 1024
m, n, k, GFLOPS
1024, 1024, 80, 211.36
1024, 1024, 160, 267.55
1024, 1024, 240, 291.81
1024, 1024, 320, 314.72
1024, 1024, 400, 321.45
1024, 1024, 480, 335.10
1024, 1024, 560, 339.35
1024, 1024, 640, 349.50
1024, 1024, 720, 340.58
1024, 1024, 800, 332.55
1024, 1024, 880, 361.53
1024, 1024, 960, 360.29
1024, 1024, 1040, 365.42
1024, 1024, 1120, 367.64
1024, 1024, 1200, 369.87
1024, 1024, 1280, 370.62
1024, 1024, 1360, 372.65
1024, 1024, 1440, 368.05
1024, 1024, 1520, 367.23
1024, 1024, 1600, 370.67
1024, 1024, 1680, 369.15
1024, 1024, 1760, 370.47
1024, 1024, 1840, 371.10
1024, 1024, 1920, 372.77
1024, 1024, 2000, 372.69
1024, 1024, 2080, 374.14
1024, 1024, 2160, 373.97
1024, 1024, 2240, 375.22
1024, 1024, 2320, 374.91
1024, 1024, 2400, 376.47
1024, 1024, 2480, 375.09
1024, 1024, 2560, 377.12
1024, 1024, 2640, 376.23
1024, 1024, 2720, 377.03
1024, 1024, 2800, 377.06
1024, 1024, 2880, 365.78
1024, 1024, 2960, 363.39
1024, 1024, 3040, 367.11
1024, 1024, 3120, 366.96
1024, 1024, 3200, 369.20
1024, 1024, 3280, 369.07
1024, 1024, 3360, 370.01
1024, 1024, 3440, 369.24
1024, 1024, 3520, 370.53
1024, 1024, 3600, 379.75
1024, 1024, 3680, 380.50
1024, 1024, 3760, 380.70
1024, 1024, 3840, 381.52
1024, 1024, 3920, 382.02
1024, 1024, 4000, 382.04
