bli_shgemm performance
MC = 640, KC = 3328, NC = 4096
m, n, k, GFLOPS
1024, 1024, 80, 199.18
1024, 1024, 160, 260.08
1024, 1024, 240, 295.62
1024, 1024, 320, 315.93
1024, 1024, 400, 327.68
1024, 1024, 480, 337.86
1024, 1024, 560, 344.13
1024, 1024, 640, 348.96
1024, 1024, 720, 351.47
1024, 1024, 800, 359.63
1024, 1024, 880, 359.85
1024, 1024, 960, 366.85
1024, 1024, 1040, 363.31
1024, 1024, 1120, 367.24
1024, 1024, 1200, 366.96
1024, 1024, 1280, 370.92
1024, 1024, 1360, 371.84
1024, 1024, 1440, 373.54
1024, 1024, 1520, 373.49
1024, 1024, 1600, 376.23
1024, 1024, 1680, 376.36
1024, 1024, 1760, 378.10
1024, 1024, 1840, 378.17
1024, 1024, 1920, 379.70
1024, 1024, 2000, 378.85
1024, 1024, 2080, 380.13
1024, 1024, 2160, 377.68
1024, 1024, 2240, 379.87
1024, 1024, 2320, 378.99
1024, 1024, 2400, 380.09
1024, 1024, 2480, 380.35
1024, 1024, 2560, 380.15
1024, 1024, 2640, 377.19
1024, 1024, 2720, 375.94
1024, 1024, 2800, 364.99
1024, 1024, 2880, 368.79
1024, 1024, 2960, 367.78
1024, 1024, 3040, 359.36
1024, 1024, 3120, 353.33
1024, 1024, 3200, 351.32
1024, 1024, 3280, 351.79
1024, 1024, 3360, 341.65
1024, 1024, 3440, 339.40
1024, 1024, 3520, 342.67
1024, 1024, 3600, 341.61
1024, 1024, 3680, 342.98
1024, 1024, 3760, 340.16
1024, 1024, 3840, 341.01
1024, 1024, 3920, 338.87
1024, 1024, 4000, 343.00
