bli_shgemm performance
MC = 384, KC = 256, NC = 2048
m, n, k, GFLOPS
1024, 1024, 80, 206.85
1024, 1024, 160, 263.24
1024, 1024, 240, 294.38
1024, 1024, 320, 261.20
1024, 1024, 400, 272.44
1024, 1024, 480, 294.17
1024, 1024, 560, 266.22
1024, 1024, 640, 283.38
1024, 1024, 720, 288.29
1024, 1024, 800, 279.20
1024, 1024, 880, 282.88
1024, 1024, 960, 292.83
1024, 1024, 1040, 279.10
1024, 1024, 1120, 290.11
1024, 1024, 1200, 288.19
1024, 1024, 1280, 300.12
1024, 1024, 1360, 283.36
1024, 1024, 1440, 294.93
1024, 1024, 1520, 292.68
1024, 1024, 1600, 292.70
1024, 1024, 1680, 288.74
1024, 1024, 1760, 298.90
1024, 1024, 1840, 287.77
1024, 1024, 1920, 296.64
1024, 1024, 2000, 293.79
1024, 1024, 2080, 293.54
1024, 1024, 2160, 291.06
1024, 1024, 2240, 300.32
1024, 1024, 2320, 288.39
1024, 1024, 2400, 296.03
1024, 1024, 2480, 292.91
1024, 1024, 2560, 301.99
1024, 1024, 2640, 291.19
1024, 1024, 2720, 298.10
1024, 1024, 2800, 294.64
1024, 1024, 2880, 297.55
1024, 1024, 2960, 292.29
1024, 1024, 3040, 299.51
1024, 1024, 3120, 290.67
1024, 1024, 3200, 298.13
1024, 1024, 3280, 293.63
1024, 1024, 3360, 296.44
1024, 1024, 3440, 292.78
1024, 1024, 3520, 300.13
1024, 1024, 3600, 291.03
1024, 1024, 3680, 297.86
1024, 1024, 3760, 294.46
1024, 1024, 3840, 301.49
1024, 1024, 3920, 291.90
1024, 1024, 4000, 298.30
