bli_shgemm performance
MC = 640, KC = 2560, NC = 5120
m, n, k, GFLOPS
1024, 1024, 80, 203.93
1024, 1024, 160, 265.85
1024, 1024, 240, 300.08
1024, 1024, 320, 322.58
1024, 1024, 400, 331.50
1024, 1024, 480, 340.14
1024, 1024, 560, 346.83
1024, 1024, 640, 353.90
1024, 1024, 720, 356.02
1024, 1024, 800, 364.14
1024, 1024, 880, 364.90
1024, 1024, 960, 369.71
1024, 1024, 1040, 371.02
1024, 1024, 1120, 372.93
1024, 1024, 1200, 373.89
1024, 1024, 1280, 375.61
1024, 1024, 1360, 376.89
1024, 1024, 1440, 378.61
1024, 1024, 1520, 378.98
1024, 1024, 1600, 363.29
1024, 1024, 1680, 345.03
1024, 1024, 1760, 354.42
1024, 1024, 1840, 351.69
1024, 1024, 1920, 355.42
1024, 1024, 2000, 352.05
1024, 1024, 2080, 354.79
1024, 1024, 2160, 351.53
1024, 1024, 2240, 355.24
1024, 1024, 2320, 349.19
1024, 1024, 2400, 350.37
1024, 1024, 2480, 346.31
1024, 1024, 2560, 343.80
1024, 1024, 2640, 324.21
1024, 1024, 2720, 331.31
1024, 1024, 2800, 369.13
1024, 1024, 2880, 371.98
1024, 1024, 2960, 370.72
1024, 1024, 3040, 372.26
1024, 1024, 3120, 371.70
1024, 1024, 3200, 368.91
1024, 1024, 3280, 366.95
1024, 1024, 3360, 368.51
1024, 1024, 3440, 371.25
1024, 1024, 3520, 373.31
1024, 1024, 3600, 373.05
1024, 1024, 3680, 374.08
1024, 1024, 3760, 374.17
1024, 1024, 3840, 374.80
1024, 1024, 3920, 374.21
1024, 1024, 4000, 375.63
