bli_shgemm performance
MC = 160, KC = 1280, NC = 2448
m, n, k, GFLOPS
960, 4896, 80, 180.06
960, 4896, 160, 246.97
960, 4896, 240, 282.00
960, 4896, 320, 308.10
960, 4896, 400, 334.35
960, 4896, 480, 342.66
960, 4896, 560, 341.31
960, 4896, 640, 343.09
960, 4896, 720, 322.19
960, 4896, 800, 328.40
960, 4896, 880, 327.34
960, 4896, 960, 339.33
960, 4896, 1040, 340.18
960, 4896, 1120, 346.00
960, 4896, 1200, 344.34
960, 4896, 1280, 346.91
960, 4896, 1360, 325.14
960, 4896, 1440, 324.77
960, 4896, 1520, 327.89
960, 4896, 1600, 331.19
960, 4896, 1680, 335.34
960, 4896, 1760, 344.16
960, 4896, 1840, 343.67
960, 4896, 1920, 343.32
960, 4896, 2000, 360.08
960, 4896, 2080, 361.10
960, 4896, 2160, 361.10
960, 4896, 2240, 362.49
960, 4896, 2320, 361.92
960, 4896, 2400, 362.74
960, 4896, 2480, 360.25
960, 4896, 2560, 357.17
960, 4896, 2640, 343.91
960, 4896, 2720, 347.63
960, 4896, 2800, 350.38
960, 4896, 2880, 351.80
960, 4896, 2960, 352.13
960, 4896, 3040, 356.10
960, 4896, 3120, 358.45
960, 4896, 3200, 355.54
960, 4896, 3280, 355.88
960, 4896, 3360, 356.59
960, 4896, 3440, 353.39
960, 4896, 3520, 361.00
960, 4896, 3600, 365.02
960, 4896, 3680, 365.25
960, 4896, 3760, 364.19
960, 4896, 3840, 365.27
960, 4896, 3920, 358.07
960, 4896, 4000, 359.79
