bli_shgemm performance
MC = 168, KC = 1792, NC = 1872
m, n, k, GFLOPS
1008, 3744, 80, 223.61
1008, 3744, 160, 290.54
1008, 3744, 240, 326.23
1008, 3744, 320, 345.60
1008, 3744, 400, 354.83
1008, 3744, 480, 363.53
1008, 3744, 560, 364.82
1008, 3744, 640, 367.03
1008, 3744, 720, 370.54
1008, 3744, 800, 382.49
1008, 3744, 880, 379.95
1008, 3744, 960, 380.59
1008, 3744, 1040, 381.03
1008, 3744, 1120, 381.95
1008, 3744, 1200, 382.35
1008, 3744, 1280, 383.97
1008, 3744, 1360, 383.96
1008, 3744, 1440, 384.29
1008, 3744, 1520, 382.87
1008, 3744, 1600, 383.69
1008, 3744, 1680, 384.37
1008, 3744, 1760, 387.08
1008, 3744, 1840, 374.46
1008, 3744, 1920, 359.85
1008, 3744, 2000, 362.21
1008, 3744, 2080, 364.40
1008, 3744, 2160, 381.66
1008, 3744, 2240, 385.15
1008, 3744, 2320, 384.30
1008, 3744, 2400, 385.11
1008, 3744, 2480, 383.64
1008, 3744, 2560, 385.70
1008, 3744, 2640, 387.66
1008, 3744, 2720, 388.42
1008, 3744, 2800, 385.99
1008, 3744, 2880, 368.81
1008, 3744, 2960, 386.12
1008, 3744, 3040, 386.85
1008, 3744, 3120, 386.51
1008, 3744, 3200, 387.66
1008, 3744, 3280, 387.73
1008, 3744, 3360, 386.12
1008, 3744, 3440, 385.51
1008, 3744, 3520, 386.82
1008, 3744, 3600, 381.23
1008, 3744, 3680, 383.51
1008, 3744, 3760, 382.06
1008, 3744, 3840, 385.06
1008, 3744, 3920, 382.53
1008, 3744, 4000, 385.57
