bli_shgemm performance
MC = 200, KC = 2048, NC = 1728
m, n, k, GFLOPS
1200, 3456, 80, 206.26
1200, 3456, 160, 293.91
1200, 3456, 240, 329.78
1200, 3456, 320, 351.87
1200, 3456, 400, 363.70
1200, 3456, 480, 369.55
1200, 3456, 560, 374.58
1200, 3456, 640, 377.24
1200, 3456, 720, 378.81
1200, 3456, 800, 382.12
1200, 3456, 880, 382.42
1200, 3456, 960, 386.24
1200, 3456, 1040, 382.62
1200, 3456, 1120, 386.61
1200, 3456, 1200, 386.49
1200, 3456, 1280, 388.47
1200, 3456, 1360, 387.73
1200, 3456, 1440, 388.24
1200, 3456, 1520, 393.61
1200, 3456, 1600, 395.20
1200, 3456, 1680, 394.89
1200, 3456, 1760, 397.30
1200, 3456, 1840, 395.87
1200, 3456, 1920, 396.31
1200, 3456, 2000, 397.49
1200, 3456, 2080, 386.74
1200, 3456, 2160, 389.70
1200, 3456, 2240, 390.94
1200, 3456, 2320, 391.72
1200, 3456, 2400, 392.49
1200, 3456, 2480, 391.70
1200, 3456, 2560, 387.77
1200, 3456, 2640, 390.82
1200, 3456, 2720, 387.99
1200, 3456, 2800, 391.78
1200, 3456, 2880, 388.79
1200, 3456, 2960, 396.23
1200, 3456, 3040, 379.38
1200, 3456, 3120, 396.03
1200, 3456, 3200, 379.36
1200, 3456, 3280, 395.12
1200, 3456, 3360, 380.10
1200, 3456, 3440, 390.03
1200, 3456, 3520, 390.42
1200, 3456, 3600, 390.31
1200, 3456, 3680, 391.08
1200, 3456, 3760, 391.49
1200, 3456, 3840, 391.84
1200, 3456, 3920, 391.80
1200, 3456, 4000, 391.61
