bli_shgemm performance
MC = 200, KC = 1024, NC = 3072
m, n, k, GFLOPS
1200, 6144, 80, 134.28
1200, 6144, 160, 203.80
1200, 6144, 240, 240.50
1200, 6144, 320, 264.99
1200, 6144, 400, 282.21
1200, 6144, 480, 293.20
1200, 6144, 560, 294.75
1200, 6144, 640, 293.90
1200, 6144, 720, 299.09
1200, 6144, 800, 311.14
1200, 6144, 880, 313.99
1200, 6144, 960, 318.71
1200, 6144, 1040, 280.90
1200, 6144, 1120, 289.42
1200, 6144, 1200, 297.00
1200, 6144, 1280, 301.60
1200, 6144, 1360, 305.41
1200, 6144, 1440, 307.24
1200, 6144, 1520, 307.08
1200, 6144, 1600, 314.02
1200, 6144, 1680, 314.10
1200, 6144, 1760, 319.21
1200, 6144, 1840, 318.85
1200, 6144, 1920, 320.91
1200, 6144, 2000, 332.33
1200, 6144, 2080, 311.45
1200, 6144, 2160, 319.34
1200, 6144, 2240, 319.95
1200, 6144, 2320, 321.37
1200, 6144, 2400, 315.86
1200, 6144, 2480, 322.10
1200, 6144, 2560, 319.12
1200, 6144, 2640, 333.26
1200, 6144, 2720, 326.51
1200, 6144, 2800, 316.50
1200, 6144, 2880, 320.91
1200, 6144, 2960, 324.20
1200, 6144, 3040, 326.50
1200, 6144, 3120, 308.77
1200, 6144, 3200, 312.14
1200, 6144, 3280, 311.90
1200, 6144, 3360, 314.21
1200, 6144, 3440, 316.61
1200, 6144, 3520, 317.69
1200, 6144, 3600, 318.62
1200, 6144, 3680, 321.34
1200, 6144, 3760, 312.90
1200, 6144, 3840, 311.61
1200, 6144, 3920, 316.34
1200, 6144, 4000, 315.98
