bli_shgemm performance
MC = 240, KC = 2560, NC = 1552
m, n, k, GFLOPS
1440, 3104, 80, 225.93
1440, 3104, 160, 300.94
1440, 3104, 240, 333.96
1440, 3104, 320, 355.78
1440, 3104, 400, 366.69
1440, 3104, 480, 374.30
1440, 3104, 560, 377.31
1440, 3104, 640, 384.08
1440, 3104, 720, 387.29
1440, 3104, 800, 393.47
1440, 3104, 880, 391.21
1440, 3104, 960, 394.08
1440, 3104, 1040, 394.23
1440, 3104, 1120, 394.48
1440, 3104, 1200, 394.57
1440, 3104, 1280, 395.56
1440, 3104, 1360, 395.50
1440, 3104, 1440, 397.08
1440, 3104, 1520, 397.59
1440, 3104, 1600, 398.79
1440, 3104, 1680, 398.34
1440, 3104, 1760, 398.93
1440, 3104, 1840, 398.17
1440, 3104, 1920, 398.56
1440, 3104, 2000, 399.23
1440, 3104, 2080, 399.75
1440, 3104, 2160, 399.63
1440, 3104, 2240, 400.24
1440, 3104, 2320, 399.90
1440, 3104, 2400, 400.49
1440, 3104, 2480, 400.23
1440, 3104, 2560, 388.72
1440, 3104, 2640, 381.04
1440, 3104, 2720, 380.51
1440, 3104, 2800, 380.26
1440, 3104, 2880, 382.75
1440, 3104, 2960, 396.38
1440, 3104, 3040, 397.01
1440, 3104, 3120, 395.78
1440, 3104, 3200, 397.22
1440, 3104, 3280, 396.82
1440, 3104, 3360, 398.44
1440, 3104, 3440, 396.43
1440, 3104, 3520, 398.23
1440, 3104, 3600, 397.09
1440, 3104, 3680, 397.63
1440, 3104, 3760, 397.68
1440, 3104, 3840, 399.39
1440, 3104, 3920, 399.34
1440, 3104, 4000, 399.88
