bli_shgemm performance
MC = 256, KC = 1024, NC = 1024
m, n, k, GFLOPS
1536, 2048, 80, 179.32
1536, 2048, 160, 259.88
1536, 2048, 240, 297.24
1536, 2048, 320, 321.86
1536, 2048, 400, 332.45
1536, 2048, 480, 344.03
1536, 2048, 560, 356.83
1536, 2048, 640, 361.23
1536, 2048, 720, 347.88
1536, 2048, 800, 360.39
1536, 2048, 880, 360.03
1536, 2048, 960, 368.85
1536, 2048, 1040, 333.54
1536, 2048, 1120, 339.30
1536, 2048, 1200, 337.72
1536, 2048, 1280, 344.47
1536, 2048, 1360, 346.19
1536, 2048, 1440, 350.64
1536, 2048, 1520, 346.59
1536, 2048, 1600, 354.01
1536, 2048, 1680, 352.52
1536, 2048, 1760, 357.20
1536, 2048, 1840, 356.28
1536, 2048, 1920, 359.25
1536, 2048, 2000, 358.93
1536, 2048, 2080, 349.99
1536, 2048, 2160, 349.41
1536, 2048, 2240, 354.89
1536, 2048, 2320, 354.48
1536, 2048, 2400, 358.22
1536, 2048, 2480, 356.90
1536, 2048, 2560, 361.39
1536, 2048, 2640, 359.84
1536, 2048, 2720, 361.37
1536, 2048, 2800, 360.04
1536, 2048, 2880, 364.00
1536, 2048, 2960, 362.17
1536, 2048, 3040, 364.33
1536, 2048, 3120, 352.25
1536, 2048, 3200, 355.36
1536, 2048, 3280, 353.98
1536, 2048, 3360, 357.03
1536, 2048, 3440, 356.45
1536, 2048, 3520, 360.14
1536, 2048, 3600, 357.60
1536, 2048, 3680, 360.31
1536, 2048, 3760, 358.67
1536, 2048, 3840, 363.05
1536, 2048, 3920, 362.18
1536, 2048, 4000, 363.72
