bli_shgemm performance
MC = 312, KC = 2304, NC = 1808
m, n, k, GFLOPS
1872, 3616, 80, 219.03
1872, 3616, 160, 301.82
1872, 3616, 240, 336.13
1872, 3616, 320, 355.06
1872, 3616, 400, 366.63
1872, 3616, 480, 372.97
1872, 3616, 560, 374.37
1872, 3616, 640, 376.69
1872, 3616, 720, 381.62
1872, 3616, 800, 387.35
1872, 3616, 880, 388.14
1872, 3616, 960, 393.63
1872, 3616, 1040, 395.80
1872, 3616, 1120, 398.30
1872, 3616, 1200, 398.33
1872, 3616, 1280, 399.19
1872, 3616, 1360, 401.21
1872, 3616, 1440, 383.88
1872, 3616, 1520, 385.84
1872, 3616, 1600, 387.95
1872, 3616, 1680, 389.12
1872, 3616, 1760, 387.89
1872, 3616, 1840, 386.81
1872, 3616, 1920, 388.28
1872, 3616, 2000, 389.87
1872, 3616, 2080, 392.68
1872, 3616, 2160, 391.93
1872, 3616, 2240, 393.15
1872, 3616, 2320, 380.07
1872, 3616, 2400, 382.36
1872, 3616, 2480, 382.35
1872, 3616, 2560, 384.51
1872, 3616, 2640, 383.86
1872, 3616, 2720, 385.74
1872, 3616, 2800, 393.38
1872, 3616, 2880, 398.42
1872, 3616, 2960, 398.57
1872, 3616, 3040, 400.68
1872, 3616, 3120, 401.05
1872, 3616, 3200, 400.72
1872, 3616, 3280, 402.43
1872, 3616, 3360, 403.23
1872, 3616, 3440, 403.04
1872, 3616, 3520, 403.49
1872, 3616, 3600, 403.44
1872, 3616, 3680, 404.41
1872, 3616, 3760, 397.93
1872, 3616, 3840, 398.61
1872, 3616, 3920, 399.18
1872, 3616, 4000, 399.28
