bli_shgemm performance
MC = 408, KC = 1280, NC = 1632
m, n, k, GFLOPS
2448, 3264, 80, 205.68
2448, 3264, 160, 293.49
2448, 3264, 240, 329.93
2448, 3264, 320, 350.19
2448, 3264, 400, 362.20
2448, 3264, 480, 378.55
2448, 3264, 560, 379.65
2448, 3264, 640, 355.18
2448, 3264, 720, 360.55
2448, 3264, 800, 365.93
2448, 3264, 880, 364.18
2448, 3264, 960, 371.49
2448, 3264, 1040, 372.68
2448, 3264, 1120, 377.96
2448, 3264, 1200, 379.29
2448, 3264, 1280, 382.34
2448, 3264, 1360, 361.44
2448, 3264, 1440, 365.32
2448, 3264, 1520, 366.46
2448, 3264, 1600, 370.73
2448, 3264, 1680, 370.85
2448, 3264, 1760, 372.84
2448, 3264, 1840, 370.44
2448, 3264, 1920, 373.01
2448, 3264, 2000, 373.34
2448, 3264, 2080, 375.61
2448, 3264, 2160, 385.90
2448, 3264, 2240, 389.10
2448, 3264, 2320, 388.60
2448, 3264, 2400, 390.85
2448, 3264, 2480, 391.53
2448, 3264, 2560, 392.77
2448, 3264, 2640, 381.55
2448, 3264, 2720, 384.07
2448, 3264, 2800, 387.26
2448, 3264, 2880, 395.87
2448, 3264, 2960, 396.73
2448, 3264, 3040, 397.15
2448, 3264, 3120, 397.38
2448, 3264, 3200, 397.55
2448, 3264, 3280, 398.13
2448, 3264, 3360, 399.38
2448, 3264, 3440, 399.26
2448, 3264, 3520, 399.82
2448, 3264, 3600, 400.26
2448, 3264, 3680, 400.73
2448, 3264, 3760, 401.19
2448, 3264, 3840, 402.20
2448, 3264, 3920, 396.01
2448, 3264, 4000, 396.90
