bli_shgemm performance
MC = 80, KC = 1280, NC = 320
m, n, k, GFLOPS
480, 640, 80, 224.78
480, 640, 160, 278.44
480, 640, 240, 303.42
480, 640, 320, 312.11
480, 640, 400, 323.48
480, 640, 480, 327.75
480, 640, 560, 332.05
480, 640, 640, 335.14
480, 640, 720, 337.88
480, 640, 800, 341.13
480, 640, 880, 341.67
480, 640, 960, 344.19
480, 640, 1040, 344.48
480, 640, 1120, 341.13
480, 640, 1200, 350.96
480, 640, 1280, 351.91
480, 640, 1360, 341.18
480, 640, 1440, 340.90
480, 640, 1520, 342.31
480, 640, 1600, 342.48
480, 640, 1680, 342.85
480, 640, 1760, 343.04
480, 640, 1840, 342.57
480, 640, 1920, 343.41
480, 640, 2000, 343.48
480, 640, 2080, 345.50
480, 640, 2160, 343.86
480, 640, 2240, 346.24
480, 640, 2320, 345.19
480, 640, 2400, 345.90
480, 640, 2480, 346.51
480, 640, 2560, 348.21
480, 640, 2640, 339.33
480, 640, 2720, 339.76
480, 640, 2800, 338.66
480, 640, 2880, 342.11
480, 640, 2960, 340.61
480, 640, 3040, 341.99
480, 640, 3120, 340.59
480, 640, 3200, 343.82
480, 640, 3280, 342.31
480, 640, 3360, 343.98
480, 640, 3440, 343.23
480, 640, 3520, 346.22
480, 640, 3600, 344.77
480, 640, 3680, 345.20
480, 640, 3760, 345.52
480, 640, 3840, 348.32
480, 640, 3920, 342.27
480, 640, 4000, 342.44
