bli_shgemm performance
MC = 136, KC = 1536, NC = 2048
m, n, k, GFLOPS
80, 80, 80, 81.30
160, 160, 160, 230.09
240, 240, 240, 278.03
320, 320, 320, 308.72
400, 400, 400, 328.92
480, 480, 480, 343.37
560, 560, 560, 353.18
640, 640, 640, 361.39
720, 720, 720, 367.21
800, 800, 800, 375.95
880, 880, 880, 377.51
960, 960, 960, 382.69
1040, 1040, 1040, 384.03
1120, 1120, 1120, 387.92
1200, 1200, 1200, 387.76
1280, 1280, 1280, 379.41
1360, 1360, 1360, 384.89
1440, 1440, 1440, 383.03
1520, 1520, 1520, 383.06
1600, 1600, 1600, 370.54
1680, 1680, 1680, 374.63
1760, 1760, 1760, 379.03
1840, 1840, 1840, 380.08
1920, 1920, 1920, 378.00
2000, 2000, 2000, 383.63
2080, 2080, 2080, 369.44
2160, 2160, 2160, 356.60
2240, 2240, 2240, 369.45
2320, 2320, 2320, 355.17
2400, 2400, 2400, 371.94
2480, 2480, 2480, 357.04
2560, 2560, 2560, 366.24
2640, 2640, 2640, 358.19
2720, 2720, 2720, 377.18
2800, 2800, 2800, 358.11
2880, 2880, 2880, 378.67
2960, 2960, 2960, 359.15
3040, 3040, 3040, 378.53
3120, 3120, 3120, 347.47
3200, 3200, 3200, 367.04
3280, 3280, 3280, 348.46
3360, 3360, 3360, 371.50
3440, 3440, 3440, 347.10
3520, 3520, 3520, 372.73
3600, 3600, 3600, 348.22
3680, 3680, 3680, 372.29
3760, 3760, 3760, 349.41
3840, 3840, 3840, 366.01
3920, 3920, 3920, 350.15
4000, 4000, 4000, 381.06
