bli_shgemm performance
MC = 200, KC = 1536, NC = 2176
m, n, k, GFLOPS
80, 80, 80, 79.93
160, 160, 160, 230.83
240, 240, 240, 278.92
320, 320, 320, 308.88
400, 400, 400, 329.82
480, 480, 480, 343.97
560, 560, 560, 354.66
640, 640, 640, 363.95
720, 720, 720, 367.66
800, 800, 800, 372.60
880, 880, 880, 372.17
960, 960, 960, 382.79
1040, 1040, 1040, 387.19
1120, 1120, 1120, 387.99
1200, 1200, 1200, 387.10
1280, 1280, 1280, 380.90
1360, 1360, 1360, 389.43
1440, 1440, 1440, 387.75
1520, 1520, 1520, 392.14
1600, 1600, 1600, 378.91
1680, 1680, 1680, 381.83
1760, 1760, 1760, 385.85
1840, 1840, 1840, 388.36
1920, 1920, 1920, 387.34
2000, 2000, 2000, 391.65
2080, 2080, 2080, 382.94
2160, 2160, 2160, 367.52
2240, 2240, 2240, 371.82
2320, 2320, 2320, 358.66
2400, 2400, 2400, 375.33
2480, 2480, 2480, 359.43
2560, 2560, 2560, 368.79
2640, 2640, 2640, 360.64
2720, 2720, 2720, 380.26
2800, 2800, 2800, 362.71
2880, 2880, 2880, 383.45
2960, 2960, 2960, 363.99
3040, 3040, 3040, 382.92
3120, 3120, 3120, 351.95
3200, 3200, 3200, 373.58
3280, 3280, 3280, 352.63
3360, 3360, 3360, 377.99
3440, 3440, 3440, 351.71
3520, 3520, 3520, 378.55
3600, 3600, 3600, 352.64
3680, 3680, 3680, 378.51
3760, 3760, 3760, 354.34
3840, 3840, 3840, 371.38
3920, 3920, 3920, 354.63
4000, 4000, 4000, 387.43
