bli_shgemm performance
MC = 200, KC = 2048, NC = 1728
m, n, k, GFLOPS
80, 80, 80, 81.91
160, 160, 160, 230.37
240, 240, 240, 278.59
320, 320, 320, 308.54
400, 400, 400, 330.46
480, 480, 480, 343.92
560, 560, 560, 350.74
640, 640, 640, 357.92
720, 720, 720, 361.48
800, 800, 800, 340.92
880, 880, 880, 347.92
960, 960, 960, 364.11
1040, 1040, 1040, 359.14
1120, 1120, 1120, 354.17
1200, 1200, 1200, 353.06
1280, 1280, 1280, 341.78
1360, 1360, 1360, 357.75
1440, 1440, 1440, 360.42
1520, 1520, 1520, 366.76
1600, 1600, 1600, 371.88
1680, 1680, 1680, 372.66
1760, 1760, 1760, 371.69
1840, 1840, 1840, 375.95
1920, 1920, 1920, 371.44
2000, 2000, 2000, 377.68
2080, 2080, 2080, 353.80
2160, 2160, 2160, 364.12
2240, 2240, 2240, 377.20
2320, 2320, 2320, 362.96
2400, 2400, 2400, 381.77
2480, 2480, 2480, 363.11
2560, 2560, 2560, 372.09
2640, 2640, 2640, 362.61
2720, 2720, 2720, 382.22
2800, 2800, 2800, 362.59
2880, 2880, 2880, 384.33
2960, 2960, 2960, 364.07
3040, 3040, 3040, 383.20
3120, 3120, 3120, 365.97
3200, 3200, 3200, 367.43
3280, 3280, 3280, 341.15
3360, 3360, 3360, 368.11
3440, 3440, 3440, 341.11
3520, 3520, 3520, 369.24
3600, 3600, 3600, 345.32
3680, 3680, 3680, 370.69
3760, 3760, 3760, 347.16
3840, 3840, 3840, 366.29
3920, 3920, 3920, 350.88
4000, 4000, 4000, 380.67
