bli_shgemm performance
MC = 240, KC = 2560, NC = 1552
m, n, k, GFLOPS
80, 80, 80, 81.97
160, 160, 160, 230.33
240, 240, 240, 278.73
320, 320, 320, 307.81
400, 400, 400, 329.82
480, 480, 480, 344.68
560, 560, 560, 354.04
640, 640, 640, 362.20
720, 720, 720, 369.51
800, 800, 800, 373.55
880, 880, 880, 373.40
960, 960, 960, 383.42
1040, 1040, 1040, 389.60
1120, 1120, 1120, 388.76
1200, 1200, 1200, 391.21
1280, 1280, 1280, 388.10
1360, 1360, 1360, 393.31
1440, 1440, 1440, 395.14
1520, 1520, 1520, 395.81
1600, 1600, 1600, 385.90
1680, 1680, 1680, 393.81
1760, 1760, 1760, 391.58
1840, 1840, 1840, 397.83
1920, 1920, 1920, 393.64
2000, 2000, 2000, 398.68
2080, 2080, 2080, 393.14
2160, 2160, 2160, 385.02
2240, 2240, 2240, 391.21
2320, 2320, 2320, 382.38
2400, 2400, 2400, 392.52
2480, 2480, 2480, 381.74
2560, 2560, 2560, 388.51
2640, 2640, 2640, 367.42
2720, 2720, 2720, 385.43
2800, 2800, 2800, 368.90
2880, 2880, 2880, 389.71
2960, 2960, 2960, 370.41
3040, 3040, 3040, 389.70
3120, 3120, 3120, 368.80
3200, 3200, 3200, 383.13
3280, 3280, 3280, 369.15
3360, 3360, 3360, 385.60
3440, 3440, 3440, 368.97
3520, 3520, 3520, 389.06
3600, 3600, 3600, 370.90
3680, 3680, 3680, 389.02
3760, 3760, 3760, 373.10
3840, 3840, 3840, 385.81
3920, 3920, 3920, 386.91
4000, 4000, 4000, 398.15
