bli_shgemm performance
MC = 272, KC = 2304, NC = 1728
m, n, k, GFLOPS
80, 80, 80, 80.87
160, 160, 160, 231.12
240, 240, 240, 279.78
320, 320, 320, 307.92
400, 400, 400, 330.36
480, 480, 480, 344.74
560, 560, 560, 354.84
640, 640, 640, 356.24
720, 720, 720, 369.87
800, 800, 800, 371.24
880, 880, 880, 370.97
960, 960, 960, 380.95
1040, 1040, 1040, 386.51
1120, 1120, 1120, 386.11
1200, 1200, 1200, 390.06
1280, 1280, 1280, 387.72
1360, 1360, 1360, 394.69
1440, 1440, 1440, 391.99
1520, 1520, 1520, 398.87
1600, 1600, 1600, 396.59
1680, 1680, 1680, 400.93
1760, 1760, 1760, 390.71
1840, 1840, 1840, 397.54
1920, 1920, 1920, 391.38
2000, 2000, 2000, 398.44
2080, 2080, 2080, 393.67
2160, 2160, 2160, 386.84
2240, 2240, 2240, 393.73
2320, 2320, 2320, 367.44
2400, 2400, 2400, 383.93
2480, 2480, 2480, 365.43
2560, 2560, 2560, 374.74
2640, 2640, 2640, 368.19
2720, 2720, 2720, 389.02
2800, 2800, 2800, 367.64
2880, 2880, 2880, 388.39
2960, 2960, 2960, 368.84
3040, 3040, 3040, 388.83
3120, 3120, 3120, 371.10
3200, 3200, 3200, 387.31
3280, 3280, 3280, 370.63
3360, 3360, 3360, 389.90
3440, 3440, 3440, 368.55
3520, 3520, 3520, 387.86
3600, 3600, 3600, 366.01
3680, 3680, 3680, 388.32
3760, 3760, 3760, 370.46
3840, 3840, 3840, 386.13
3920, 3920, 3920, 386.69
4000, 4000, 4000, 399.52
