bli_shgemm performance
MC = 712, KC = 2560, NC = 2864
m, n, k, GFLOPS
80, 80, 80, 80.88
160, 160, 160, 182.46
240, 240, 240, 278.65
320, 320, 320, 309.40
400, 400, 400, 330.59
480, 480, 480, 344.93
560, 560, 560, 354.11
640, 640, 640, 350.77
720, 720, 720, 350.69
800, 800, 800, 365.02
880, 880, 880, 367.83
960, 960, 960, 372.38
1040, 1040, 1040, 379.95
1120, 1120, 1120, 382.42
1200, 1200, 1200, 389.02
1280, 1280, 1280, 386.82
1360, 1360, 1360, 396.72
1440, 1440, 1440, 394.62
1520, 1520, 1520, 399.06
1600, 1600, 1600, 401.26
1680, 1680, 1680, 406.00
1760, 1760, 1760, 403.75
1840, 1840, 1840, 409.24
1920, 1920, 1920, 404.28
2000, 2000, 2000, 412.31
2080, 2080, 2080, 403.52
2160, 2160, 2160, 369.81
2240, 2240, 2240, 403.31
2320, 2320, 2320, 370.97
2400, 2400, 2400, 402.89
2480, 2480, 2480, 393.71
2560, 2560, 2560, 398.74
2640, 2640, 2640, 372.87
2720, 2720, 2720, 393.15
2800, 2800, 2800, 371.34
2880, 2880, 2880, 385.88
2960, 2960, 2960, 362.70
3040, 3040, 3040, 387.76
3120, 3120, 3120, 365.85
3200, 3200, 3200, 385.91
3280, 3280, 3280, 368.33
3360, 3360, 3360, 390.74
3440, 3440, 3440, 369.48
3520, 3520, 3520, 395.07
3600, 3600, 3600, 369.75
3680, 3680, 3680, 401.29
3760, 3760, 3760, 387.65
3840, 3840, 3840, 398.56
3920, 3920, 3920, 389.47
4000, 4000, 4000, 406.09
