bli_shgemm performance
MC = 744, KC = 2816, NC = 2976
m, n, k, GFLOPS
80, 80, 80, 80.85
160, 160, 160, 171.29
240, 240, 240, 278.75
320, 320, 320, 306.38
400, 400, 400, 327.24
480, 480, 480, 341.90
560, 560, 560, 344.28
640, 640, 640, 347.68
720, 720, 720, 347.85
800, 800, 800, 359.08
880, 880, 880, 357.91
960, 960, 960, 374.84
1040, 1040, 1040, 381.71
1120, 1120, 1120, 383.14
1200, 1200, 1200, 388.57
1280, 1280, 1280, 386.86
1360, 1360, 1360, 397.84
1440, 1440, 1440, 399.28
1520, 1520, 1520, 401.31
1600, 1600, 1600, 401.42
1680, 1680, 1680, 407.14
1760, 1760, 1760, 403.74
1840, 1840, 1840, 408.92
1920, 1920, 1920, 403.02
2000, 2000, 2000, 412.22
2080, 2080, 2080, 401.82
2160, 2160, 2160, 358.43
2240, 2240, 2240, 399.87
2320, 2320, 2320, 359.41
2400, 2400, 2400, 400.37
2480, 2480, 2480, 356.71
2560, 2560, 2560, 377.66
2640, 2640, 2640, 341.29
2720, 2720, 2720, 368.16
2800, 2800, 2800, 350.88
2880, 2880, 2880, 347.28
2960, 2960, 2960, 325.03
3040, 3040, 3040, 338.91
3120, 3120, 3120, 323.89
3200, 3200, 3200, 343.02
3280, 3280, 3280, 328.56
3360, 3360, 3360, 353.25
3440, 3440, 3440, 336.82
3520, 3520, 3520, 359.00
3600, 3600, 3600, 345.82
3680, 3680, 3680, 359.35
3760, 3760, 3760, 342.89
3840, 3840, 3840, 356.11
3920, 3920, 3920, 348.20
4000, 4000, 4000, 365.38
