bli_shgemm performance
MC = 512, KC = 3072, NC = 3072
m, n, k, GFLOPS
512, 80, 80, 194.77
512, 160, 160, 263.39
512, 240, 240, 296.86
512, 320, 320, 317.27
512, 400, 400, 334.67
512, 480, 480, 344.80
512, 560, 560, 353.28
512, 640, 640, 353.44
512, 720, 720, 350.20
512, 800, 800, 354.34
512, 880, 880, 353.89
512, 960, 960, 359.28
512, 1040, 1040, 365.36
512, 1120, 1120, 367.49
512, 1200, 1200, 371.35
512, 1280, 1280, 360.92
512, 1360, 1360, 376.21
512, 1440, 1440, 377.56
512, 1520, 1520, 380.41
512, 1600, 1600, 380.86
512, 1680, 1680, 383.89
512, 1760, 1760, 384.43
512, 1840, 1840, 380.58
512, 1920, 1920, 376.66
512, 2000, 2000, 380.72
512, 2080, 2080, 380.56
512, 2160, 2160, 373.06
512, 2240, 2240, 380.28
512, 2320, 2320, 329.92
512, 2400, 2400, 382.98
512, 2480, 2480, 329.23
512, 2560, 2560, 365.47
512, 2640, 2640, 323.07
512, 2720, 2720, 382.82
512, 2800, 2800, 316.41
512, 2880, 2880, 379.87
512, 2960, 2960, 314.23
512, 3040, 3040, 381.19
512, 3120, 3120, 298.13
512, 3200, 3200, 366.40
512, 3280, 3280, 284.09
512, 3360, 3360, 372.18
512, 3440, 3440, 347.42
512, 3520, 3520, 377.03
512, 3600, 3600, 348.69
512, 3680, 3680, 374.40
512, 3760, 3760, 349.77
512, 3840, 3840, 370.97
512, 3920, 3920, 353.04
512, 4000, 4000, 377.89
