bli_shgemm performance
MC = 256, KC = 1792, NC = 5120
m, n, k, GFLOPS
256, 80, 80, 183.36
256, 160, 160, 246.61
256, 240, 240, 280.31
256, 320, 320, 300.24
256, 400, 400, 312.39
256, 480, 480, 320.64
256, 560, 560, 327.33
256, 640, 640, 330.72
256, 720, 720, 338.77
256, 800, 800, 343.65
256, 880, 880, 339.80
256, 960, 960, 341.56
256, 1040, 1040, 339.40
256, 1120, 1120, 340.94
256, 1200, 1200, 339.00
256, 1280, 1280, 324.69
256, 1360, 1360, 341.05
256, 1440, 1440, 344.49
256, 1520, 1520, 343.91
256, 1600, 1600, 347.33
256, 1680, 1680, 344.84
256, 1760, 1760, 347.69
256, 1840, 1840, 337.94
256, 1920, 1920, 331.08
256, 2000, 2000, 337.12
256, 2080, 2080, 341.13
256, 2160, 2160, 329.52
256, 2240, 2240, 343.24
256, 2320, 2320, 328.11
256, 2400, 2400, 340.97
256, 2480, 2480, 265.32
256, 2560, 2560, 318.52
256, 2640, 2640, 257.82
256, 2720, 2720, 346.71
256, 2800, 2800, 253.56
256, 2880, 2880, 343.47
256, 2960, 2960, 251.94
256, 3040, 3040, 340.15
256, 3120, 3120, 239.26
256, 3200, 3200, 333.20
256, 3280, 3280, 236.74
256, 3360, 3360, 345.25
256, 3440, 3440, 230.27
256, 3520, 3520, 340.76
256, 3600, 3600, 218.70
256, 3680, 3680, 340.67
256, 3760, 3760, 214.32
256, 3840, 3840, 322.44
256, 3920, 3920, 209.94
256, 4000, 4000, 340.95
