bli_shgemm performance
MC = 512, KC = 2816, NC = 4096
m, n, k, GFLOPS
512, 80, 80, 194.20
512, 160, 160, 262.66
512, 240, 240, 298.89
512, 320, 320, 321.43
512, 400, 400, 336.73
512, 480, 480, 345.35
512, 560, 560, 351.67
512, 640, 640, 346.11
512, 720, 720, 352.70
512, 800, 800, 358.53
512, 880, 880, 352.39
512, 960, 960, 361.19
512, 1040, 1040, 360.55
512, 1120, 1120, 367.18
512, 1200, 1200, 365.88
512, 1280, 1280, 361.01
512, 1360, 1360, 375.01
512, 1440, 1440, 382.92
512, 1520, 1520, 381.04
512, 1600, 1600, 379.47
512, 1680, 1680, 381.98
512, 1760, 1760, 381.63
512, 1840, 1840, 383.72
512, 1920, 1920, 376.46
512, 2000, 2000, 385.74
512, 2080, 2080, 384.04
512, 2160, 2160, 332.82
512, 2240, 2240, 384.02
512, 2320, 2320, 327.25
512, 2400, 2400, 386.27
512, 2480, 2480, 324.07
512, 2560, 2560, 368.59
512, 2640, 2640, 316.90
512, 2720, 2720, 363.84
512, 2800, 2800, 313.88
512, 2880, 2880, 370.82
512, 2960, 2960, 302.71
512, 3040, 3040, 374.97
512, 3120, 3120, 294.49
512, 3200, 3200, 367.42
512, 3280, 3280, 289.09
512, 3360, 3360, 376.97
512, 3440, 3440, 284.55
512, 3520, 3520, 371.23
512, 3600, 3600, 281.42
512, 3680, 3680, 372.03
512, 3760, 3760, 272.02
512, 3840, 3840, 360.07
512, 3920, 3920, 267.95
512, 4000, 4000, 373.78
