bli_shgemm performance
MC = 256, KC = 3328, NC = 2048
m, n, k, GFLOPS
256, 80, 80, 183.97
256, 160, 160, 248.75
256, 240, 240, 281.86
256, 320, 320, 301.05
256, 400, 400, 313.34
256, 480, 480, 324.20
256, 560, 560, 329.12
256, 640, 640, 330.02
256, 720, 720, 336.69
256, 800, 800, 340.19
256, 880, 880, 333.56
256, 960, 960, 339.53
256, 1040, 1040, 338.74
256, 1120, 1120, 341.13
256, 1200, 1200, 342.32
256, 1280, 1280, 322.89
256, 1360, 1360, 346.49
256, 1440, 1440, 348.77
256, 1520, 1520, 349.84
256, 1600, 1600, 348.31
256, 1680, 1680, 350.78
256, 1760, 1760, 350.93
256, 1840, 1840, 350.97
256, 1920, 1920, 338.48
256, 2000, 2000, 351.21
256, 2080, 2080, 345.22
256, 2160, 2160, 276.09
256, 2240, 2240, 343.10
256, 2320, 2320, 273.13
256, 2400, 2400, 343.09
256, 2480, 2480, 263.40
256, 2560, 2560, 316.70
256, 2640, 2640, 255.02
256, 2720, 2720, 339.18
256, 2800, 2800, 251.74
256, 2880, 2880, 340.13
256, 2960, 2960, 248.55
256, 3040, 3040, 344.70
256, 3120, 3120, 246.07
256, 3200, 3200, 334.82
256, 3280, 3280, 242.67
256, 3360, 3360, 338.61
256, 3440, 3440, 323.72
256, 3520, 3520, 341.61
256, 3600, 3600, 324.87
256, 3680, 3680, 341.38
256, 3760, 3760, 325.76
256, 3840, 3840, 335.08
256, 3920, 3920, 326.40
256, 4000, 4000, 344.20
