bli_shgemm performance
MC = 256, KC = 2304, NC = 4096
m, n, k, GFLOPS
256, 80, 80, 184.02
256, 160, 160, 248.91
256, 240, 240, 282.72
256, 320, 320, 299.82
256, 400, 400, 312.49
256, 480, 480, 320.18
256, 560, 560, 327.10
256, 640, 640, 330.25
256, 720, 720, 336.65
256, 800, 800, 339.85
256, 880, 880, 336.92
256, 960, 960, 339.62
256, 1040, 1040, 337.60
256, 1120, 1120, 337.62
256, 1200, 1200, 336.22
256, 1280, 1280, 323.68
256, 1360, 1360, 339.98
256, 1440, 1440, 345.17
256, 1520, 1520, 343.25
256, 1600, 1600, 346.78
256, 1680, 1680, 345.52
256, 1760, 1760, 348.51
256, 1840, 1840, 346.87
256, 1920, 1920, 338.43
256, 2000, 2000, 343.38
256, 2080, 2080, 348.82
256, 2160, 2160, 337.09
256, 2240, 2240, 348.65
256, 2320, 2320, 327.18
256, 2400, 2400, 337.56
256, 2480, 2480, 324.27
256, 2560, 2560, 312.75
256, 2640, 2640, 264.53
256, 2720, 2720, 344.07
256, 2800, 2800, 255.73
256, 2880, 2880, 322.90
256, 2960, 2960, 252.44
256, 3040, 3040, 344.22
256, 3120, 3120, 242.03
256, 3200, 3200, 331.12
256, 3280, 3280, 239.67
256, 3360, 3360, 344.49
256, 3440, 3440, 232.16
256, 3520, 3520, 340.55
256, 3600, 3600, 225.92
256, 3680, 3680, 344.96
256, 3760, 3760, 219.45
256, 3840, 3840, 327.09
256, 3920, 3920, 214.10
256, 4000, 4000, 344.31
