bli_shgemm performance
MC = 512, KC = 1024, NC = 4096
m, n, k, GFLOPS
512, 80, 80, 194.03
512, 160, 160, 262.99
512, 240, 240, 301.52
512, 320, 320, 320.34
512, 400, 400, 337.21
512, 480, 480, 345.11
512, 560, 560, 350.24
512, 640, 640, 350.63
512, 720, 720, 353.62
512, 800, 800, 356.61
512, 880, 880, 353.99
512, 960, 960, 360.11
512, 1040, 1040, 352.45
512, 1120, 1120, 351.10
512, 1200, 1200, 348.48
512, 1280, 1280, 345.02
512, 1360, 1360, 353.20
512, 1440, 1440, 360.88
512, 1520, 1520, 361.13
512, 1600, 1600, 362.15
512, 1680, 1680, 361.18
512, 1760, 1760, 365.88
512, 1840, 1840, 365.92
512, 1920, 1920, 361.43
512, 2000, 2000, 367.96
512, 2080, 2080, 360.72
512, 2160, 2160, 305.35
512, 2240, 2240, 361.56
512, 2320, 2320, 344.83
512, 2400, 2400, 363.56
512, 2480, 2480, 347.23
512, 2560, 2560, 350.87
512, 2640, 2640, 346.55
512, 2720, 2720, 364.83
512, 2800, 2800, 345.57
512, 2880, 2880, 368.30
512, 2960, 2960, 345.74
512, 3040, 3040, 367.74
512, 3120, 3120, 335.83
512, 3200, 3200, 356.40
512, 3280, 3280, 335.75
512, 3360, 3360, 360.28
512, 3440, 3440, 333.37
512, 3520, 3520, 365.53
512, 3600, 3600, 332.75
512, 3680, 3680, 362.25
512, 3760, 3760, 333.06
512, 3840, 3840, 357.82
512, 3920, 3920, 332.67
512, 4000, 4000, 363.67
