bli_shgemm performance
MC = 384, KC = 1280, NC = 3072
m, n, k, GFLOPS
384, 80, 80, 190.24
384, 160, 160, 257.68
384, 240, 240, 293.97
384, 320, 320, 314.29
384, 400, 400, 328.72
384, 480, 480, 337.44
384, 560, 560, 344.18
384, 640, 640, 347.31
384, 720, 720, 350.65
384, 800, 800, 350.75
384, 880, 880, 345.51
384, 960, 960, 349.25
384, 1040, 1040, 353.81
384, 1120, 1120, 355.55
384, 1200, 1200, 355.34
384, 1280, 1280, 348.57
384, 1360, 1360, 349.30
384, 1440, 1440, 354.94
384, 1520, 1520, 355.01
384, 1600, 1600, 355.61
384, 1680, 1680, 356.92
384, 1760, 1760, 358.15
384, 1840, 1840, 357.31
384, 1920, 1920, 340.04
384, 2000, 2000, 332.29
384, 2080, 2080, 324.11
384, 2160, 2160, 301.68
384, 2240, 2240, 357.44
384, 2320, 2320, 300.76
384, 2400, 2400, 362.22
384, 2480, 2480, 300.66
384, 2560, 2560, 341.61
384, 2640, 2640, 283.38
384, 2720, 2720, 354.90
384, 2800, 2800, 284.02
384, 2880, 2880, 352.70
384, 2960, 2960, 275.83
384, 3040, 3040, 355.87
384, 3120, 3120, 265.78
384, 3200, 3200, 341.83
384, 3280, 3280, 259.61
384, 3360, 3360, 352.81
384, 3440, 3440, 256.96
384, 3520, 3520, 349.35
384, 3600, 3600, 250.98
384, 3680, 3680, 353.89
384, 3760, 3760, 246.42
384, 3840, 3840, 339.86
384, 3920, 3920, 240.02
384, 4000, 4000, 350.76
