bli_shgemm performance
MC = 256, KC = 512, NC = 2048
m, n, k, GFLOPS
256, 80, 80, 183.92
256, 160, 160, 248.01
256, 240, 240, 281.59
256, 320, 320, 298.17
256, 400, 400, 312.11
256, 480, 480, 319.40
256, 560, 560, 307.08
256, 640, 640, 309.85
256, 720, 720, 320.61
256, 800, 800, 324.39
256, 880, 880, 328.18
256, 960, 960, 329.45
256, 1040, 1040, 316.47
256, 1120, 1120, 320.57
256, 1200, 1200, 316.80
256, 1280, 1280, 310.21
256, 1360, 1360, 318.95
256, 1440, 1440, 325.80
256, 1520, 1520, 321.24
256, 1600, 1600, 321.48
256, 1680, 1680, 316.58
256, 1760, 1760, 323.19
256, 1840, 1840, 317.49
256, 1920, 1920, 315.29
256, 2000, 2000, 320.76
256, 2080, 2080, 313.10
256, 2160, 2160, 291.57
256, 2240, 2240, 315.91
256, 2320, 2320, 296.41
256, 2400, 2400, 318.16
256, 2480, 2480, 300.46
256, 2560, 2560, 294.40
256, 2640, 2640, 295.59
256, 2720, 2720, 319.02
256, 2800, 2800, 299.02
256, 2880, 2880, 321.66
256, 2960, 2960, 298.71
256, 3040, 3040, 323.29
256, 3120, 3120, 294.82
256, 3200, 3200, 311.84
256, 3280, 3280, 291.84
256, 3360, 3360, 319.29
256, 3440, 3440, 290.54
256, 3520, 3520, 321.60
256, 3600, 3600, 285.73
256, 3680, 3680, 317.38
256, 3760, 3760, 286.13
256, 3840, 3840, 308.60
256, 3920, 3920, 288.99
256, 4000, 4000, 318.98
