bli_shgemm performance
MC = 512, KC = 2304, NC = 1024
m, n, k, GFLOPS
512, 80, 80, 194.38
512, 160, 160, 263.12
512, 240, 240, 299.28
512, 320, 320, 320.57
512, 400, 400, 337.41
512, 480, 480, 345.30
512, 560, 560, 352.26
512, 640, 640, 352.72
512, 720, 720, 352.47
512, 800, 800, 356.01
512, 880, 880, 356.47
512, 960, 960, 360.03
512, 1040, 1040, 347.47
512, 1120, 1120, 349.97
512, 1200, 1200, 356.64
512, 1280, 1280, 350.47
512, 1360, 1360, 363.11
512, 1440, 1440, 363.84
512, 1520, 1520, 367.51
512, 1600, 1600, 368.95
512, 1680, 1680, 372.31
512, 1760, 1760, 373.12
512, 1840, 1840, 375.44
512, 1920, 1920, 363.07
512, 2000, 2000, 354.23
512, 2080, 2080, 350.97
512, 2160, 2160, 316.55
512, 2240, 2240, 373.01
512, 2320, 2320, 307.04
512, 2400, 2400, 361.80
512, 2480, 2480, 300.40
512, 2560, 2560, 342.61
512, 2640, 2640, 298.55
512, 2720, 2720, 364.25
512, 2800, 2800, 349.80
512, 2880, 2880, 364.93
512, 2960, 2960, 349.76
512, 3040, 3040, 363.46
512, 3120, 3120, 347.87
512, 3200, 3200, 358.29
512, 3280, 3280, 344.16
512, 3360, 3360, 362.27
512, 3440, 3440, 348.78
512, 3520, 3520, 366.28
512, 3600, 3600, 350.72
512, 3680, 3680, 366.53
512, 3760, 3760, 352.97
512, 3840, 3840, 363.96
512, 3920, 3920, 355.10
512, 4000, 4000, 368.69
