bli_shgemm performance
MC = 384, KC = 3840, NC = 2048
m, n, k, GFLOPS
384, 80, 80, 189.75
384, 160, 160, 256.91
384, 240, 240, 292.86
384, 320, 320, 314.29
384, 400, 400, 328.66
384, 480, 480, 337.45
384, 560, 560, 342.71
384, 640, 640, 347.55
384, 720, 720, 354.59
384, 800, 800, 352.75
384, 880, 880, 353.07
384, 960, 960, 353.62
384, 1040, 1040, 358.58
384, 1120, 1120, 355.99
384, 1200, 1200, 357.50
384, 1280, 1280, 347.61
384, 1360, 1360, 363.63
384, 1440, 1440, 365.70
384, 1520, 1520, 366.39
384, 1600, 1600, 368.11
384, 1680, 1680, 369.30
384, 1760, 1760, 370.23
384, 1840, 1840, 368.85
384, 1920, 1920, 361.96
384, 2000, 2000, 370.64
384, 2080, 2080, 360.08
384, 2160, 2160, 352.68
384, 2240, 2240, 364.63
384, 2320, 2320, 303.14
384, 2400, 2400, 367.78
384, 2480, 2480, 296.65
384, 2560, 2560, 347.66
384, 2640, 2640, 299.26
384, 2720, 2720, 369.68
384, 2800, 2800, 288.77
384, 2880, 2880, 364.30
384, 2960, 2960, 283.40
384, 3040, 3040, 369.02
384, 3120, 3120, 292.97
384, 3200, 3200, 364.46
384, 3280, 3280, 300.56
384, 3360, 3360, 372.66
384, 3440, 3440, 295.81
384, 3520, 3520, 369.34
384, 3600, 3600, 286.68
384, 3680, 3680, 369.72
384, 3760, 3760, 279.50
384, 3840, 3840, 357.16
384, 3920, 3920, 267.49
384, 4000, 4000, 365.33
