bli_shgemm performance
MC = 256, KC = 512, NC = 1024
m, n, k, GFLOPS
256, 80, 80, 180.81
256, 160, 160, 245.96
256, 240, 240, 280.02
256, 320, 320, 300.29
256, 400, 400, 313.26
256, 480, 480, 320.27
256, 560, 560, 307.72
256, 640, 640, 310.66
256, 720, 720, 320.83
256, 800, 800, 325.23
256, 880, 880, 326.89
256, 960, 960, 329.24
256, 1040, 1040, 303.28
256, 1120, 1120, 306.30
256, 1200, 1200, 318.39
256, 1280, 1280, 318.10
256, 1360, 1360, 323.12
256, 1440, 1440, 325.89
256, 1520, 1520, 321.67
256, 1600, 1600, 320.12
256, 1680, 1680, 317.91
256, 1760, 1760, 320.02
256, 1840, 1840, 315.60
256, 1920, 1920, 320.01
256, 2000, 2000, 325.05
256, 2080, 2080, 316.46
256, 2160, 2160, 263.48
256, 2240, 2240, 319.65
256, 2320, 2320, 270.86
256, 2400, 2400, 323.08
256, 2480, 2480, 287.41
256, 2560, 2560, 316.14
256, 2640, 2640, 289.30
256, 2720, 2720, 329.96
256, 2800, 2800, 294.73
256, 2880, 2880, 333.57
256, 2960, 2960, 298.50
256, 3040, 3040, 335.91
256, 3120, 3120, 293.03
256, 3200, 3200, 326.19
256, 3280, 3280, 293.15
256, 3360, 3360, 331.17
256, 3440, 3440, 303.35
256, 3520, 3520, 333.65
256, 3600, 3600, 304.21
256, 3680, 3680, 330.79
256, 3760, 3760, 305.27
256, 3840, 3840, 328.89
256, 3920, 3920, 310.64
256, 4000, 4000, 335.24
