bli_shgemm performance
MC = 512, KC = 2304, NC = 4096
m, n, k, GFLOPS
512, 80, 80, 194.34
512, 160, 160, 262.88
512, 240, 240, 301.32
512, 320, 320, 321.40
512, 400, 400, 336.45
512, 480, 480, 345.17
512, 560, 560, 352.11
512, 640, 640, 348.73
512, 720, 720, 353.45
512, 800, 800, 352.43
512, 880, 880, 350.85
512, 960, 960, 359.86
512, 1040, 1040, 366.42
512, 1120, 1120, 367.09
512, 1200, 1200, 373.67
512, 1280, 1280, 365.75
512, 1360, 1360, 375.11
512, 1440, 1440, 377.14
512, 1520, 1520, 378.75
512, 1600, 1600, 380.80
512, 1680, 1680, 380.60
512, 1760, 1760, 381.88
512, 1840, 1840, 381.39
512, 1920, 1920, 377.06
512, 2000, 2000, 383.00
512, 2080, 2080, 386.50
512, 2160, 2160, 333.74
512, 2240, 2240, 385.26
512, 2320, 2320, 320.17
512, 2400, 2400, 378.20
512, 2480, 2480, 316.24
512, 2560, 2560, 358.71
512, 2640, 2640, 315.47
512, 2720, 2720, 379.27
512, 2800, 2800, 306.37
512, 2880, 2880, 376.29
512, 2960, 2960, 302.46
512, 3040, 3040, 379.37
512, 3120, 3120, 294.59
512, 3200, 3200, 371.19
512, 3280, 3280, 292.75
512, 3360, 3360, 379.52
512, 3440, 3440, 284.79
512, 3520, 3520, 377.74
512, 3600, 3600, 280.82
512, 3680, 3680, 380.36
512, 3760, 3760, 276.27
512, 3840, 3840, 369.20
512, 3920, 3920, 272.36
512, 4000, 4000, 375.38
