bli_shgemm performance
MC = 256, KC = 2304, NC = 2048
m, n, k, GFLOPS
256, 80, 80, 183.36
256, 160, 160, 246.01
256, 240, 240, 280.43
256, 320, 320, 300.58
256, 400, 400, 313.76
256, 480, 480, 320.66
256, 560, 560, 326.60
256, 640, 640, 331.48
256, 720, 720, 339.24
256, 800, 800, 340.61
256, 880, 880, 339.03
256, 960, 960, 340.14
256, 1040, 1040, 335.50
256, 1120, 1120, 339.34
256, 1200, 1200, 340.23
256, 1280, 1280, 325.50
256, 1360, 1360, 342.77
256, 1440, 1440, 346.98
256, 1520, 1520, 342.54
256, 1600, 1600, 346.74
256, 1680, 1680, 344.92
256, 1760, 1760, 350.70
256, 1840, 1840, 352.50
256, 1920, 1920, 339.35
256, 2000, 2000, 351.77
256, 2080, 2080, 346.24
256, 2160, 2160, 275.34
256, 2240, 2240, 341.57
256, 2320, 2320, 252.57
256, 2400, 2400, 334.77
256, 2480, 2480, 327.42
256, 2560, 2560, 320.69
256, 2640, 2640, 328.61
256, 2720, 2720, 343.02
256, 2800, 2800, 328.72
256, 2880, 2880, 345.33
256, 2960, 2960, 330.57
256, 3040, 3040, 347.14
256, 3120, 3120, 332.37
256, 3200, 3200, 342.25
256, 3280, 3280, 324.61
256, 3360, 3360, 347.80
256, 3440, 3440, 330.05
256, 3520, 3520, 349.68
256, 3600, 3600, 330.23
256, 3680, 3680, 348.75
256, 3760, 3760, 331.68
256, 3840, 3840, 343.61
256, 3920, 3920, 332.41
256, 4000, 4000, 348.03
