bli_shgemm performance
MC = 256, KC = 2560, NC = 2048
m, n, k, GFLOPS
256, 80, 80, 183.28
256, 160, 160, 248.92
256, 240, 240, 281.88
256, 320, 320, 299.17
256, 400, 400, 312.24
256, 480, 480, 321.28
256, 560, 560, 326.51
256, 640, 640, 331.49
256, 720, 720, 339.43
256, 800, 800, 341.65
256, 880, 880, 339.48
256, 960, 960, 337.57
256, 1040, 1040, 333.80
256, 1120, 1120, 338.70
256, 1200, 1200, 338.43
256, 1280, 1280, 322.02
256, 1360, 1360, 344.42
256, 1440, 1440, 346.70
256, 1520, 1520, 348.84
256, 1600, 1600, 351.11
256, 1680, 1680, 350.24
256, 1760, 1760, 352.35
256, 1840, 1840, 354.21
256, 1920, 1920, 341.30
256, 2000, 2000, 355.26
256, 2080, 2080, 347.65
256, 2160, 2160, 280.17
256, 2240, 2240, 345.97
256, 2320, 2320, 262.28
256, 2400, 2400, 343.59
256, 2480, 2480, 261.75
256, 2560, 2560, 321.90
256, 2640, 2640, 262.33
256, 2720, 2720, 342.66
256, 2800, 2800, 338.33
256, 2880, 2880, 343.84
256, 2960, 2960, 330.84
256, 3040, 3040, 344.59
256, 3120, 3120, 329.94
256, 3200, 3200, 339.94
256, 3280, 3280, 323.41
256, 3360, 3360, 345.76
256, 3440, 3440, 328.79
256, 3520, 3520, 346.80
256, 3600, 3600, 328.00
256, 3680, 3680, 346.34
256, 3760, 3760, 329.41
256, 3840, 3840, 340.65
256, 3920, 3920, 328.23
256, 4000, 4000, 347.20
