bli_shgemm performance
MC = 640, KC = 2816, NC = 2048
m, n, k, GFLOPS
640, 80, 80, 196.03
640, 160, 160, 267.13
640, 240, 240, 302.86
640, 320, 320, 325.54
640, 400, 400, 340.89
640, 480, 480, 349.60
640, 560, 560, 352.56
640, 640, 640, 349.40
640, 720, 720, 351.59
640, 800, 800, 356.86
640, 880, 880, 360.48
640, 960, 960, 366.85
640, 1040, 1040, 371.38
640, 1120, 1120, 373.41
640, 1200, 1200, 378.90
640, 1280, 1280, 370.33
640, 1360, 1360, 383.87
640, 1440, 1440, 384.31
640, 1520, 1520, 386.27
640, 1600, 1600, 385.33
640, 1680, 1680, 388.50
640, 1760, 1760, 387.75
640, 1840, 1840, 390.27
640, 1920, 1920, 384.44
640, 2000, 2000, 392.62
640, 2080, 2080, 387.61
640, 2160, 2160, 342.76
640, 2240, 2240, 378.18
640, 2320, 2320, 328.22
640, 2400, 2400, 380.70
640, 2480, 2480, 327.90
640, 2560, 2560, 364.24
640, 2640, 2640, 317.34
640, 2720, 2720, 376.84
640, 2800, 2800, 313.36
640, 2880, 2880, 375.43
640, 2960, 2960, 300.37
640, 3040, 3040, 379.27
640, 3120, 3120, 360.47
640, 3200, 3200, 377.26
640, 3280, 3280, 358.02
640, 3360, 3360, 381.57
640, 3440, 3440, 356.97
640, 3520, 3520, 379.41
640, 3600, 3600, 359.28
640, 3680, 3680, 379.92
640, 3760, 3760, 361.51
640, 3840, 3840, 376.73
640, 3920, 3920, 362.88
640, 4000, 4000, 382.67
