bli_shgemm performance
MC = 640, KC = 512, NC = 5120
m, n, k, GFLOPS
640, 80, 80, 196.69
640, 160, 160, 267.51
640, 240, 240, 305.01
640, 320, 320, 324.79
640, 400, 400, 341.73
640, 480, 480, 348.33
640, 560, 560, 336.87
640, 640, 640, 332.57
640, 720, 720, 338.27
640, 800, 800, 340.40
640, 880, 880, 343.57
640, 960, 960, 352.03
640, 1040, 1040, 333.29
640, 1120, 1120, 344.62
640, 1200, 1200, 344.80
640, 1280, 1280, 337.61
640, 1360, 1360, 345.93
640, 1440, 1440, 357.58
640, 1520, 1520, 356.30
640, 1600, 1600, 353.29
640, 1680, 1680, 353.09
640, 1760, 1760, 357.87
640, 1840, 1840, 353.18
640, 1920, 1920, 352.76
640, 2000, 2000, 358.57
640, 2080, 2080, 351.69
640, 2160, 2160, 324.97
640, 2240, 2240, 354.51
640, 2320, 2320, 328.45
640, 2400, 2400, 355.54
640, 2480, 2480, 332.18
640, 2560, 2560, 336.98
640, 2640, 2640, 322.40
640, 2720, 2720, 355.10
640, 2800, 2800, 324.25
640, 2880, 2880, 355.36
640, 2960, 2960, 325.88
640, 3040, 3040, 358.67
640, 3120, 3120, 318.99
640, 3200, 3200, 346.40
640, 3280, 3280, 320.51
640, 3360, 3360, 357.25
640, 3440, 3440, 322.32
640, 3520, 3520, 355.05
640, 3600, 3600, 314.96
640, 3680, 3680, 350.97
640, 3760, 3760, 313.94
640, 3840, 3840, 335.56
640, 3920, 3920, 320.15
640, 4000, 4000, 355.51
