bli_shgemm performance
MC = 640, KC = 1280, NC = 5120
m, n, k, GFLOPS
640, 80, 80, 197.42
640, 160, 160, 268.57
640, 240, 240, 306.01
640, 320, 320, 326.45
640, 400, 400, 340.29
640, 480, 480, 346.55
640, 560, 560, 348.95
640, 640, 640, 349.75
640, 720, 720, 352.01
640, 800, 800, 356.26
640, 880, 880, 358.93
640, 960, 960, 367.07
640, 1040, 1040, 371.35
640, 1120, 1120, 376.85
640, 1200, 1200, 373.70
640, 1280, 1280, 371.57
640, 1360, 1360, 364.47
640, 1440, 1440, 370.34
640, 1520, 1520, 371.20
640, 1600, 1600, 373.77
640, 1680, 1680, 374.60
640, 1760, 1760, 376.62
640, 1840, 1840, 360.56
640, 1920, 1920, 344.15
640, 2000, 2000, 338.94
640, 2080, 2080, 338.13
640, 2160, 2160, 235.68
640, 2240, 2240, 362.22
640, 2320, 2320, 230.57
640, 2400, 2400, 364.71
640, 2480, 2480, 235.57
640, 2560, 2560, 345.04
640, 2640, 2640, 226.13
640, 2720, 2720, 356.92
640, 2800, 2800, 225.88
640, 2880, 2880, 359.95
640, 2960, 2960, 229.36
640, 3040, 3040, 362.14
640, 3120, 3120, 284.00
640, 3200, 3200, 368.43
640, 3280, 3280, 282.88
640, 3360, 3360, 381.15
640, 3440, 3440, 290.91
640, 3520, 3520, 370.18
640, 3600, 3600, 274.52
640, 3680, 3680, 367.61
640, 3760, 3760, 273.99
640, 3840, 3840, 357.17
640, 3920, 3920, 265.10
640, 4000, 4000, 369.15
