bli_shgemm performance
MC = 256, KC = 3584, NC = 3072
m, n, k, GFLOPS
256, 80, 80, 183.31
256, 160, 160, 249.08
256, 240, 240, 282.10
256, 320, 320, 302.12
256, 400, 400, 315.35
256, 480, 480, 320.71
256, 560, 560, 325.81
256, 640, 640, 330.62
256, 720, 720, 336.85
256, 800, 800, 343.71
256, 880, 880, 341.37
256, 960, 960, 339.41
256, 1040, 1040, 344.67
256, 1120, 1120, 341.58
256, 1200, 1200, 336.86
256, 1280, 1280, 330.13
256, 1360, 1360, 340.04
256, 1440, 1440, 345.14
256, 1520, 1520, 344.36
256, 1600, 1600, 347.45
256, 1680, 1680, 345.36
256, 1760, 1760, 348.91
256, 1840, 1840, 352.84
256, 1920, 1920, 337.36
256, 2000, 2000, 352.00
256, 2080, 2080, 351.63
256, 2160, 2160, 275.89
256, 2240, 2240, 348.45
256, 2320, 2320, 273.76
256, 2400, 2400, 349.28
256, 2480, 2480, 267.89
256, 2560, 2560, 323.01
256, 2640, 2640, 333.62
256, 2720, 2720, 345.22
256, 2800, 2800, 327.45
256, 2880, 2880, 345.92
256, 2960, 2960, 345.45
256, 3040, 3040, 352.38
256, 3120, 3120, 325.82
256, 3200, 3200, 349.91
256, 3280, 3280, 310.08
256, 3360, 3360, 337.99
256, 3440, 3440, 230.08
256, 3520, 3520, 337.20
256, 3600, 3600, 227.44
256, 3680, 3680, 340.16
256, 3760, 3760, 309.83
256, 3840, 3840, 329.35
256, 3920, 3920, 314.22
256, 4000, 4000, 341.39
