bli_shgemm performance
MC = 512, KC = 2816, NC = 5120
m, n, k, GFLOPS
512, 80, 80, 193.86
512, 160, 160, 263.68
512, 240, 240, 302.18
512, 320, 320, 324.19
512, 400, 400, 336.76
512, 480, 480, 345.32
512, 560, 560, 349.77
512, 640, 640, 349.20
512, 720, 720, 351.55
512, 800, 800, 355.09
512, 880, 880, 351.14
512, 960, 960, 359.65
512, 1040, 1040, 360.52
512, 1120, 1120, 366.49
512, 1200, 1200, 371.08
512, 1280, 1280, 361.92
512, 1360, 1360, 374.80
512, 1440, 1440, 382.28
512, 1520, 1520, 381.80
512, 1600, 1600, 384.42
512, 1680, 1680, 384.83
512, 1760, 1760, 387.15
512, 1840, 1840, 385.11
512, 1920, 1920, 379.79
512, 2000, 2000, 383.99
512, 2080, 2080, 384.81
512, 2160, 2160, 375.57
512, 2240, 2240, 386.37
512, 2320, 2320, 375.36
512, 2400, 2400, 380.48
512, 2480, 2480, 327.22
512, 2560, 2560, 368.34
512, 2640, 2640, 318.92
512, 2720, 2720, 385.54
512, 2800, 2800, 316.74
512, 2880, 2880, 374.76
512, 2960, 2960, 302.52
512, 3040, 3040, 379.46
512, 3120, 3120, 294.26
512, 3200, 3200, 373.24
512, 3280, 3280, 291.25
512, 3360, 3360, 379.61
512, 3440, 3440, 283.53
512, 3520, 3520, 376.27
512, 3600, 3600, 277.66
512, 3680, 3680, 379.96
512, 3760, 3760, 275.01
512, 3840, 3840, 368.21
512, 3920, 3920, 269.21
512, 4000, 4000, 380.54
