bli_shgemm performance
MC = 640, KC = 1792, NC = 1024
m, n, k, GFLOPS
640, 80, 80, 194.17
640, 160, 160, 267.88
640, 240, 240, 302.86
640, 320, 320, 324.26
640, 400, 400, 341.59
640, 480, 480, 342.73
640, 560, 560, 329.53
640, 640, 640, 314.97
640, 720, 720, 305.83
640, 800, 800, 316.94
640, 880, 880, 328.86
640, 960, 960, 345.48
640, 1040, 1040, 318.59
640, 1120, 1120, 320.74
640, 1200, 1200, 329.86
640, 1280, 1280, 319.65
640, 1360, 1360, 339.39
640, 1440, 1440, 341.03
640, 1520, 1520, 347.00
640, 1600, 1600, 355.40
640, 1680, 1680, 359.22
640, 1760, 1760, 363.32
640, 1840, 1840, 347.82
640, 1920, 1920, 342.40
640, 2000, 2000, 349.47
640, 2080, 2080, 333.06
640, 2160, 2160, 321.77
640, 2240, 2240, 364.94
640, 2320, 2320, 317.49
640, 2400, 2400, 370.99
640, 2480, 2480, 295.41
640, 2560, 2560, 319.09
640, 2640, 2640, 292.90
640, 2720, 2720, 373.93
640, 2800, 2800, 291.23
640, 2880, 2880, 373.23
640, 2960, 2960, 289.00
640, 3040, 3040, 377.84
640, 3120, 3120, 256.30
640, 3200, 3200, 345.12
640, 3280, 3280, 255.76
640, 3360, 3360, 364.75
640, 3440, 3440, 255.04
640, 3520, 3520, 364.34
640, 3600, 3600, 261.89
640, 3680, 3680, 374.09
640, 3760, 3760, 268.68
640, 3840, 3840, 354.43
640, 3920, 3920, 263.75
640, 4000, 4000, 374.67
