bli_shgemm performance
MC = 384, KC = 512, NC = 3072
m, n, k, GFLOPS
384, 80, 80, 190.24
384, 160, 160, 256.49
384, 240, 240, 292.88
384, 320, 320, 312.66
384, 400, 400, 331.35
384, 480, 480, 341.15
384, 560, 560, 322.24
384, 640, 640, 326.98
384, 720, 720, 336.73
384, 800, 800, 339.53
384, 880, 880, 332.58
384, 960, 960, 340.62
384, 1040, 1040, 320.77
384, 1120, 1120, 330.64
384, 1200, 1200, 332.49
384, 1280, 1280, 325.84
384, 1360, 1360, 334.09
384, 1440, 1440, 343.55
384, 1520, 1520, 338.54
384, 1600, 1600, 338.74
384, 1680, 1680, 334.63
384, 1760, 1760, 341.87
384, 1840, 1840, 336.46
384, 1920, 1920, 333.68
384, 2000, 2000, 340.04
384, 2080, 2080, 337.19
384, 2160, 2160, 311.78
384, 2240, 2240, 338.83
384, 2320, 2320, 314.24
384, 2400, 2400, 340.31
384, 2480, 2480, 318.45
384, 2560, 2560, 315.68
384, 2640, 2640, 308.07
384, 2720, 2720, 337.26
384, 2800, 2800, 309.89
384, 2880, 2880, 340.03
384, 2960, 2960, 309.60
384, 3040, 3040, 341.24
384, 3120, 3120, 299.07
384, 3200, 3200, 323.18
384, 3280, 3280, 300.32
384, 3360, 3360, 334.71
384, 3440, 3440, 302.53
384, 3520, 3520, 338.21
384, 3600, 3600, 296.85
384, 3680, 3680, 333.37
384, 3760, 3760, 297.39
384, 3840, 3840, 324.63
384, 3920, 3920, 299.01
384, 4000, 4000, 335.27
