bli_shgemm performance
MC = 384, KC = 1792, NC = 1024
m, n, k, GFLOPS
384, 80, 80, 187.46
384, 160, 160, 257.85
384, 240, 240, 294.48
384, 320, 320, 312.73
384, 400, 400, 327.98
384, 480, 480, 336.08
384, 560, 560, 342.64
384, 640, 640, 344.96
384, 720, 720, 351.00
384, 800, 800, 351.01
384, 880, 880, 346.63
384, 960, 960, 352.51
384, 1040, 1040, 336.99
384, 1120, 1120, 342.91
384, 1200, 1200, 349.30
384, 1280, 1280, 338.27
384, 1360, 1360, 354.10
384, 1440, 1440, 354.93
384, 1520, 1520, 358.62
384, 1600, 1600, 357.54
384, 1680, 1680, 360.20
384, 1760, 1760, 361.29
384, 1840, 1840, 355.19
384, 1920, 1920, 350.06
384, 2000, 2000, 357.27
384, 2080, 2080, 352.10
384, 2160, 2160, 294.36
384, 2240, 2240, 354.67
384, 2320, 2320, 294.29
384, 2400, 2400, 355.40
384, 2480, 2480, 289.28
384, 2560, 2560, 338.32
384, 2640, 2640, 284.58
384, 2720, 2720, 358.45
384, 2800, 2800, 279.29
384, 2880, 2880, 358.38
384, 2960, 2960, 275.83
384, 3040, 3040, 361.73
384, 3120, 3120, 263.20
384, 3200, 3200, 350.50
384, 3280, 3280, 256.84
384, 3360, 3360, 352.39
384, 3440, 3440, 250.68
384, 3520, 3520, 351.51
384, 3600, 3600, 247.89
384, 3680, 3680, 351.41
384, 3760, 3760, 250.42
384, 3840, 3840, 339.34
384, 3920, 3920, 255.21
384, 4000, 4000, 354.74
