bli_shgemm performance
MC = 640, KC = 1792, NC = 2048
m, n, k, GFLOPS
640, 80, 80, 196.70
640, 160, 160, 265.87
640, 240, 240, 303.37
640, 320, 320, 326.59
640, 400, 400, 341.39
640, 480, 480, 347.37
640, 560, 560, 328.50
640, 640, 640, 317.46
640, 720, 720, 327.81
640, 800, 800, 323.94
640, 880, 880, 330.43
640, 960, 960, 338.94
640, 1040, 1040, 349.44
640, 1120, 1120, 359.98
640, 1200, 1200, 360.02
640, 1280, 1280, 358.12
640, 1360, 1360, 365.42
640, 1440, 1440, 372.56
640, 1520, 1520, 371.27
640, 1600, 1600, 375.83
640, 1680, 1680, 371.55
640, 1760, 1760, 370.15
640, 1840, 1840, 358.23
640, 1920, 1920, 351.80
640, 2000, 2000, 360.97
640, 2080, 2080, 341.41
640, 2160, 2160, 339.53
640, 2240, 2240, 379.06
640, 2320, 2320, 331.14
640, 2400, 2400, 380.72
640, 2480, 2480, 324.83
640, 2560, 2560, 358.45
640, 2640, 2640, 316.21
640, 2720, 2720, 374.92
640, 2800, 2800, 360.34
640, 2880, 2880, 374.28
640, 2960, 2960, 362.64
640, 3040, 3040, 376.40
640, 3120, 3120, 329.88
640, 3200, 3200, 352.71
640, 3280, 3280, 326.09
640, 3360, 3360, 358.37
640, 3440, 3440, 325.10
640, 3520, 3520, 358.62
640, 3600, 3600, 356.82
640, 3680, 3680, 375.30
640, 3760, 3760, 357.66
640, 3840, 3840, 355.18
640, 3920, 3920, 358.20
640, 4000, 4000, 377.42
