bli_shgemm performance
MC = 384, KC = 2816, NC = 2048
m, n, k, GFLOPS
384, 80, 80, 190.46
384, 160, 160, 257.11
384, 240, 240, 293.75
384, 320, 320, 313.59
384, 400, 400, 328.22
384, 480, 480, 337.05
384, 560, 560, 342.81
384, 640, 640, 345.38
384, 720, 720, 351.09
384, 800, 800, 349.08
384, 880, 880, 347.71
384, 960, 960, 348.84
384, 1040, 1040, 354.27
384, 1120, 1120, 356.96
384, 1200, 1200, 360.39
384, 1280, 1280, 346.53
384, 1360, 1360, 363.99
384, 1440, 1440, 365.08
384, 1520, 1520, 366.17
384, 1600, 1600, 367.85
384, 1680, 1680, 368.02
384, 1760, 1760, 368.99
384, 1840, 1840, 373.39
384, 1920, 1920, 362.94
384, 2000, 2000, 374.61
384, 2080, 2080, 366.23
384, 2160, 2160, 305.62
384, 2240, 2240, 366.02
384, 2320, 2320, 302.00
384, 2400, 2400, 368.35
384, 2480, 2480, 292.57
384, 2560, 2560, 346.83
384, 2640, 2640, 288.82
384, 2720, 2720, 366.80
384, 2800, 2800, 289.76
384, 2880, 2880, 359.00
384, 2960, 2960, 278.91
384, 3040, 3040, 359.84
384, 3120, 3120, 345.64
384, 3200, 3200, 359.03
384, 3280, 3280, 344.31
384, 3360, 3360, 363.25
384, 3440, 3440, 349.13
384, 3520, 3520, 363.76
384, 3600, 3600, 348.29
384, 3680, 3680, 361.71
384, 3760, 3760, 351.48
384, 3840, 3840, 359.76
384, 3920, 3920, 351.62
384, 4000, 4000, 364.65
