bli_shgemm performance
MC = 384, KC = 4096, NC = 1024
m, n, k, GFLOPS
384, 80, 80, 190.49
384, 160, 160, 257.75
384, 240, 240, 292.35
384, 320, 320, 313.83
384, 400, 400, 328.31
384, 480, 480, 337.78
384, 560, 560, 342.93
384, 640, 640, 346.95
384, 720, 720, 353.32
384, 800, 800, 356.99
384, 880, 880, 348.72
384, 960, 960, 354.12
384, 1040, 1040, 339.21
384, 1120, 1120, 343.72
384, 1200, 1200, 342.32
384, 1280, 1280, 339.50
384, 1360, 1360, 352.93
384, 1440, 1440, 352.25
384, 1520, 1520, 358.91
384, 1600, 1600, 357.01
384, 1680, 1680, 359.84
384, 1760, 1760, 359.57
384, 1840, 1840, 362.46
384, 1920, 1920, 343.29
384, 2000, 2000, 345.05
384, 2080, 2080, 338.21
384, 2160, 2160, 295.15
384, 2240, 2240, 361.62
384, 2320, 2320, 298.86
384, 2400, 2400, 364.20
384, 2480, 2480, 295.16
384, 2560, 2560, 345.41
384, 2640, 2640, 292.85
384, 2720, 2720, 367.78
384, 2800, 2800, 364.41
384, 2880, 2880, 373.06
384, 2960, 2960, 365.30
384, 3040, 3040, 370.72
384, 3120, 3120, 355.02
384, 3200, 3200, 369.00
384, 3280, 3280, 351.05
384, 3360, 3360, 368.30
384, 3440, 3440, 361.01
384, 3520, 3520, 371.98
384, 3600, 3600, 360.55
384, 3680, 3680, 369.64
384, 3760, 3760, 357.06
384, 3840, 3840, 369.23
384, 3920, 3920, 361.25
384, 4000, 4000, 370.56
