bli_shgemm performance
MC = 512, KC = 512, NC = 2048
m, n, k, GFLOPS
512, 80, 80, 194.36
512, 160, 160, 262.97
512, 240, 240, 298.84
512, 320, 320, 321.13
512, 400, 400, 336.72
512, 480, 480, 345.33
512, 560, 560, 328.99
512, 640, 640, 331.32
512, 720, 720, 340.51
512, 800, 800, 340.29
512, 880, 880, 339.85
512, 960, 960, 350.33
512, 1040, 1040, 331.68
512, 1120, 1120, 340.74
512, 1200, 1200, 341.28
512, 1280, 1280, 335.58
512, 1360, 1360, 338.79
512, 1440, 1440, 350.89
512, 1520, 1520, 345.39
512, 1600, 1600, 347.80
512, 1680, 1680, 340.55
512, 1760, 1760, 350.12
512, 1840, 1840, 346.42
512, 1920, 1920, 349.13
512, 2000, 2000, 352.45
512, 2080, 2080, 343.73
512, 2160, 2160, 336.37
512, 2240, 2240, 352.51
512, 2320, 2320, 334.72
512, 2400, 2400, 356.71
512, 2480, 2480, 346.65
512, 2560, 2560, 349.24
512, 2640, 2640, 317.46
512, 2720, 2720, 348.39
512, 2800, 2800, 322.68
512, 2880, 2880, 350.54
512, 2960, 2960, 324.76
512, 3040, 3040, 353.87
512, 3120, 3120, 315.50
512, 3200, 3200, 344.36
512, 3280, 3280, 314.43
512, 3360, 3360, 351.50
512, 3440, 3440, 320.92
512, 3520, 3520, 352.11
512, 3600, 3600, 315.01
512, 3680, 3680, 349.07
512, 3760, 3760, 311.86
512, 3840, 3840, 345.57
512, 3920, 3920, 317.55
512, 4000, 4000, 352.77
