bli_shgemm performance
MC = 512, KC = 1280, NC = 1024
m, n, k, GFLOPS
512, 80, 80, 193.79
512, 160, 160, 262.47
512, 240, 240, 299.63
512, 320, 320, 321.86
512, 400, 400, 337.68
512, 480, 480, 345.56
512, 560, 560, 351.79
512, 640, 640, 352.87
512, 720, 720, 352.46
512, 800, 800, 353.26
512, 880, 880, 360.31
512, 960, 960, 366.03
512, 1040, 1040, 347.96
512, 1120, 1120, 349.41
512, 1200, 1200, 355.16
512, 1280, 1280, 350.96
512, 1360, 1360, 348.33
512, 1440, 1440, 352.87
512, 1520, 1520, 352.87
512, 1600, 1600, 357.57
512, 1680, 1680, 357.48
512, 1760, 1760, 359.43
512, 1840, 1840, 359.90
512, 1920, 1920, 357.39
512, 2000, 2000, 362.86
512, 2080, 2080, 358.53
512, 2160, 2160, 316.71
512, 2240, 2240, 360.25
512, 2320, 2320, 316.74
512, 2400, 2400, 361.87
512, 2480, 2480, 314.42
512, 2560, 2560, 351.20
512, 2640, 2640, 304.98
512, 2720, 2720, 357.78
512, 2800, 2800, 299.54
512, 2880, 2880, 359.59
512, 2960, 2960, 294.31
512, 3040, 3040, 361.46
512, 3120, 3120, 284.00
512, 3200, 3200, 352.09
512, 3280, 3280, 276.23
512, 3360, 3360, 360.71
512, 3440, 3440, 270.65
512, 3520, 3520, 359.16
512, 3600, 3600, 267.96
512, 3680, 3680, 362.61
512, 3760, 3760, 264.97
512, 3840, 3840, 353.36
512, 3920, 3920, 324.74
512, 4000, 4000, 359.74
