bli_shgemm performance
MC = 640, KC = 256, NC = 2048
m, n, k, GFLOPS
640, 80, 80, 196.25
640, 160, 160, 266.54
640, 240, 240, 303.81
640, 320, 320, 292.70
640, 400, 400, 311.48
640, 480, 480, 326.53
640, 560, 560, 314.20
640, 640, 640, 317.97
640, 720, 720, 328.34
640, 800, 800, 320.19
640, 880, 880, 316.08
640, 960, 960, 331.97
640, 1040, 1040, 312.56
640, 1120, 1120, 330.03
640, 1200, 1200, 323.69
640, 1280, 1280, 326.21
640, 1360, 1360, 320.71
640, 1440, 1440, 335.05
640, 1520, 1520, 329.04
640, 1600, 1600, 332.62
640, 1680, 1680, 327.06
640, 1760, 1760, 337.00
640, 1840, 1840, 327.21
640, 1920, 1920, 327.22
640, 2000, 2000, 333.36
640, 2080, 2080, 319.64
640, 2160, 2160, 282.30
640, 2240, 2240, 326.04
640, 2320, 2320, 279.60
640, 2400, 2400, 327.55
640, 2480, 2480, 280.84
640, 2560, 2560, 308.56
640, 2640, 2640, 278.26
640, 2720, 2720, 330.48
640, 2800, 2800, 278.69
640, 2880, 2880, 329.39
640, 2960, 2960, 273.33
640, 3040, 3040, 332.53
640, 3120, 3120, 268.56
640, 3200, 3200, 325.87
640, 3280, 3280, 262.39
640, 3360, 3360, 327.28
640, 3440, 3440, 257.79
640, 3520, 3520, 328.45
640, 3600, 3600, 251.80
640, 3680, 3680, 328.05
640, 3760, 3760, 251.61
640, 3840, 3840, 311.65
640, 3920, 3920, 220.27
640, 4000, 4000, 328.95
