bli_shgemm performance
MC = 640, KC = 1536, NC = 5120
m, n, k, GFLOPS
640, 80, 80, 196.92
640, 160, 160, 266.13
640, 240, 240, 303.53
640, 320, 320, 325.82
640, 400, 400, 342.37
640, 480, 480, 350.20
640, 560, 560, 353.69
640, 640, 640, 350.68
640, 720, 720, 358.11
640, 800, 800, 357.08
640, 880, 880, 360.59
640, 960, 960, 365.62
640, 1040, 1040, 375.36
640, 1120, 1120, 377.42
640, 1200, 1200, 376.65
640, 1280, 1280, 369.83
640, 1360, 1360, 378.67
640, 1440, 1440, 381.11
640, 1520, 1520, 383.01
640, 1600, 1600, 376.23
640, 1680, 1680, 377.42
640, 1760, 1760, 380.64
640, 1840, 1840, 382.48
640, 1920, 1920, 377.51
640, 2000, 2000, 384.43
640, 2080, 2080, 385.50
640, 2160, 2160, 340.74
640, 2240, 2240, 374.19
640, 2320, 2320, 327.36
640, 2400, 2400, 376.96
640, 2480, 2480, 327.25
640, 2560, 2560, 363.13
640, 2640, 2640, 321.15
640, 2720, 2720, 376.67
640, 2800, 2800, 372.59
640, 2880, 2880, 375.16
640, 2960, 2960, 312.85
640, 3040, 3040, 378.23
640, 3120, 3120, 298.29
640, 3200, 3200, 366.37
640, 3280, 3280, 293.25
640, 3360, 3360, 374.08
640, 3440, 3440, 289.67
640, 3520, 3520, 373.83
640, 3600, 3600, 284.93
640, 3680, 3680, 374.33
640, 3760, 3760, 281.80
640, 3840, 3840, 365.24
640, 3920, 3920, 278.03
640, 4000, 4000, 374.47
