bli_shgemm performance
MC = 512, KC = 4096, NC = 4096
m, n, k, GFLOPS
512, 80, 80, 193.46
512, 160, 160, 260.77
512, 240, 240, 297.74
512, 320, 320, 321.62
512, 400, 400, 336.94
512, 480, 480, 345.22
512, 560, 560, 350.72
512, 640, 640, 352.06
512, 720, 720, 355.09
512, 800, 800, 354.19
512, 880, 880, 347.57
512, 960, 960, 360.84
512, 1040, 1040, 359.15
512, 1120, 1120, 365.81
512, 1200, 1200, 365.76
512, 1280, 1280, 369.06
512, 1360, 1360, 376.23
512, 1440, 1440, 377.54
512, 1520, 1520, 376.83
512, 1600, 1600, 379.98
512, 1680, 1680, 380.39
512, 1760, 1760, 382.18
512, 1840, 1840, 382.88
512, 1920, 1920, 376.93
512, 2000, 2000, 382.65
512, 2080, 2080, 359.16
512, 2160, 2160, 351.22
512, 2240, 2240, 362.55
512, 2320, 2320, 348.45
512, 2400, 2400, 360.37
512, 2480, 2480, 346.68
512, 2560, 2560, 348.49
512, 2640, 2640, 342.85
512, 2720, 2720, 355.28
512, 2800, 2800, 337.35
512, 2880, 2880, 353.87
512, 2960, 2960, 322.33
512, 3040, 3040, 337.26
512, 3120, 3120, 313.36
512, 3200, 3200, 357.63
512, 3280, 3280, 299.90
512, 3360, 3360, 314.70
512, 3440, 3440, 292.79
512, 3520, 3520, 316.60
512, 3600, 3600, 303.48
512, 3680, 3680, 315.46
512, 3760, 3760, 302.02
512, 3840, 3840, 313.27
512, 3920, 3920, 299.85
512, 4000, 4000, 312.63
