bli_shgemm performance
MC = 512, KC = 256, NC = 2048
m, n, k, GFLOPS
512, 80, 80, 194.06
512, 160, 160, 263.46
512, 240, 240, 300.47
512, 320, 320, 287.60
512, 400, 400, 303.85
512, 480, 480, 320.35
512, 560, 560, 310.43
512, 640, 640, 315.19
512, 720, 720, 329.20
512, 800, 800, 319.17
512, 880, 880, 321.86
512, 960, 960, 327.52
512, 1040, 1040, 311.09
512, 1120, 1120, 322.14
512, 1200, 1200, 316.66
512, 1280, 1280, 322.71
512, 1360, 1360, 313.19
512, 1440, 1440, 327.92
512, 1520, 1520, 317.60
512, 1600, 1600, 321.77
512, 1680, 1680, 315.38
512, 1760, 1760, 324.75
512, 1840, 1840, 311.75
512, 1920, 1920, 311.88
512, 2000, 2000, 316.70
512, 2080, 2080, 300.72
512, 2160, 2160, 272.71
512, 2240, 2240, 305.90
512, 2320, 2320, 276.02
512, 2400, 2400, 307.79
512, 2480, 2480, 281.27
512, 2560, 2560, 282.46
512, 2640, 2640, 280.86
512, 2720, 2720, 312.21
512, 2800, 2800, 285.89
512, 2880, 2880, 309.08
512, 2960, 2960, 281.27
512, 3040, 3040, 313.09
512, 3120, 3120, 280.92
512, 3200, 3200, 303.78
512, 3280, 3280, 279.20
512, 3360, 3360, 308.03
512, 3440, 3440, 274.18
512, 3520, 3520, 308.36
512, 3600, 3600, 270.63
512, 3680, 3680, 307.33
512, 3760, 3760, 270.67
512, 3840, 3840, 295.71
512, 3920, 3920, 267.41
512, 4000, 4000, 307.26
