bli_shgemm performance
MC = 384, KC = 2560, NC = 1024
m, n, k, GFLOPS
384, 80, 80, 188.34
384, 160, 160, 257.73
384, 240, 240, 294.23
384, 320, 320, 316.52
384, 400, 400, 328.18
384, 480, 480, 336.85
384, 560, 560, 343.09
384, 640, 640, 346.76
384, 720, 720, 349.56
384, 800, 800, 351.88
384, 880, 880, 352.16
384, 960, 960, 352.21
384, 1040, 1040, 339.87
384, 1120, 1120, 339.89
384, 1200, 1200, 345.87
384, 1280, 1280, 338.93
384, 1360, 1360, 351.44
384, 1440, 1440, 353.00
384, 1520, 1520, 359.08
384, 1600, 1600, 358.93
384, 1680, 1680, 360.80
384, 1760, 1760, 361.54
384, 1840, 1840, 363.58
384, 1920, 1920, 358.12
384, 2000, 2000, 365.83
384, 2080, 2080, 360.59
384, 2160, 2160, 299.81
384, 2240, 2240, 360.84
384, 2320, 2320, 298.04
384, 2400, 2400, 364.18
384, 2480, 2480, 294.44
384, 2560, 2560, 345.74
384, 2640, 2640, 287.76
384, 2720, 2720, 354.63
384, 2800, 2800, 279.48
384, 2880, 2880, 353.03
384, 2960, 2960, 276.05
384, 3040, 3040, 356.67
384, 3120, 3120, 264.03
384, 3200, 3200, 343.61
384, 3280, 3280, 258.63
384, 3360, 3360, 353.00
384, 3440, 3440, 252.11
384, 3520, 3520, 350.88
384, 3600, 3600, 249.00
384, 3680, 3680, 355.28
384, 3760, 3760, 352.29
384, 3840, 3840, 360.37
384, 3920, 3920, 356.31
384, 4000, 4000, 362.66
