bli_shgemm performance
MC = 512, KC = 1024, NC = 2048
m, n, k, GFLOPS
512, 80, 80, 194.05
512, 160, 160, 263.83
512, 240, 240, 301.91
512, 320, 320, 321.40
512, 400, 400, 336.02
512, 480, 480, 343.93
512, 560, 560, 348.68
512, 640, 640, 347.09
512, 720, 720, 354.62
512, 800, 800, 353.88
512, 880, 880, 352.62
512, 960, 960, 357.86
512, 1040, 1040, 348.50
512, 1120, 1120, 352.47
512, 1200, 1200, 349.80
512, 1280, 1280, 343.12
512, 1360, 1360, 355.83
512, 1440, 1440, 359.33
512, 1520, 1520, 361.11
512, 1600, 1600, 361.39
512, 1680, 1680, 365.44
512, 1760, 1760, 367.29
512, 1840, 1840, 368.89
512, 1920, 1920, 361.88
512, 2000, 2000, 372.20
512, 2080, 2080, 357.07
512, 2160, 2160, 298.00
512, 2240, 2240, 357.88
512, 2320, 2320, 299.42
512, 2400, 2400, 362.69
512, 2480, 2480, 296.43
512, 2560, 2560, 338.25
512, 2640, 2640, 288.25
512, 2720, 2720, 361.16
512, 2800, 2800, 283.97
512, 2880, 2880, 361.48
512, 2960, 2960, 280.09
512, 3040, 3040, 366.49
512, 3120, 3120, 277.01
512, 3200, 3200, 353.57
512, 3280, 3280, 270.09
512, 3360, 3360, 362.27
512, 3440, 3440, 265.25
512, 3520, 3520, 362.03
512, 3600, 3600, 260.81
512, 3680, 3680, 364.62
512, 3760, 3760, 257.19
512, 3840, 3840, 353.68
512, 3920, 3920, 255.70
512, 4000, 4000, 367.51
