bli_shgemm performance
MC = 384, KC = 3584, NC = 1024
m, n, k, GFLOPS
384, 80, 80, 187.95
384, 160, 160, 257.21
384, 240, 240, 294.25
384, 320, 320, 313.36
384, 400, 400, 329.12
384, 480, 480, 338.29
384, 560, 560, 343.01
384, 640, 640, 346.53
384, 720, 720, 350.04
384, 800, 800, 349.19
384, 880, 880, 349.62
384, 960, 960, 353.17
384, 1040, 1040, 339.10
384, 1120, 1120, 340.18
384, 1200, 1200, 346.23
384, 1280, 1280, 338.33
384, 1360, 1360, 353.73
384, 1440, 1440, 354.36
384, 1520, 1520, 357.72
384, 1600, 1600, 358.76
384, 1680, 1680, 361.79
384, 1760, 1760, 361.75
384, 1840, 1840, 366.58
384, 1920, 1920, 355.66
384, 2000, 2000, 365.75
384, 2080, 2080, 355.05
384, 2160, 2160, 298.38
384, 2240, 2240, 360.41
384, 2320, 2320, 297.07
384, 2400, 2400, 363.21
384, 2480, 2480, 295.78
384, 2560, 2560, 345.96
384, 2640, 2640, 290.29
384, 2720, 2720, 368.70
384, 2800, 2800, 290.73
384, 2880, 2880, 365.98
384, 2960, 2960, 285.98
384, 3040, 3040, 369.44
384, 3120, 3120, 284.92
384, 3200, 3200, 358.31
384, 3280, 3280, 281.95
384, 3360, 3360, 367.73
384, 3440, 3440, 288.37
384, 3520, 3520, 365.56
384, 3600, 3600, 282.63
384, 3680, 3680, 363.29
384, 3760, 3760, 291.65
384, 3840, 3840, 355.66
384, 3920, 3920, 293.40
384, 4000, 4000, 365.96
