bli_shgemm performance
MC = 384, KC = 3328, NC = 1024
m, n, k, GFLOPS
384, 80, 80, 183.35
384, 160, 160, 256.93
384, 240, 240, 292.61
384, 320, 320, 312.85
384, 400, 400, 327.73
384, 480, 480, 336.40
384, 560, 560, 341.95
384, 640, 640, 344.36
384, 720, 720, 350.10
384, 800, 800, 352.08
384, 880, 880, 350.40
384, 960, 960, 351.85
384, 1040, 1040, 337.62
384, 1120, 1120, 342.72
384, 1200, 1200, 343.42
384, 1280, 1280, 338.46
384, 1360, 1360, 349.16
384, 1440, 1440, 351.77
384, 1520, 1520, 352.68
384, 1600, 1600, 355.80
384, 1680, 1680, 356.54
384, 1760, 1760, 357.68
384, 1840, 1840, 361.19
384, 1920, 1920, 356.28
384, 2000, 2000, 363.76
384, 2080, 2080, 358.38
384, 2160, 2160, 294.70
384, 2240, 2240, 361.67
384, 2320, 2320, 300.62
384, 2400, 2400, 365.02
384, 2480, 2480, 295.57
384, 2560, 2560, 344.70
384, 2640, 2640, 296.59
384, 2720, 2720, 367.53
384, 2800, 2800, 287.06
384, 2880, 2880, 365.31
384, 2960, 2960, 287.03
384, 3040, 3040, 368.96
384, 3120, 3120, 280.87
384, 3200, 3200, 358.49
384, 3280, 3280, 283.12
384, 3360, 3360, 355.33
384, 3440, 3440, 280.63
384, 3520, 3520, 353.74
384, 3600, 3600, 282.08
384, 3680, 3680, 356.69
384, 3760, 3760, 284.69
384, 3840, 3840, 348.94
384, 3920, 3920, 287.34
384, 4000, 4000, 358.14
