bli_shgemm performance
MC = 640, KC = 2816, NC = 5120
m, n, k, GFLOPS
640, 80, 80, 196.31
640, 160, 160, 266.95
640, 240, 240, 305.50
640, 320, 320, 325.74
640, 400, 400, 341.86
640, 480, 480, 351.07
640, 560, 560, 354.45
640, 640, 640, 348.82
640, 720, 720, 352.05
640, 800, 800, 356.10
640, 880, 880, 359.69
640, 960, 960, 365.59
640, 1040, 1040, 371.70
640, 1120, 1120, 372.69
640, 1200, 1200, 377.90
640, 1280, 1280, 369.06
640, 1360, 1360, 383.91
640, 1440, 1440, 385.99
640, 1520, 1520, 386.62
640, 1600, 1600, 387.71
640, 1680, 1680, 387.44
640, 1760, 1760, 392.99
640, 1840, 1840, 395.50
640, 1920, 1920, 388.15
640, 2000, 2000, 396.18
640, 2080, 2080, 394.66
640, 2160, 2160, 348.75
640, 2240, 2240, 389.10
640, 2320, 2320, 333.44
640, 2400, 2400, 381.27
640, 2480, 2480, 323.85
640, 2560, 2560, 363.16
640, 2640, 2640, 322.51
640, 2720, 2720, 371.63
640, 2800, 2800, 310.76
640, 2880, 2880, 360.34
640, 2960, 2960, 297.50
640, 3040, 3040, 364.40
640, 3120, 3120, 296.30
640, 3200, 3200, 358.13
640, 3280, 3280, 291.71
640, 3360, 3360, 367.35
640, 3440, 3440, 281.78
640, 3520, 3520, 361.96
640, 3600, 3600, 279.44
640, 3680, 3680, 364.74
640, 3760, 3760, 279.61
640, 3840, 3840, 353.91
640, 3920, 3920, 275.86
640, 4000, 4000, 367.20
