bli_shgemm performance
MC = 640, KC = 1280, NC = 1024
m, n, k, GFLOPS
640, 80, 80, 194.61
640, 160, 160, 263.45
640, 240, 240, 302.74
640, 320, 320, 324.73
640, 400, 400, 341.33
640, 480, 480, 349.29
640, 560, 560, 327.94
640, 640, 640, 317.31
640, 720, 720, 317.60
640, 800, 800, 330.74
640, 880, 880, 319.04
640, 960, 960, 327.64
640, 1040, 1040, 325.91
640, 1120, 1120, 327.23
640, 1200, 1200, 338.41
640, 1280, 1280, 330.40
640, 1360, 1360, 324.50
640, 1440, 1440, 323.88
640, 1520, 1520, 325.11
640, 1600, 1600, 337.99
640, 1680, 1680, 337.31
640, 1760, 1760, 347.95
640, 1840, 1840, 340.27
640, 1920, 1920, 342.94
640, 2000, 2000, 346.10
640, 2080, 2080, 341.04
640, 2160, 2160, 260.29
640, 2240, 2240, 345.74
640, 2320, 2320, 251.62
640, 2400, 2400, 350.01
640, 2480, 2480, 257.96
640, 2560, 2560, 337.89
640, 2640, 2640, 243.47
640, 2720, 2720, 340.73
640, 2800, 2800, 239.52
640, 2880, 2880, 345.13
640, 2960, 2960, 239.99
640, 3040, 3040, 349.97
640, 3120, 3120, 293.48
640, 3200, 3200, 352.37
640, 3280, 3280, 282.58
640, 3360, 3360, 368.46
640, 3440, 3440, 343.11
640, 3520, 3520, 371.97
640, 3600, 3600, 345.46
640, 3680, 3680, 370.29
640, 3760, 3760, 344.18
640, 3840, 3840, 367.60
640, 3920, 3920, 338.31
640, 4000, 4000, 368.16
