bli_shgemm performance
MC = 256, KC = 2816, NC = 1024
m, n, k, GFLOPS
256, 80, 80, 183.88
256, 160, 160, 248.74
256, 240, 240, 281.49
256, 320, 320, 299.54
256, 400, 400, 313.39
256, 480, 480, 320.51
256, 560, 560, 326.14
256, 640, 640, 330.60
256, 720, 720, 337.61
256, 800, 800, 341.25
256, 880, 880, 334.58
256, 960, 960, 336.74
256, 1040, 1040, 319.79
256, 1120, 1120, 323.81
256, 1200, 1200, 322.92
256, 1280, 1280, 316.01
256, 1360, 1360, 335.85
256, 1440, 1440, 335.18
256, 1520, 1520, 339.29
256, 1600, 1600, 340.88
256, 1680, 1680, 338.52
256, 1760, 1760, 340.39
256, 1840, 1840, 342.94
256, 1920, 1920, 333.09
256, 2000, 2000, 345.63
256, 2080, 2080, 339.12
256, 2160, 2160, 273.36
256, 2240, 2240, 337.89
256, 2320, 2320, 272.46
256, 2400, 2400, 340.58
256, 2480, 2480, 266.51
256, 2560, 2560, 314.43
256, 2640, 2640, 260.15
256, 2720, 2720, 340.32
256, 2800, 2800, 255.69
256, 2880, 2880, 337.85
256, 2960, 2960, 246.88
256, 3040, 3040, 339.89
256, 3120, 3120, 239.15
256, 3200, 3200, 327.87
256, 3280, 3280, 234.77
256, 3360, 3360, 337.48
256, 3440, 3440, 230.03
256, 3520, 3520, 334.66
256, 3600, 3600, 225.29
256, 3680, 3680, 339.40
256, 3760, 3760, 228.90
256, 3840, 3840, 324.20
256, 3920, 3920, 230.42
256, 4000, 4000, 341.97
