bli_shgemm performance
MC = 640, KC = 256, NC = 1024
m, n, k, GFLOPS
640, 80, 80, 196.26
640, 160, 160, 265.39
640, 240, 240, 303.95
640, 320, 320, 292.21
640, 400, 400, 310.88
640, 480, 480, 326.92
640, 560, 560, 314.99
640, 640, 640, 319.07
640, 720, 720, 326.55
640, 800, 800, 322.73
640, 880, 880, 319.96
640, 960, 960, 333.83
640, 1040, 1040, 298.29
640, 1120, 1120, 316.55
640, 1200, 1200, 306.40
640, 1280, 1280, 313.55
640, 1360, 1360, 305.07
640, 1440, 1440, 325.29
640, 1520, 1520, 316.52
640, 1600, 1600, 325.94
640, 1680, 1680, 315.11
640, 1760, 1760, 331.00
640, 1840, 1840, 315.38
640, 1920, 1920, 325.90
640, 2000, 2000, 321.47
640, 2080, 2080, 315.89
640, 2160, 2160, 276.05
640, 2240, 2240, 326.17
640, 2320, 2320, 278.71
640, 2400, 2400, 324.74
640, 2480, 2480, 283.49
640, 2560, 2560, 309.94
640, 2640, 2640, 285.97
640, 2720, 2720, 328.42
640, 2800, 2800, 291.37
640, 2880, 2880, 330.49
640, 2960, 2960, 289.39
640, 3040, 3040, 331.50
640, 3120, 3120, 275.95
640, 3200, 3200, 324.83
640, 3280, 3280, 280.24
640, 3360, 3360, 325.33
640, 3440, 3440, 276.44
640, 3520, 3520, 330.68
640, 3600, 3600, 275.35
640, 3680, 3680, 330.38
640, 3760, 3760, 274.39
640, 3840, 3840, 324.83
640, 3920, 3920, 270.83
640, 4000, 4000, 330.27
