bli_shgemm performance
MC = 640, KC = 2048, NC = 4096
m, n, k, GFLOPS
640, 80, 80, 195.98
640, 160, 160, 266.83
640, 240, 240, 304.73
640, 320, 320, 324.94
640, 400, 400, 341.42
640, 480, 480, 349.10
640, 560, 560, 351.51
640, 640, 640, 350.04
640, 720, 720, 357.31
640, 800, 800, 360.03
640, 880, 880, 363.20
640, 960, 960, 365.31
640, 1040, 1040, 370.46
640, 1120, 1120, 372.46
640, 1200, 1200, 378.79
640, 1280, 1280, 369.56
640, 1360, 1360, 383.50
640, 1440, 1440, 382.27
640, 1520, 1520, 387.36
640, 1600, 1600, 385.55
640, 1680, 1680, 389.19
640, 1760, 1760, 388.14
640, 1840, 1840, 391.56
640, 1920, 1920, 384.30
640, 2000, 2000, 393.41
640, 2080, 2080, 376.82
640, 2160, 2160, 326.70
640, 2240, 2240, 375.79
640, 2320, 2320, 326.96
640, 2400, 2400, 379.36
640, 2480, 2480, 322.70
640, 2560, 2560, 362.06
640, 2640, 2640, 319.03
640, 2720, 2720, 377.91
640, 2800, 2800, 374.66
640, 2880, 2880, 384.97
640, 2960, 2960, 313.46
640, 3040, 3040, 381.05
640, 3120, 3120, 308.82
640, 3200, 3200, 374.96
640, 3280, 3280, 304.73
640, 3360, 3360, 381.47
640, 3440, 3440, 299.57
640, 3520, 3520, 379.43
640, 3600, 3600, 294.38
640, 3680, 3680, 381.17
640, 3760, 3760, 290.30
640, 3840, 3840, 371.68
640, 3920, 3920, 286.22
640, 4000, 4000, 382.24
