bli_shgemm performance
MC = 256, KC = 1280, NC = 2048
m, n, k, GFLOPS
256, 80, 80, 183.62
256, 160, 160, 248.74
256, 240, 240, 281.35
256, 320, 320, 300.07
256, 400, 400, 311.26
256, 480, 480, 321.08
256, 560, 560, 325.75
256, 640, 640, 330.15
256, 720, 720, 339.92
256, 800, 800, 341.31
256, 880, 880, 338.60
256, 960, 960, 338.81
256, 1040, 1040, 333.25
256, 1120, 1120, 341.80
256, 1200, 1200, 343.17
256, 1280, 1280, 324.76
256, 1360, 1360, 334.42
256, 1440, 1440, 338.70
256, 1520, 1520, 336.14
256, 1600, 1600, 340.09
256, 1680, 1680, 340.83
256, 1760, 1760, 338.78
256, 1840, 1840, 340.23
256, 1920, 1920, 328.38
256, 2000, 2000, 342.56
256, 2080, 2080, 335.68
256, 2160, 2160, 259.76
256, 2240, 2240, 336.27
256, 2320, 2320, 264.82
256, 2400, 2400, 340.74
256, 2480, 2480, 263.01
256, 2560, 2560, 312.75
256, 2640, 2640, 256.97
256, 2720, 2720, 332.92
256, 2800, 2800, 255.63
256, 2880, 2880, 331.44
256, 2960, 2960, 249.84
256, 3040, 3040, 333.61
256, 3120, 3120, 242.60
256, 3200, 3200, 321.42
256, 3280, 3280, 235.08
256, 3360, 3360, 334.75
256, 3440, 3440, 226.46
256, 3520, 3520, 330.29
256, 3600, 3600, 220.31
256, 3680, 3680, 336.24
256, 3760, 3760, 215.12
256, 3840, 3840, 317.30
256, 3920, 3920, 207.31
256, 4000, 4000, 331.93
