bli_shgemm performance
MC = 512, KC = 2816, NC = 2048
m, n, k, GFLOPS
512, 80, 80, 194.02
512, 160, 160, 262.55
512, 240, 240, 300.15
512, 320, 320, 322.64
512, 400, 400, 336.84
512, 480, 480, 342.80
512, 560, 560, 343.83
512, 640, 640, 341.33
512, 720, 720, 346.75
512, 800, 800, 352.65
512, 880, 880, 354.39
512, 960, 960, 360.07
512, 1040, 1040, 365.72
512, 1120, 1120, 367.11
512, 1200, 1200, 372.54
512, 1280, 1280, 361.47
512, 1360, 1360, 377.14
512, 1440, 1440, 377.41
512, 1520, 1520, 380.89
512, 1600, 1600, 379.34
512, 1680, 1680, 383.18
512, 1760, 1760, 380.45
512, 1840, 1840, 385.40
512, 1920, 1920, 377.12
512, 2000, 2000, 386.65
512, 2080, 2080, 376.24
512, 2160, 2160, 322.69
512, 2240, 2240, 372.14
512, 2320, 2320, 322.30
512, 2400, 2400, 374.84
512, 2480, 2480, 319.99
512, 2560, 2560, 359.01
512, 2640, 2640, 313.03
512, 2720, 2720, 375.67
512, 2800, 2800, 363.63
512, 2880, 2880, 376.04
512, 2960, 2960, 355.55
512, 3040, 3040, 376.51
512, 3120, 3120, 357.47
512, 3200, 3200, 374.77
512, 3280, 3280, 354.34
512, 3360, 3360, 376.99
512, 3440, 3440, 357.93
512, 3520, 3520, 379.82
512, 3600, 3600, 359.44
512, 3680, 3680, 378.34
512, 3760, 3760, 361.66
512, 3840, 3840, 377.24
512, 3920, 3920, 362.05
512, 4000, 4000, 381.56
