bli_shgemm performance
MC = 256, KC = 3072, NC = 5120
m, n, k, GFLOPS
256, 80, 80, 183.21
256, 160, 160, 249.18
256, 240, 240, 283.39
256, 320, 320, 302.77
256, 400, 400, 315.50
256, 480, 480, 323.31
256, 560, 560, 327.12
256, 640, 640, 330.77
256, 720, 720, 337.00
256, 800, 800, 340.61
256, 880, 880, 337.37
256, 960, 960, 338.90
256, 1040, 1040, 338.00
256, 1120, 1120, 338.66
256, 1200, 1200, 336.52
256, 1280, 1280, 322.25
256, 1360, 1360, 345.20
256, 1440, 1440, 347.19
256, 1520, 1520, 347.93
256, 1600, 1600, 349.26
256, 1680, 1680, 349.21
256, 1760, 1760, 350.52
256, 1840, 1840, 348.31
256, 1920, 1920, 338.91
256, 2000, 2000, 345.97
256, 2080, 2080, 347.57
256, 2160, 2160, 337.54
256, 2240, 2240, 348.75
256, 2320, 2320, 335.60
256, 2400, 2400, 346.39
256, 2480, 2480, 338.66
256, 2560, 2560, 324.00
256, 2640, 2640, 331.31
256, 2720, 2720, 347.87
256, 2800, 2800, 330.57
256, 2880, 2880, 347.56
256, 2960, 2960, 320.78
256, 3040, 3040, 343.65
256, 3120, 3120, 317.85
256, 3200, 3200, 333.38
256, 3280, 3280, 308.34
256, 3360, 3360, 333.83
256, 3440, 3440, 305.09
256, 3520, 3520, 337.76
256, 3600, 3600, 225.93
256, 3680, 3680, 343.28
256, 3760, 3760, 220.15
256, 3840, 3840, 307.80
256, 3920, 3920, 213.52
256, 4000, 4000, 340.56
