bli_shgemm performance
MC = 256, KC = 512, NC = 4096
m, n, k, GFLOPS
256, 80, 80, 183.84
256, 160, 160, 248.40
256, 240, 240, 281.38
256, 320, 320, 299.38
256, 400, 400, 312.82
256, 480, 480, 320.31
256, 560, 560, 308.13
256, 640, 640, 311.24
256, 720, 720, 321.49
256, 800, 800, 325.36
256, 880, 880, 327.73
256, 960, 960, 332.67
256, 1040, 1040, 317.75
256, 1120, 1120, 324.39
256, 1200, 1200, 320.98
256, 1280, 1280, 313.79
256, 1360, 1360, 322.50
256, 1440, 1440, 326.87
256, 1520, 1520, 323.65
256, 1600, 1600, 323.58
256, 1680, 1680, 319.62
256, 1760, 1760, 325.22
256, 1840, 1840, 322.04
256, 1920, 1920, 316.98
256, 2000, 2000, 324.38
256, 2080, 2080, 317.58
256, 2160, 2160, 297.01
256, 2240, 2240, 319.87
256, 2320, 2320, 298.75
256, 2400, 2400, 321.96
256, 2480, 2480, 299.44
256, 2560, 2560, 291.96
256, 2640, 2640, 291.80
256, 2720, 2720, 319.57
256, 2800, 2800, 291.79
256, 2880, 2880, 319.87
256, 2960, 2960, 290.93
256, 3040, 3040, 320.52
256, 3120, 3120, 284.28
256, 3200, 3200, 306.24
256, 3280, 3280, 285.19
256, 3360, 3360, 317.90
256, 3440, 3440, 282.69
256, 3520, 3520, 320.47
256, 3600, 3600, 277.63
256, 3680, 3680, 315.19
256, 3760, 3760, 276.86
256, 3840, 3840, 301.34
256, 3920, 3920, 276.65
256, 4000, 4000, 314.98
