bli_shgemm performance
MC = 640, KC = 2048, NC = 5120
m, n, k, GFLOPS
640, 80, 80, 196.95
640, 160, 160, 266.79
640, 240, 240, 305.57
640, 320, 320, 328.49
640, 400, 400, 345.51
640, 480, 480, 350.68
640, 560, 560, 355.21
640, 640, 640, 350.53
640, 720, 720, 352.71
640, 800, 800, 358.98
640, 880, 880, 362.12
640, 960, 960, 366.98
640, 1040, 1040, 376.99
640, 1120, 1120, 379.25
640, 1200, 1200, 379.50
640, 1280, 1280, 374.99
640, 1360, 1360, 382.58
640, 1440, 1440, 388.09
640, 1520, 1520, 388.35
640, 1600, 1600, 391.48
640, 1680, 1680, 393.75
640, 1760, 1760, 390.81
640, 1840, 1840, 392.16
640, 1920, 1920, 385.50
640, 2000, 2000, 393.97
640, 2080, 2080, 378.39
640, 2160, 2160, 327.80
640, 2240, 2240, 372.31
640, 2320, 2320, 323.65
640, 2400, 2400, 380.33
640, 2480, 2480, 330.63
640, 2560, 2560, 363.80
640, 2640, 2640, 321.42
640, 2720, 2720, 378.20
640, 2800, 2800, 319.97
640, 2880, 2880, 378.40
640, 2960, 2960, 313.61
640, 3040, 3040, 381.14
640, 3120, 3120, 310.46
640, 3200, 3200, 376.06
640, 3280, 3280, 305.05
640, 3360, 3360, 381.98
640, 3440, 3440, 301.16
640, 3520, 3520, 380.06
640, 3600, 3600, 295.23
640, 3680, 3680, 382.95
640, 3760, 3760, 291.27
640, 3840, 3840, 372.35
640, 3920, 3920, 286.63
640, 4000, 4000, 382.90
