bli_shgemm performance
MC = 640, KC = 2048, NC = 2048
m, n, k, GFLOPS
640, 80, 80, 195.72
640, 160, 160, 264.86
640, 240, 240, 304.10
640, 320, 320, 325.06
640, 400, 400, 341.90
640, 480, 480, 348.78
640, 560, 560, 351.13
640, 640, 640, 348.88
640, 720, 720, 360.04
640, 800, 800, 361.80
640, 880, 880, 362.25
640, 960, 960, 365.66
640, 1040, 1040, 372.89
640, 1120, 1120, 371.28
640, 1200, 1200, 379.12
640, 1280, 1280, 370.08
640, 1360, 1360, 382.96
640, 1440, 1440, 382.64
640, 1520, 1520, 386.55
640, 1600, 1600, 385.82
640, 1680, 1680, 391.30
640, 1760, 1760, 389.63
640, 1840, 1840, 392.88
640, 1920, 1920, 384.32
640, 2000, 2000, 394.87
640, 2080, 2080, 365.26
640, 2160, 2160, 314.74
640, 2240, 2240, 367.45
640, 2320, 2320, 318.24
640, 2400, 2400, 372.75
640, 2480, 2480, 317.70
640, 2560, 2560, 356.68
640, 2640, 2640, 311.05
640, 2720, 2720, 373.33
640, 2800, 2800, 305.99
640, 2880, 2880, 372.24
640, 2960, 2960, 308.05
640, 3040, 3040, 376.16
640, 3120, 3120, 311.58
640, 3200, 3200, 372.55
640, 3280, 3280, 311.50
640, 3360, 3360, 387.65
640, 3440, 3440, 315.31
640, 3520, 3520, 387.02
640, 3600, 3600, 319.76
640, 3680, 3680, 389.30
640, 3760, 3760, 322.30
640, 3840, 3840, 383.99
640, 3920, 3920, 323.95
640, 4000, 4000, 390.88
