bli_shgemm performance
MC = 384, KC = 1024, NC = 5120
m, n, k, GFLOPS
384, 80, 80, 190.45
384, 160, 160, 258.17
384, 240, 240, 294.86
384, 320, 320, 312.34
384, 400, 400, 327.06
384, 480, 480, 335.00
384, 560, 560, 342.78
384, 640, 640, 345.46
384, 720, 720, 349.80
384, 800, 800, 349.39
384, 880, 880, 342.29
384, 960, 960, 355.89
384, 1040, 1040, 341.66
384, 1120, 1120, 343.76
384, 1200, 1200, 345.28
384, 1280, 1280, 333.60
384, 1360, 1360, 349.26
384, 1440, 1440, 354.40
384, 1520, 1520, 355.43
384, 1600, 1600, 355.06
384, 1680, 1680, 356.66
384, 1760, 1760, 359.21
384, 1840, 1840, 362.61
384, 1920, 1920, 349.33
384, 2000, 2000, 364.27
384, 2080, 2080, 349.60
384, 2160, 2160, 293.55
384, 2240, 2240, 348.55
384, 2320, 2320, 286.12
384, 2400, 2400, 351.51
384, 2480, 2480, 284.71
384, 2560, 2560, 331.04
384, 2640, 2640, 282.12
384, 2720, 2720, 353.50
384, 2800, 2800, 277.76
384, 2880, 2880, 351.00
384, 2960, 2960, 276.40
384, 3040, 3040, 356.77
384, 3120, 3120, 263.62
384, 3200, 3200, 339.71
384, 3280, 3280, 258.36
384, 3360, 3360, 350.28
384, 3440, 3440, 252.71
384, 3520, 3520, 347.28
384, 3600, 3600, 249.09
384, 3680, 3680, 351.78
384, 3760, 3760, 242.84
384, 3840, 3840, 337.35
384, 3920, 3920, 239.36
384, 4000, 4000, 353.25
