bli_shgemm performance
MC = 640, KC = 3328, NC = 4096
m, n, k, GFLOPS
640, 80, 80, 196.63
640, 160, 160, 265.96
640, 240, 240, 305.49
640, 320, 320, 328.68
640, 400, 400, 345.40
640, 480, 480, 352.99
640, 560, 560, 355.53
640, 640, 640, 356.36
640, 720, 720, 357.61
640, 800, 800, 358.88
640, 880, 880, 361.18
640, 960, 960, 365.08
640, 1040, 1040, 371.09
640, 1120, 1120, 371.87
640, 1200, 1200, 377.98
640, 1280, 1280, 369.85
640, 1360, 1360, 382.88
640, 1440, 1440, 382.86
640, 1520, 1520, 387.62
640, 1600, 1600, 386.61
640, 1680, 1680, 390.34
640, 1760, 1760, 391.45
640, 1840, 1840, 388.83
640, 1920, 1920, 386.66
640, 2000, 2000, 389.36
640, 2080, 2080, 386.62
640, 2160, 2160, 379.34
640, 2240, 2240, 386.30
640, 2320, 2320, 374.50
640, 2400, 2400, 376.14
640, 2480, 2480, 367.90
640, 2560, 2560, 362.52
640, 2640, 2640, 317.54
640, 2720, 2720, 376.13
640, 2800, 2800, 311.81
640, 2880, 2880, 370.49
640, 2960, 2960, 298.88
640, 3040, 3040, 356.68
640, 3120, 3120, 281.59
640, 3200, 3200, 331.48
640, 3280, 3280, 264.47
640, 3360, 3360, 316.29
640, 3440, 3440, 250.41
640, 3520, 3520, 318.43
640, 3600, 3600, 248.88
640, 3680, 3680, 323.53
640, 3760, 3760, 262.53
640, 3840, 3840, 343.94
640, 3920, 3920, 246.20
640, 4000, 4000, 352.82
