bli_shgemm performance
MC = 512, KC = 1280, NC = 2048
m, n, k, GFLOPS
512, 80, 80, 193.97
512, 160, 160, 263.48
512, 240, 240, 298.45
512, 320, 320, 319.87
512, 400, 400, 336.56
512, 480, 480, 344.29
512, 560, 560, 348.12
512, 640, 640, 350.42
512, 720, 720, 352.89
512, 800, 800, 354.49
512, 880, 880, 358.62
512, 960, 960, 363.89
512, 1040, 1040, 365.58
512, 1120, 1120, 368.41
512, 1200, 1200, 370.84
512, 1280, 1280, 366.47
512, 1360, 1360, 365.60
512, 1440, 1440, 362.42
512, 1520, 1520, 364.04
512, 1600, 1600, 364.59
512, 1680, 1680, 369.46
512, 1760, 1760, 370.36
512, 1840, 1840, 368.81
512, 1920, 1920, 362.49
512, 2000, 2000, 371.23
512, 2080, 2080, 366.60
512, 2160, 2160, 309.32
512, 2240, 2240, 368.39
512, 2320, 2320, 312.46
512, 2400, 2400, 372.09
512, 2480, 2480, 308.80
512, 2560, 2560, 350.44
512, 2640, 2640, 296.07
512, 2720, 2720, 359.14
512, 2800, 2800, 338.94
512, 2880, 2880, 358.85
512, 2960, 2960, 338.07
512, 3040, 3040, 358.00
512, 3120, 3120, 339.83
512, 3200, 3200, 355.59
512, 3280, 3280, 338.46
512, 3360, 3360, 360.50
512, 3440, 3440, 341.03
512, 3520, 3520, 363.68
512, 3600, 3600, 345.11
512, 3680, 3680, 364.33
512, 3760, 3760, 345.48
512, 3840, 3840, 359.25
512, 3920, 3920, 340.50
512, 4000, 4000, 360.72
