bli_shgemm performance
MC = 256, KC = 2816, NC = 2048
m, n, k, GFLOPS
256, 80, 80, 183.96
256, 160, 160, 248.52
256, 240, 240, 282.31
256, 320, 320, 298.26
256, 400, 400, 313.57
256, 480, 480, 321.92
256, 560, 560, 327.18
256, 640, 640, 330.88
256, 720, 720, 337.59
256, 800, 800, 338.97
256, 880, 880, 337.78
256, 960, 960, 340.90
256, 1040, 1040, 335.69
256, 1120, 1120, 340.59
256, 1200, 1200, 339.48
256, 1280, 1280, 324.39
256, 1360, 1360, 344.06
256, 1440, 1440, 345.45
256, 1520, 1520, 347.04
256, 1600, 1600, 347.59
256, 1680, 1680, 349.00
256, 1760, 1760, 351.21
256, 1840, 1840, 353.44
256, 1920, 1920, 340.79
256, 2000, 2000, 352.87
256, 2080, 2080, 346.11
256, 2160, 2160, 278.75
256, 2240, 2240, 345.57
256, 2320, 2320, 277.29
256, 2400, 2400, 354.64
256, 2480, 2480, 262.04
256, 2560, 2560, 321.08
256, 2640, 2640, 256.63
256, 2720, 2720, 346.75
256, 2800, 2800, 263.43
256, 2880, 2880, 339.80
256, 2960, 2960, 258.80
256, 3040, 3040, 344.37
256, 3120, 3120, 332.09
256, 3200, 3200, 340.12
256, 3280, 3280, 324.55
256, 3360, 3360, 343.17
256, 3440, 3440, 329.53
256, 3520, 3520, 346.38
256, 3600, 3600, 329.05
256, 3680, 3680, 344.70
256, 3760, 3760, 325.07
256, 3840, 3840, 340.05
256, 3920, 3920, 329.43
256, 4000, 4000, 346.83
