bli_shgemm performance
MC = 512, KC = 4096, NC = 1024
m, n, k, GFLOPS
512, 80, 80, 191.87
512, 160, 160, 260.78
512, 240, 240, 296.91
512, 320, 320, 319.50
512, 400, 400, 335.24
512, 480, 480, 343.97
512, 560, 560, 347.33
512, 640, 640, 348.95
512, 720, 720, 351.13
512, 800, 800, 356.70
512, 880, 880, 351.90
512, 960, 960, 362.73
512, 1040, 1040, 348.90
512, 1120, 1120, 352.34
512, 1200, 1200, 356.09
512, 1280, 1280, 351.05
512, 1360, 1360, 361.63
512, 1440, 1440, 363.14
512, 1520, 1520, 368.13
512, 1600, 1600, 369.21
512, 1680, 1680, 373.85
512, 1760, 1760, 371.48
512, 1840, 1840, 376.03
512, 1920, 1920, 368.51
512, 2000, 2000, 379.11
512, 2080, 2080, 367.22
512, 2160, 2160, 318.06
512, 2240, 2240, 367.52
512, 2320, 2320, 316.33
512, 2400, 2400, 372.96
512, 2480, 2480, 310.09
512, 2560, 2560, 357.82
512, 2640, 2640, 303.16
512, 2720, 2720, 375.74
512, 2800, 2800, 302.77
512, 2880, 2880, 375.94
512, 2960, 2960, 299.17
512, 3040, 3040, 380.17
512, 3120, 3120, 360.29
512, 3200, 3200, 377.81
512, 3280, 3280, 359.30
512, 3360, 3360, 375.32
512, 3440, 3440, 365.32
512, 3520, 3520, 378.25
512, 3600, 3600, 361.50
512, 3680, 3680, 371.04
512, 3760, 3760, 353.42
512, 3840, 3840, 362.54
512, 3920, 3920, 347.52
512, 4000, 4000, 347.25
