bli_shgemm performance
MC = 384, KC = 1024, NC = 1024
m, n, k, GFLOPS
384, 80, 80, 188.99
384, 160, 160, 257.97
384, 240, 240, 293.26
384, 320, 320, 314.34
384, 400, 400, 328.28
384, 480, 480, 336.75
384, 560, 560, 343.36
384, 640, 640, 341.98
384, 720, 720, 348.45
384, 800, 800, 352.82
384, 880, 880, 350.91
384, 960, 960, 353.79
384, 1040, 1040, 325.32
384, 1120, 1120, 332.31
384, 1200, 1200, 332.45
384, 1280, 1280, 332.26
384, 1360, 1360, 338.67
384, 1440, 1440, 345.00
384, 1520, 1520, 339.27
384, 1600, 1600, 348.56
384, 1680, 1680, 342.12
384, 1760, 1760, 350.89
384, 1840, 1840, 347.56
384, 1920, 1920, 345.38
384, 2000, 2000, 349.44
384, 2080, 2080, 335.66
384, 2160, 2160, 324.42
384, 2240, 2240, 339.35
384, 2320, 2320, 326.38
384, 2400, 2400, 338.96
384, 2480, 2480, 328.29
384, 2560, 2560, 325.65
384, 2640, 2640, 328.00
384, 2720, 2720, 340.82
384, 2800, 2800, 325.54
384, 2880, 2880, 344.19
384, 2960, 2960, 324.85
384, 3040, 3040, 341.92
384, 3120, 3120, 314.04
384, 3200, 3200, 330.98
384, 3280, 3280, 313.72
384, 3360, 3360, 332.65
384, 3440, 3440, 312.49
384, 3520, 3520, 340.94
384, 3600, 3600, 311.04
384, 3680, 3680, 336.26
384, 3760, 3760, 311.85
384, 3840, 3840, 331.10
384, 3920, 3920, 312.28
384, 4000, 4000, 341.09
