bli_shgemm performance
MC = 640, KC = 2304, NC = 1024
m, n, k, GFLOPS
640, 80, 80, 193.99
640, 160, 160, 265.33
640, 240, 240, 303.09
640, 320, 320, 324.94
640, 400, 400, 340.84
640, 480, 480, 349.81
640, 560, 560, 353.78
640, 640, 640, 349.76
640, 720, 720, 352.03
640, 800, 800, 357.00
640, 880, 880, 358.07
640, 960, 960, 365.70
640, 1040, 1040, 356.51
640, 1120, 1120, 356.86
640, 1200, 1200, 363.11
640, 1280, 1280, 362.52
640, 1360, 1360, 368.36
640, 1440, 1440, 369.45
640, 1520, 1520, 374.81
640, 1600, 1600, 374.81
640, 1680, 1680, 379.44
640, 1760, 1760, 378.41
640, 1840, 1840, 382.54
640, 1920, 1920, 378.76
640, 2000, 2000, 385.69
640, 2080, 2080, 378.22
640, 2160, 2160, 329.38
640, 2240, 2240, 380.03
640, 2320, 2320, 311.86
640, 2400, 2400, 365.66
640, 2480, 2480, 307.93
640, 2560, 2560, 347.80
640, 2640, 2640, 300.48
640, 2720, 2720, 368.19
640, 2800, 2800, 298.13
640, 2880, 2880, 367.85
640, 2960, 2960, 292.94
640, 3040, 3040, 376.56
640, 3120, 3120, 288.04
640, 3200, 3200, 365.74
640, 3280, 3280, 280.76
640, 3360, 3360, 375.22
640, 3440, 3440, 278.74
640, 3520, 3520, 374.50
640, 3600, 3600, 276.59
640, 3680, 3680, 379.43
640, 3760, 3760, 275.53
640, 3840, 3840, 368.58
640, 3920, 3920, 267.17
640, 4000, 4000, 382.15
