bli_shgemm performance
MC = 512, KC = 512, NC = 1024
m, n, k, GFLOPS
512, 80, 80, 193.66
512, 160, 160, 262.95
512, 240, 240, 298.55
512, 320, 320, 323.36
512, 400, 400, 340.56
512, 480, 480, 344.06
512, 560, 560, 327.13
512, 640, 640, 325.13
512, 720, 720, 329.66
512, 800, 800, 335.38
512, 880, 880, 332.88
512, 960, 960, 351.73
512, 1040, 1040, 308.67
512, 1120, 1120, 323.90
512, 1200, 1200, 318.71
512, 1280, 1280, 323.87
512, 1360, 1360, 326.27
512, 1440, 1440, 337.92
512, 1520, 1520, 340.20
512, 1600, 1600, 340.60
512, 1680, 1680, 337.37
512, 1760, 1760, 344.59
512, 1840, 1840, 339.14
512, 1920, 1920, 343.15
512, 2000, 2000, 344.43
512, 2080, 2080, 333.84
512, 2160, 2160, 277.25
512, 2240, 2240, 336.97
512, 2320, 2320, 280.04
512, 2400, 2400, 339.01
512, 2480, 2480, 284.16
512, 2560, 2560, 326.68
512, 2640, 2640, 283.57
512, 2720, 2720, 340.38
512, 2800, 2800, 284.17
512, 2880, 2880, 343.86
512, 2960, 2960, 283.89
512, 3040, 3040, 346.18
512, 3120, 3120, 272.93
512, 3200, 3200, 333.63
512, 3280, 3280, 269.53
512, 3360, 3360, 341.94
512, 3440, 3440, 265.46
512, 3520, 3520, 343.13
512, 3600, 3600, 259.92
512, 3680, 3680, 342.20
512, 3760, 3760, 255.16
512, 3840, 3840, 334.11
512, 3920, 3920, 252.49
512, 4000, 4000, 346.58
