bli_shgemm performance
MC = 640, KC = 3072, NC = 4096
m, n, k, GFLOPS
640, 80, 80, 196.06
640, 160, 160, 266.60
640, 240, 240, 304.82
640, 320, 320, 327.70
640, 400, 400, 345.22
640, 480, 480, 354.77
640, 560, 560, 356.67
640, 640, 640, 354.68
640, 720, 720, 349.55
640, 800, 800, 356.48
640, 880, 880, 355.52
640, 960, 960, 364.20
640, 1040, 1040, 368.73
640, 1120, 1120, 372.74
640, 1200, 1200, 379.23
640, 1280, 1280, 370.36
640, 1360, 1360, 384.13
640, 1440, 1440, 384.41
640, 1520, 1520, 387.41
640, 1600, 1600, 390.69
640, 1680, 1680, 389.23
640, 1760, 1760, 390.44
640, 1840, 1840, 387.69
640, 1920, 1920, 385.46
640, 2000, 2000, 390.24
640, 2080, 2080, 388.59
640, 2160, 2160, 378.00
640, 2240, 2240, 387.21
640, 2320, 2320, 342.52
640, 2400, 2400, 388.92
640, 2480, 2480, 338.39
640, 2560, 2560, 376.90
640, 2640, 2640, 309.15
640, 2720, 2720, 386.86
640, 2800, 2800, 321.89
640, 2880, 2880, 380.28
640, 2960, 2960, 311.86
640, 3040, 3040, 374.42
640, 3120, 3120, 291.27
640, 3200, 3200, 352.41
640, 3280, 3280, 281.88
640, 3360, 3360, 371.21
640, 3440, 3440, 282.10
640, 3520, 3520, 366.21
640, 3600, 3600, 290.48
640, 3680, 3680, 366.78
640, 3760, 3760, 274.66
640, 3840, 3840, 361.64
640, 3920, 3920, 270.42
640, 4000, 4000, 378.56
