bli_shgemm performance
MC = 256, KC = 768, NC = 2048
m, n, k, GFLOPS
256, 80, 80, 184.55
256, 160, 160, 248.63
256, 240, 240, 279.51
256, 320, 320, 300.23
256, 400, 400, 312.45
256, 480, 480, 320.41
256, 560, 560, 327.14
256, 640, 640, 330.85
256, 720, 720, 338.30
256, 800, 800, 322.90
256, 880, 880, 322.78
256, 960, 960, 325.36
256, 1040, 1040, 322.82
256, 1120, 1120, 328.85
256, 1200, 1200, 334.33
256, 1280, 1280, 316.53
256, 1360, 1360, 327.61
256, 1440, 1440, 329.19
256, 1520, 1520, 331.17
256, 1600, 1600, 324.42
256, 1680, 1680, 324.16
256, 1760, 1760, 326.86
256, 1840, 1840, 328.12
256, 1920, 1920, 319.65
256, 2000, 2000, 331.15
256, 2080, 2080, 323.98
256, 2160, 2160, 257.13
256, 2240, 2240, 323.16
256, 2320, 2320, 253.12
256, 2400, 2400, 322.32
256, 2480, 2480, 254.76
256, 2560, 2560, 297.74
256, 2640, 2640, 253.57
256, 2720, 2720, 327.45
256, 2800, 2800, 247.97
256, 2880, 2880, 323.77
256, 2960, 2960, 244.90
256, 3040, 3040, 328.98
256, 3120, 3120, 238.53
256, 3200, 3200, 319.74
256, 3280, 3280, 231.41
256, 3360, 3360, 329.87
256, 3440, 3440, 316.39
256, 3520, 3520, 329.50
256, 3600, 3600, 315.52
256, 3680, 3680, 330.87
256, 3760, 3760, 317.14
256, 3840, 3840, 323.48
256, 3920, 3920, 312.56
256, 4000, 4000, 328.20
