bli_shgemm performance
MC = 640, KC = 1536, NC = 1024
m, n, k, GFLOPS
640, 80, 80, 193.57
640, 160, 160, 266.40
640, 240, 240, 302.32
640, 320, 320, 324.53
640, 400, 400, 341.43
640, 480, 480, 350.02
640, 560, 560, 353.06
640, 640, 640, 347.82
640, 720, 720, 350.47
640, 800, 800, 358.44
640, 880, 880, 356.82
640, 960, 960, 368.62
640, 1040, 1040, 362.35
640, 1120, 1120, 357.97
640, 1200, 1200, 365.06
640, 1280, 1280, 359.40
640, 1360, 1360, 372.02
640, 1440, 1440, 371.46
640, 1520, 1520, 375.95
640, 1600, 1600, 367.72
640, 1680, 1680, 366.90
640, 1760, 1760, 370.72
640, 1840, 1840, 369.36
640, 1920, 1920, 370.00
640, 2000, 2000, 371.61
640, 2080, 2080, 366.64
640, 2160, 2160, 340.53
640, 2240, 2240, 366.73
640, 2320, 2320, 337.53
640, 2400, 2400, 369.26
640, 2480, 2480, 335.24
640, 2560, 2560, 363.93
640, 2640, 2640, 331.45
640, 2720, 2720, 374.61
640, 2800, 2800, 325.67
640, 2880, 2880, 375.86
640, 2960, 2960, 320.53
640, 3040, 3040, 378.40
640, 3120, 3120, 304.32
640, 3200, 3200, 362.92
640, 3280, 3280, 294.94
640, 3360, 3360, 370.61
640, 3440, 3440, 292.67
640, 3520, 3520, 370.49
640, 3600, 3600, 287.71
640, 3680, 3680, 371.85
640, 3760, 3760, 284.58
640, 3840, 3840, 361.61
640, 3920, 3920, 277.00
640, 4000, 4000, 373.38
