bli_shgemm performance
MC = 256, KC = 1792, NC = 2048
m, n, k, GFLOPS
256, 80, 80, 184.33
256, 160, 160, 248.04
256, 240, 240, 281.26
256, 320, 320, 301.74
256, 400, 400, 313.33
256, 480, 480, 320.56
256, 560, 560, 326.53
256, 640, 640, 330.53
256, 720, 720, 336.13
256, 800, 800, 340.46
256, 880, 880, 338.48
256, 960, 960, 338.99
256, 1040, 1040, 336.31
256, 1120, 1120, 340.52
256, 1200, 1200, 340.05
256, 1280, 1280, 322.72
256, 1360, 1360, 341.71
256, 1440, 1440, 344.95
256, 1520, 1520, 348.64
256, 1600, 1600, 347.82
256, 1680, 1680, 349.36
256, 1760, 1760, 351.84
256, 1840, 1840, 343.44
256, 1920, 1920, 330.37
256, 2000, 2000, 341.43
256, 2080, 2080, 333.31
256, 2160, 2160, 247.08
256, 2240, 2240, 334.00
256, 2320, 2320, 255.72
256, 2400, 2400, 338.16
256, 2480, 2480, 259.17
256, 2560, 2560, 314.83
256, 2640, 2640, 256.77
256, 2720, 2720, 341.51
256, 2800, 2800, 256.72
256, 2880, 2880, 334.93
256, 2960, 2960, 250.81
256, 3040, 3040, 338.80
256, 3120, 3120, 246.83
256, 3200, 3200, 329.02
256, 3280, 3280, 235.71
256, 3360, 3360, 339.76
256, 3440, 3440, 229.05
256, 3520, 3520, 336.07
256, 3600, 3600, 220.98
256, 3680, 3680, 336.73
256, 3760, 3760, 216.93
256, 3840, 3840, 318.65
256, 3920, 3920, 212.55
256, 4000, 4000, 337.24
