bli_shgemm performance
MC = 512, KC = 3584, NC = 4096
m, n, k, GFLOPS
512, 80, 80, 194.38
512, 160, 160, 261.76
512, 240, 240, 299.96
512, 320, 320, 322.71
512, 400, 400, 337.46
512, 480, 480, 346.16
512, 560, 560, 351.57
512, 640, 640, 354.69
512, 720, 720, 359.49
512, 800, 800, 353.41
512, 880, 880, 351.91
512, 960, 960, 359.21
512, 1040, 1040, 359.10
512, 1120, 1120, 364.85
512, 1200, 1200, 371.54
512, 1280, 1280, 361.98
512, 1360, 1360, 376.87
512, 1440, 1440, 375.14
512, 1520, 1520, 379.78
512, 1600, 1600, 379.87
512, 1680, 1680, 382.34
512, 1760, 1760, 382.62
512, 1840, 1840, 384.05
512, 1920, 1920, 377.04
512, 2000, 2000, 382.74
512, 2080, 2080, 385.30
512, 2160, 2160, 375.39
512, 2240, 2240, 387.62
512, 2320, 2320, 375.57
512, 2400, 2400, 385.24
512, 2480, 2480, 370.67
512, 2560, 2560, 364.68
512, 2640, 2640, 368.88
512, 2720, 2720, 378.35
512, 2800, 2800, 365.36
512, 2880, 2880, 380.60
512, 2960, 2960, 309.92
512, 3040, 3040, 384.57
512, 3120, 3120, 302.89
512, 3200, 3200, 372.15
512, 3280, 3280, 295.23
512, 3360, 3360, 374.19
512, 3440, 3440, 283.12
512, 3520, 3520, 364.98
512, 3600, 3600, 261.53
512, 3680, 3680, 349.07
512, 3760, 3760, 255.37
512, 3840, 3840, 344.08
512, 3920, 3920, 259.11
512, 4000, 4000, 359.13
