bli_shgemm performance
MC = 640, KC = 3840, NC = 3072
m, n, k, GFLOPS
640, 80, 80, 195.53
640, 160, 160, 266.61
640, 240, 240, 306.00
640, 320, 320, 327.91
640, 400, 400, 345.73
640, 480, 480, 352.40
640, 560, 560, 348.33
640, 640, 640, 347.01
640, 720, 720, 356.02
640, 800, 800, 362.82
640, 880, 880, 358.95
640, 960, 960, 366.17
640, 1040, 1040, 369.68
640, 1120, 1120, 373.79
640, 1200, 1200, 380.11
640, 1280, 1280, 370.82
640, 1360, 1360, 384.94
640, 1440, 1440, 384.43
640, 1520, 1520, 388.42
640, 1600, 1600, 385.93
640, 1680, 1680, 389.58
640, 1760, 1760, 389.69
640, 1840, 1840, 392.94
640, 1920, 1920, 385.20
640, 2000, 2000, 389.44
640, 2080, 2080, 385.76
640, 2160, 2160, 375.49
640, 2240, 2240, 381.37
640, 2320, 2320, 368.95
640, 2400, 2400, 381.56
640, 2480, 2480, 325.51
640, 2560, 2560, 363.68
640, 2640, 2640, 321.13
640, 2720, 2720, 377.34
640, 2800, 2800, 313.42
640, 2880, 2880, 366.91
640, 2960, 2960, 301.46
640, 3040, 3040, 360.39
640, 3120, 3120, 268.55
640, 3200, 3200, 327.22
640, 3280, 3280, 314.29
640, 3360, 3360, 322.82
640, 3440, 3440, 257.93
640, 3520, 3520, 314.38
640, 3600, 3600, 244.28
640, 3680, 3680, 312.81
640, 3760, 3760, 238.07
640, 3840, 3840, 301.06
640, 3920, 3920, 242.13
640, 4000, 4000, 324.61
