bli_shgemm performance
MC = 512, KC = 1280, NC = 5120
m, n, k, GFLOPS
512, 80, 80, 194.03
512, 160, 160, 263.46
512, 240, 240, 298.74
512, 320, 320, 321.08
512, 400, 400, 336.49
512, 480, 480, 345.24
512, 560, 560, 350.66
512, 640, 640, 347.35
512, 720, 720, 354.42
512, 800, 800, 361.39
512, 880, 880, 351.92
512, 960, 960, 369.02
512, 1040, 1040, 367.34
512, 1120, 1120, 371.67
512, 1200, 1200, 370.03
512, 1280, 1280, 360.88
512, 1360, 1360, 357.75
512, 1440, 1440, 362.31
512, 1520, 1520, 361.16
512, 1600, 1600, 368.45
512, 1680, 1680, 372.38
512, 1760, 1760, 373.93
512, 1840, 1840, 368.85
512, 1920, 1920, 361.52
512, 2000, 2000, 374.18
512, 2080, 2080, 377.69
512, 2160, 2160, 328.34
512, 2240, 2240, 376.68
512, 2320, 2320, 326.99
512, 2400, 2400, 372.30
512, 2480, 2480, 316.76
512, 2560, 2560, 356.36
512, 2640, 2640, 300.92
512, 2720, 2720, 364.69
512, 2800, 2800, 299.49
512, 2880, 2880, 363.96
512, 2960, 2960, 294.88
512, 3040, 3040, 367.22
512, 3120, 3120, 288.74
512, 3200, 3200, 358.78
512, 3280, 3280, 282.29
512, 3360, 3360, 368.86
512, 3440, 3440, 277.81
512, 3520, 3520, 364.98
512, 3600, 3600, 273.31
512, 3680, 3680, 368.35
512, 3760, 3760, 269.97
512, 3840, 3840, 356.22
512, 3920, 3920, 262.76
512, 4000, 4000, 363.60
