bli_shgemm performance
MC = 256, KC = 2048, NC = 1024
m, n, k, GFLOPS
256, 80, 80, 182.13
256, 160, 160, 248.12
256, 240, 240, 282.37
256, 320, 320, 300.60
256, 400, 400, 313.87
256, 480, 480, 321.67
256, 560, 560, 327.29
256, 640, 640, 331.35
256, 720, 720, 338.61
256, 800, 800, 339.55
256, 880, 880, 335.80
256, 960, 960, 333.14
256, 1040, 1040, 328.23
256, 1120, 1120, 330.43
256, 1200, 1200, 333.30
256, 1280, 1280, 317.92
256, 1360, 1360, 336.35
256, 1440, 1440, 337.89
256, 1520, 1520, 338.23
256, 1600, 1600, 339.19
256, 1680, 1680, 341.21
256, 1760, 1760, 342.98
256, 1840, 1840, 342.25
256, 1920, 1920, 339.25
256, 2000, 2000, 344.12
256, 2080, 2080, 332.78
256, 2160, 2160, 273.37
256, 2240, 2240, 331.02
256, 2320, 2320, 275.52
256, 2400, 2400, 333.73
256, 2480, 2480, 278.04
256, 2560, 2560, 312.82
256, 2640, 2640, 275.09
256, 2720, 2720, 334.33
256, 2800, 2800, 270.47
256, 2880, 2880, 333.67
256, 2960, 2960, 263.63
256, 3040, 3040, 336.57
256, 3120, 3120, 255.12
256, 3200, 3200, 323.70
256, 3280, 3280, 246.19
256, 3360, 3360, 334.09
256, 3440, 3440, 239.04
256, 3520, 3520, 331.75
256, 3600, 3600, 236.70
256, 3680, 3680, 335.14
256, 3760, 3760, 239.35
256, 3840, 3840, 323.46
256, 3920, 3920, 241.13
256, 4000, 4000, 337.74
