bli_shgemm performance
MC = 512, KC = 3840, NC = 1024
m, n, k, GFLOPS
512, 80, 80, 194.23
512, 160, 160, 262.40
512, 240, 240, 296.89
512, 320, 320, 322.43
512, 400, 400, 337.46
512, 480, 480, 346.48
512, 560, 560, 350.30
512, 640, 640, 350.31
512, 720, 720, 355.70
512, 800, 800, 360.32
512, 880, 880, 353.60
512, 960, 960, 362.54
512, 1040, 1040, 349.35
512, 1120, 1120, 351.87
512, 1200, 1200, 357.10
512, 1280, 1280, 350.20
512, 1360, 1360, 362.34
512, 1440, 1440, 362.48
512, 1520, 1520, 368.87
512, 1600, 1600, 367.91
512, 1680, 1680, 371.77
512, 1760, 1760, 372.01
512, 1840, 1840, 374.97
512, 1920, 1920, 367.89
512, 2000, 2000, 378.91
512, 2080, 2080, 370.75
512, 2160, 2160, 311.88
512, 2240, 2240, 371.49
512, 2320, 2320, 311.89
512, 2400, 2400, 375.27
512, 2480, 2480, 313.07
512, 2560, 2560, 359.38
512, 2640, 2640, 309.53
512, 2720, 2720, 377.87
512, 2800, 2800, 303.11
512, 2880, 2880, 376.98
512, 2960, 2960, 301.73
512, 3040, 3040, 379.11
512, 3120, 3120, 299.02
512, 3200, 3200, 368.10
512, 3280, 3280, 296.44
512, 3360, 3360, 373.40
512, 3440, 3440, 297.04
512, 3520, 3520, 368.94
512, 3600, 3600, 294.50
512, 3680, 3680, 362.69
512, 3760, 3760, 290.29
512, 3840, 3840, 351.56
512, 3920, 3920, 275.68
512, 4000, 4000, 336.17
