bli_shgemm performance
MC = 384, KC = 1024, NC = 4096
m, n, k, GFLOPS
384, 80, 80, 190.88
384, 160, 160, 259.37
384, 240, 240, 293.95
384, 320, 320, 313.70
384, 400, 400, 328.73
384, 480, 480, 337.30
384, 560, 560, 341.36
384, 640, 640, 345.27
384, 720, 720, 351.62
384, 800, 800, 346.53
384, 880, 880, 352.96
384, 960, 960, 354.41
384, 1040, 1040, 347.06
384, 1120, 1120, 343.67
384, 1200, 1200, 344.75
384, 1280, 1280, 341.24
384, 1360, 1360, 347.68
384, 1440, 1440, 350.31
384, 1520, 1520, 351.54
384, 1600, 1600, 351.43
384, 1680, 1680, 354.95
384, 1760, 1760, 356.88
384, 1840, 1840, 360.46
384, 1920, 1920, 324.76
384, 2000, 2000, 341.88
384, 2080, 2080, 306.74
384, 2160, 2160, 291.35
384, 2240, 2240, 348.01
384, 2320, 2320, 289.06
384, 2400, 2400, 353.68
384, 2480, 2480, 285.79
384, 2560, 2560, 331.16
384, 2640, 2640, 283.23
384, 2720, 2720, 353.96
384, 2800, 2800, 281.89
384, 2880, 2880, 350.56
384, 2960, 2960, 275.72
384, 3040, 3040, 356.61
384, 3120, 3120, 265.70
384, 3200, 3200, 339.57
384, 3280, 3280, 256.72
384, 3360, 3360, 351.89
384, 3440, 3440, 253.68
384, 3520, 3520, 347.54
384, 3600, 3600, 247.10
384, 3680, 3680, 350.55
384, 3760, 3760, 244.07
384, 3840, 3840, 337.77
384, 3920, 3920, 238.75
384, 4000, 4000, 354.12
