bli_shgemm performance
MC = 384, KC = 3328, NC = 5120
m, n, k, GFLOPS
384, 80, 80, 190.35
384, 160, 160, 259.18
384, 240, 240, 294.98
384, 320, 320, 314.65
384, 400, 400, 329.27
384, 480, 480, 337.88
384, 560, 560, 343.79
384, 640, 640, 344.81
384, 720, 720, 350.37
384, 800, 800, 353.65
384, 880, 880, 348.05
384, 960, 960, 353.29
384, 1040, 1040, 350.24
384, 1120, 1120, 358.43
384, 1200, 1200, 358.33
384, 1280, 1280, 347.89
384, 1360, 1360, 361.47
384, 1440, 1440, 365.73
384, 1520, 1520, 363.28
384, 1600, 1600, 367.74
384, 1680, 1680, 366.80
384, 1760, 1760, 368.98
384, 1840, 1840, 365.20
384, 1920, 1920, 361.64
384, 2000, 2000, 365.02
384, 2080, 2080, 369.07
384, 2160, 2160, 295.76
384, 2240, 2240, 368.98
384, 2320, 2320, 297.76
384, 2400, 2400, 370.63
384, 2480, 2480, 331.15
384, 2560, 2560, 327.17
384, 2640, 2640, 328.36
384, 2720, 2720, 339.58
384, 2800, 2800, 329.37
384, 2880, 2880, 344.17
384, 2960, 2960, 324.37
384, 3040, 3040, 341.11
384, 3120, 3120, 320.69
384, 3200, 3200, 338.91
384, 3280, 3280, 318.91
384, 3360, 3360, 333.48
384, 3440, 3440, 308.08
384, 3520, 3520, 338.70
384, 3600, 3600, 309.82
384, 3680, 3680, 336.57
384, 3760, 3760, 310.59
384, 3840, 3840, 330.00
384, 3920, 3920, 309.51
384, 4000, 4000, 336.44
