bli_shgemm performance
MC = 256, KC = 1792, NC = 3072
m, n, k, GFLOPS
256, 80, 80, 182.98
256, 160, 160, 248.50
256, 240, 240, 281.13
256, 320, 320, 302.28
256, 400, 400, 312.48
256, 480, 480, 320.32
256, 560, 560, 327.18
256, 640, 640, 330.73
256, 720, 720, 338.51
256, 800, 800, 340.77
256, 880, 880, 338.76
256, 960, 960, 340.07
256, 1040, 1040, 337.06
256, 1120, 1120, 341.07
256, 1200, 1200, 341.02
256, 1280, 1280, 323.67
256, 1360, 1360, 345.09
256, 1440, 1440, 348.90
256, 1520, 1520, 344.37
256, 1600, 1600, 348.38
256, 1680, 1680, 344.52
256, 1760, 1760, 346.53
256, 1840, 1840, 335.60
256, 1920, 1920, 331.57
256, 2000, 2000, 343.98
256, 2080, 2080, 344.18
256, 2160, 2160, 272.99
256, 2240, 2240, 341.70
256, 2320, 2320, 269.60
256, 2400, 2400, 339.74
256, 2480, 2480, 255.28
256, 2560, 2560, 318.14
256, 2640, 2640, 257.76
256, 2720, 2720, 345.01
256, 2800, 2800, 253.60
256, 2880, 2880, 344.51
256, 2960, 2960, 253.34
256, 3040, 3040, 347.23
256, 3120, 3120, 241.92
256, 3200, 3200, 332.19
256, 3280, 3280, 236.89
256, 3360, 3360, 344.17
256, 3440, 3440, 231.33
256, 3520, 3520, 341.41
256, 3600, 3600, 221.12
256, 3680, 3680, 340.67
256, 3760, 3760, 215.23
256, 3840, 3840, 323.66
256, 3920, 3920, 209.94
256, 4000, 4000, 342.13
