bli_shgemm performance
MC = 256, KC = 2304, NC = 3072
m, n, k, GFLOPS
256, 80, 80, 183.67
256, 160, 160, 248.52
256, 240, 240, 282.86
256, 320, 320, 301.44
256, 400, 400, 315.99
256, 480, 480, 320.55
256, 560, 560, 326.52
256, 640, 640, 330.05
256, 720, 720, 337.40
256, 800, 800, 337.14
256, 880, 880, 336.46
256, 960, 960, 339.28
256, 1040, 1040, 337.55
256, 1120, 1120, 338.98
256, 1200, 1200, 340.18
256, 1280, 1280, 322.55
256, 1360, 1360, 344.28
256, 1440, 1440, 346.91
256, 1520, 1520, 345.48
256, 1600, 1600, 347.25
256, 1680, 1680, 348.13
256, 1760, 1760, 349.94
256, 1840, 1840, 349.13
256, 1920, 1920, 340.06
256, 2000, 2000, 348.43
256, 2080, 2080, 345.91
256, 2160, 2160, 338.34
256, 2240, 2240, 348.97
256, 2320, 2320, 265.68
256, 2400, 2400, 343.68
256, 2480, 2480, 263.60
256, 2560, 2560, 314.92
256, 2640, 2640, 263.85
256, 2720, 2720, 337.83
256, 2800, 2800, 246.59
256, 2880, 2880, 339.77
256, 2960, 2960, 244.67
256, 3040, 3040, 344.58
256, 3120, 3120, 245.68
256, 3200, 3200, 330.26
256, 3280, 3280, 235.14
256, 3360, 3360, 341.45
256, 3440, 3440, 229.68
256, 3520, 3520, 337.93
256, 3600, 3600, 220.89
256, 3680, 3680, 342.58
256, 3760, 3760, 215.80
256, 3840, 3840, 326.15
256, 3920, 3920, 212.10
256, 4000, 4000, 345.41
