bli_shgemm performance
MC = 384, KC = 1536, NC = 3072
m, n, k, GFLOPS
384, 80, 80, 190.13
384, 160, 160, 257.97
384, 240, 240, 293.18
384, 320, 320, 313.47
384, 400, 400, 328.73
384, 480, 480, 337.11
384, 560, 560, 343.51
384, 640, 640, 346.33
384, 720, 720, 349.89
384, 800, 800, 351.24
384, 880, 880, 351.08
384, 960, 960, 354.36
384, 1040, 1040, 356.85
384, 1120, 1120, 357.74
384, 1200, 1200, 361.08
384, 1280, 1280, 347.61
384, 1360, 1360, 367.71
384, 1440, 1440, 367.07
384, 1520, 1520, 368.62
384, 1600, 1600, 356.55
384, 1680, 1680, 356.65
384, 1760, 1760, 361.86
384, 1840, 1840, 360.69
384, 1920, 1920, 353.82
384, 2000, 2000, 364.43
384, 2080, 2080, 362.39
384, 2160, 2160, 350.43
384, 2240, 2240, 358.59
384, 2320, 2320, 293.27
384, 2400, 2400, 357.94
384, 2480, 2480, 297.56
384, 2560, 2560, 340.64
384, 2640, 2640, 293.43
384, 2720, 2720, 362.09
384, 2800, 2800, 284.74
384, 2880, 2880, 358.49
384, 2960, 2960, 283.23
384, 3040, 3040, 361.83
384, 3120, 3120, 266.77
384, 3200, 3200, 337.70
384, 3280, 3280, 259.19
384, 3360, 3360, 352.61
384, 3440, 3440, 252.97
384, 3520, 3520, 350.37
384, 3600, 3600, 247.41
384, 3680, 3680, 353.25
384, 3760, 3760, 243.62
384, 3840, 3840, 333.69
384, 3920, 3920, 239.26
384, 4000, 4000, 355.09
