bli_shgemm performance
MC = 512, KC = 1792, NC = 3072
m, n, k, GFLOPS
512, 80, 80, 194.13
512, 160, 160, 263.52
512, 240, 240, 299.96
512, 320, 320, 320.00
512, 400, 400, 334.70
512, 480, 480, 344.48
512, 560, 560, 350.04
512, 640, 640, 350.01
512, 720, 720, 354.42
512, 800, 800, 356.18
512, 880, 880, 354.99
512, 960, 960, 362.12
512, 1040, 1040, 369.03
512, 1120, 1120, 364.45
512, 1200, 1200, 368.13
512, 1280, 1280, 362.50
512, 1360, 1360, 376.15
512, 1440, 1440, 375.78
512, 1520, 1520, 379.50
512, 1600, 1600, 379.17
512, 1680, 1680, 382.30
512, 1760, 1760, 382.52
512, 1840, 1840, 373.06
512, 1920, 1920, 364.36
512, 2000, 2000, 374.34
512, 2080, 2080, 371.42
512, 2160, 2160, 323.48
512, 2240, 2240, 371.13
512, 2320, 2320, 327.79
512, 2400, 2400, 371.22
512, 2480, 2480, 311.31
512, 2560, 2560, 354.22
512, 2640, 2640, 309.48
512, 2720, 2720, 375.03
512, 2800, 2800, 314.30
512, 2880, 2880, 370.71
512, 2960, 2960, 304.59
512, 3040, 3040, 371.72
512, 3120, 3120, 292.99
512, 3200, 3200, 360.95
512, 3280, 3280, 285.57
512, 3360, 3360, 367.07
512, 3440, 3440, 275.99
512, 3520, 3520, 365.60
512, 3600, 3600, 258.87
512, 3680, 3680, 362.76
512, 3760, 3760, 255.65
512, 3840, 3840, 352.58
512, 3920, 3920, 253.60
512, 4000, 4000, 361.66
