bli_shgemm performance
MC = 512, KC = 3584, NC = 5120
m, n, k, GFLOPS
80, 80, 3584, 185.59
160, 160, 3584, 253.71
240, 240, 3584, 284.90
320, 320, 3584, 308.20
400, 400, 3584, 328.24
480, 480, 3584, 335.90
560, 560, 3584, 342.02
640, 640, 3584, 344.56
720, 720, 3584, 359.96
800, 800, 3584, 369.17
880, 880, 3584, 373.66
960, 960, 3584, 381.62
1040, 1040, 3584, 377.73
1120, 1120, 3584, 377.04
1200, 1200, 3584, 380.77
1280, 1280, 3584, 387.11
1360, 1360, 3584, 396.35
1440, 1440, 3584, 397.83
1520, 1520, 3584, 400.10
1600, 1600, 3584, 397.72
1680, 1680, 3584, 399.20
1760, 1760, 3584, 400.01
1840, 1840, 3584, 401.26
1920, 1920, 3584, 401.95
2000, 2000, 3584, 403.34
2080, 2080, 3584, 402.62
2160, 2160, 3584, 388.19
2240, 2240, 3584, 405.80
2320, 2320, 3584, 389.06
2400, 2400, 3584, 407.16
2480, 2480, 3584, 390.73
2560, 2560, 3584, 399.77
2640, 2640, 3584, 388.48
2720, 2720, 3584, 412.21
2800, 2800, 3584, 397.03
2880, 2880, 3584, 406.89
2960, 2960, 3584, 397.29
3040, 3040, 3584, 407.84
3120, 3120, 3584, 396.96
3200, 3200, 3584, 406.43
3280, 3280, 3584, 395.36
3360, 3360, 3584, 408.31
3440, 3440, 3584, 397.44
3520, 3520, 3584, 409.32
3600, 3600, 3584, 395.92
3680, 3680, 3584, 408.46
3760, 3760, 3584, 397.36
3840, 3840, 3584, 406.87
3920, 3920, 3584, 398.47
4000, 4000, 3584, 410.77
