bli_shgemm performance
MC = 256, KC = 1280, NC = 4096
m, n, k, GFLOPS
80, 80, 1280, 201.12
160, 160, 1280, 275.36
240, 240, 1280, 314.64
320, 320, 1280, 339.15
400, 400, 1280, 351.79
480, 480, 1280, 360.27
560, 560, 1280, 372.49
640, 640, 1280, 368.05
720, 720, 1280, 375.49
800, 800, 1280, 380.43
880, 880, 1280, 382.44
960, 960, 1280, 383.46
1040, 1040, 1280, 386.05
1120, 1120, 1280, 385.21
1200, 1200, 1280, 388.37
1280, 1280, 1280, 381.83
1360, 1360, 1280, 390.42
1440, 1440, 1280, 390.34
1520, 1520, 1280, 394.34
1600, 1600, 1280, 388.99
1680, 1680, 1280, 395.52
1760, 1760, 1280, 393.49
1840, 1840, 1280, 397.53
1920, 1920, 1280, 388.93
2000, 2000, 1280, 399.39
2080, 2080, 1280, 386.98
2160, 2160, 1280, 364.99
2240, 2240, 1280, 384.83
2320, 2320, 1280, 360.64
2400, 2400, 1280, 385.78
2480, 2480, 1280, 359.00
2560, 2560, 1280, 376.46
2640, 2640, 1280, 357.07
2720, 2720, 1280, 385.07
2800, 2800, 1280, 354.25
2880, 2880, 1280, 382.37
2960, 2960, 1280, 353.23
3040, 3040, 1280, 384.84
3120, 3120, 1280, 352.66
3200, 3200, 1280, 380.11
3280, 3280, 1280, 348.49
3360, 3360, 1280, 383.60
3440, 3440, 1280, 344.91
3520, 3520, 1280, 382.39
3600, 3600, 1280, 343.32
3680, 3680, 1280, 385.46
3760, 3760, 1280, 359.73
3840, 3840, 1280, 375.29
3920, 3920, 1280, 360.55
4000, 4000, 1280, 388.09
