bli_shgemm performance
MC = 384, KC = 1536, NC = 4096
m, n, k, GFLOPS
80, 80, 1536, 202.09
160, 160, 1536, 277.38
240, 240, 1536, 316.44
320, 320, 1536, 335.17
400, 400, 1536, 347.38
480, 480, 1536, 355.45
560, 560, 1536, 369.79
640, 640, 1536, 370.05
720, 720, 1536, 378.85
800, 800, 1536, 377.31
880, 880, 1536, 384.00
960, 960, 1536, 385.47
1040, 1040, 1536, 390.12
1120, 1120, 1536, 390.85
1200, 1200, 1536, 393.02
1280, 1280, 1536, 385.17
1360, 1360, 1536, 397.48
1440, 1440, 1536, 395.41
1520, 1520, 1536, 401.15
1600, 1600, 1536, 394.50
1680, 1680, 1536, 402.61
1760, 1760, 1536, 399.23
1840, 1840, 1536, 404.19
1920, 1920, 1536, 397.37
2000, 2000, 1536, 403.95
2080, 2080, 1536, 394.42
2160, 2160, 1536, 370.08
2240, 2240, 1536, 394.42
2320, 2320, 1536, 366.29
2400, 2400, 1536, 393.23
2480, 2480, 1536, 365.43
2560, 2560, 1536, 386.05
2640, 2640, 1536, 365.07
2720, 2720, 1536, 393.61
2800, 2800, 1536, 363.81
2880, 2880, 1536, 392.92
2960, 2960, 1536, 361.15
3040, 3040, 1536, 394.45
3120, 3120, 1536, 360.87
3200, 3200, 1536, 391.45
3280, 3280, 1536, 359.60
3360, 3360, 1536, 394.52
3440, 3440, 1536, 356.77
3520, 3520, 1536, 393.27
3600, 3600, 1536, 356.05
3680, 3680, 1536, 395.13
3760, 3760, 1536, 374.50
3840, 3840, 1536, 390.78
3920, 3920, 1536, 374.92
4000, 4000, 1536, 398.50
