bli_shgemm performance
MC = 512, KC = 3840, NC = 1024
m, n, k, GFLOPS
80, 80, 3840, 205.25
160, 160, 3840, 276.85
240, 240, 3840, 312.82
320, 320, 3840, 336.03
400, 400, 3840, 352.39
480, 480, 3840, 352.51
560, 560, 3840, 345.64
640, 640, 3840, 355.27
720, 720, 3840, 366.94
800, 800, 3840, 377.24
880, 880, 3840, 385.42
960, 960, 3840, 377.73
1040, 1040, 3840, 358.04
1120, 1120, 3840, 374.90
1200, 1200, 3840, 378.46
1280, 1280, 3840, 373.77
1360, 1360, 3840, 386.62
1440, 1440, 3840, 386.90
1520, 1520, 3840, 390.41
1600, 1600, 3840, 384.82
1680, 1680, 3840, 388.26
1760, 1760, 3840, 384.00
1840, 1840, 3840, 385.51
1920, 1920, 3840, 385.67
2000, 2000, 3840, 387.68
2080, 2080, 3840, 375.58
2160, 2160, 3840, 363.87
2240, 2240, 3840, 380.83
2320, 2320, 3840, 367.15
2400, 2400, 3840, 384.69
2480, 2480, 3840, 369.72
2560, 2560, 3840, 379.13
2640, 2640, 3840, 374.81
2720, 2720, 3840, 389.58
2800, 2800, 3840, 376.92
2880, 2880, 3840, 386.06
2960, 2960, 3840, 378.40
3040, 3040, 3840, 386.75
3120, 3120, 3840, 371.36
3200, 3200, 3840, 379.94
3280, 3280, 3840, 372.44
3360, 3360, 3840, 383.44
3440, 3440, 3840, 375.78
3520, 3520, 3840, 385.67
3600, 3600, 3840, 373.86
3680, 3680, 3840, 383.71
3760, 3760, 3840, 375.54
3840, 3840, 3840, 383.59
3920, 3920, 3840, 378.18
4000, 4000, 3840, 387.97
