bli_shgemm performance
MC = 256, KC = 3072, NC = 1024
m, n, k, GFLOPS
80, 80, 3072, 202.79
160, 160, 3072, 279.84
240, 240, 3072, 312.25
320, 320, 3072, 336.79
400, 400, 3072, 350.42
480, 480, 3072, 360.82
560, 560, 3072, 367.51
640, 640, 3072, 370.64
720, 720, 3072, 382.35
800, 800, 3072, 381.32
880, 880, 3072, 388.30
960, 960, 3072, 389.88
1040, 1040, 3072, 375.47
1120, 1120, 3072, 379.79
1200, 1200, 3072, 385.65
1280, 1280, 3072, 379.93
1360, 1360, 3072, 385.74
1440, 1440, 3072, 388.14
1520, 1520, 3072, 389.08
1600, 1600, 3072, 390.44
1680, 1680, 3072, 390.62
1760, 1760, 3072, 394.69
1840, 1840, 3072, 392.39
1920, 1920, 3072, 395.67
2000, 2000, 3072, 395.44
2080, 2080, 3072, 389.78
2160, 2160, 3072, 372.02
2240, 2240, 3072, 393.70
2320, 2320, 3072, 370.46
2400, 2400, 3072, 394.96
2480, 2480, 3072, 371.52
2560, 2560, 3072, 392.93
2640, 2640, 3072, 372.07
2720, 2720, 3072, 397.92
2800, 2800, 3072, 371.58
2880, 2880, 3072, 395.72
2960, 2960, 3072, 388.91
3040, 3040, 3072, 396.71
3120, 3120, 3072, 383.41
3200, 3200, 3072, 392.46
3280, 3280, 3072, 383.49
3360, 3360, 3072, 393.66
3440, 3440, 3072, 383.31
3520, 3520, 3072, 394.69
3600, 3600, 3072, 381.26
3680, 3680, 3072, 395.04
3760, 3760, 3072, 382.56
3840, 3840, 3072, 395.02
3920, 3920, 3072, 382.45
4000, 4000, 3072, 397.60
