bli_shgemm performance
MC = 640, KC = 256, NC = 4096
m, n, k, GFLOPS
80, 80, 256, 180.16
160, 160, 256, 248.28
240, 240, 256, 280.31
320, 320, 256, 299.64
400, 400, 256, 316.07
480, 480, 256, 323.39
560, 560, 256, 328.08
640, 640, 256, 330.18
720, 720, 256, 339.55
800, 800, 256, 344.00
880, 880, 256, 344.24
960, 960, 256, 342.03
1040, 1040, 256, 344.90
1120, 1120, 256, 348.10
1200, 1200, 256, 349.01
1280, 1280, 256, 328.36
1360, 1360, 256, 348.62
1440, 1440, 256, 354.07
1520, 1520, 256, 351.96
1600, 1600, 256, 353.71
1680, 1680, 256, 356.27
1760, 1760, 256, 356.22
1840, 1840, 256, 355.95
1920, 1920, 256, 350.88
2000, 2000, 256, 355.85
2080, 2080, 256, 352.20
2160, 2160, 256, 344.60
2240, 2240, 256, 351.56
2320, 2320, 256, 345.70
2400, 2400, 256, 354.40
2480, 2480, 256, 344.81
2560, 2560, 256, 332.99
2640, 2640, 256, 342.10
2720, 2720, 256, 351.44
2800, 2800, 256, 342.78
2880, 2880, 256, 350.45
2960, 2960, 256, 340.83
3040, 3040, 256, 348.86
3120, 3120, 256, 340.01
3200, 3200, 256, 347.27
3280, 3280, 256, 336.00
3360, 3360, 256, 347.27
3440, 3440, 256, 334.10
3520, 3520, 256, 347.13
3600, 3600, 256, 340.83
3680, 3680, 256, 346.33
3760, 3760, 256, 256.59
3840, 3840, 256, 287.58
3920, 3920, 256, 256.93
4000, 4000, 256, 304.69
