bli_shgemm performance
MC = 256, KC = 2304, NC = 3072
m, n, k, GFLOPS
80, 80, 2304, 203.28
160, 160, 2304, 279.96
240, 240, 2304, 317.03
320, 320, 2304, 338.39
400, 400, 2304, 350.67
480, 480, 2304, 359.76
560, 560, 2304, 366.99
640, 640, 2304, 367.52
720, 720, 2304, 380.95
800, 800, 2304, 379.17
880, 880, 2304, 385.11
960, 960, 2304, 386.03
1040, 1040, 2304, 389.67
1120, 1120, 2304, 390.48
1200, 1200, 2304, 396.01
1280, 1280, 2304, 389.36
1360, 1360, 2304, 398.10
1440, 1440, 2304, 397.55
1520, 1520, 2304, 402.52
1600, 1600, 2304, 396.83
1680, 1680, 2304, 403.04
1760, 1760, 2304, 401.43
1840, 1840, 2304, 403.63
1920, 1920, 2304, 401.66
2000, 2000, 2304, 406.94
2080, 2080, 2304, 396.98
2160, 2160, 2304, 368.47
2240, 2240, 2304, 397.59
2320, 2320, 2304, 366.32
2400, 2400, 2304, 398.14
2480, 2480, 2304, 367.03
2560, 2560, 2304, 391.90
2640, 2640, 2304, 365.54
2720, 2720, 2304, 399.26
2800, 2800, 2304, 363.31
2880, 2880, 2304, 400.20
2960, 2960, 2304, 386.52
3040, 3040, 2304, 401.61
3120, 3120, 2304, 366.78
3200, 3200, 2304, 396.28
3280, 3280, 2304, 389.62
3360, 3360, 2304, 397.10
3440, 3440, 2304, 387.93
3520, 3520, 2304, 400.10
3600, 3600, 2304, 388.35
3680, 3680, 2304, 399.02
3760, 3760, 2304, 388.66
3840, 3840, 2304, 394.68
3920, 3920, 2304, 369.74
4000, 4000, 2304, 390.49
