bli_shgemm performance
MC = 384, KC = 512, NC = 5120
m, n, k, GFLOPS
80, 80, 512, 192.09
160, 160, 512, 262.90
240, 240, 512, 297.57
320, 320, 512, 319.38
400, 400, 512, 334.84
480, 480, 512, 347.05
560, 560, 512, 356.72
640, 640, 512, 359.97
720, 720, 512, 366.65
800, 800, 512, 369.63
880, 880, 512, 360.05
960, 960, 512, 360.25
1040, 1040, 512, 363.31
1120, 1120, 512, 367.80
1200, 1200, 512, 371.93
1280, 1280, 512, 362.48
1360, 1360, 512, 372.65
1440, 1440, 512, 374.40
1520, 1520, 512, 375.78
1600, 1600, 512, 373.31
1680, 1680, 512, 376.46
1760, 1760, 512, 376.74
1840, 1840, 512, 375.55
1920, 1920, 512, 370.38
2000, 2000, 512, 378.37
2080, 2080, 512, 373.32
2160, 2160, 512, 333.61
2240, 2240, 512, 368.46
2320, 2320, 512, 331.72
2400, 2400, 512, 370.36
2480, 2480, 512, 327.54
2560, 2560, 512, 346.60
2640, 2640, 512, 322.56
2720, 2720, 512, 370.52
2800, 2800, 512, 324.90
2880, 2880, 512, 367.42
2960, 2960, 512, 319.92
3040, 3040, 512, 370.29
3120, 3120, 512, 314.30
3200, 3200, 512, 360.27
3280, 3280, 512, 308.24
3360, 3360, 512, 366.38
3440, 3440, 512, 301.62
3520, 3520, 512, 362.19
3600, 3600, 512, 295.70
3680, 3680, 512, 354.92
3760, 3760, 512, 309.42
3840, 3840, 512, 330.17
3920, 3920, 512, 311.77
4000, 4000, 512, 353.35
