bli_shgemm performance
MC = 384, KC = 1792, NC = 1024
m, n, k, GFLOPS
80, 80, 1792, 202.11
160, 160, 1792, 278.64
240, 240, 1792, 315.41
320, 320, 1792, 335.31
400, 400, 1792, 345.47
480, 480, 1792, 358.60
560, 560, 1792, 367.33
640, 640, 1792, 370.49
720, 720, 1792, 382.37
800, 800, 1792, 378.70
880, 880, 1792, 385.49
960, 960, 1792, 385.14
1040, 1040, 1792, 376.16
1120, 1120, 1792, 377.61
1200, 1200, 1792, 381.87
1280, 1280, 1792, 376.60
1360, 1360, 1792, 388.20
1440, 1440, 1792, 387.56
1520, 1520, 1792, 392.17
1600, 1600, 1792, 388.63
1680, 1680, 1792, 394.01
1760, 1760, 1792, 393.05
1840, 1840, 1792, 397.18
1920, 1920, 1792, 394.92
2000, 2000, 1792, 394.96
2080, 2080, 1792, 388.82
2160, 2160, 1792, 369.49
2240, 2240, 1792, 392.29
2320, 2320, 1792, 368.55
2400, 2400, 1792, 392.37
2480, 2480, 1792, 370.59
2560, 2560, 1792, 391.29
2640, 2640, 1792, 371.26
2720, 2720, 1792, 395.03
2800, 2800, 1792, 368.57
2880, 2880, 1792, 385.33
2960, 2960, 1792, 366.03
3040, 3040, 1792, 385.85
3120, 3120, 1792, 361.56
3200, 3200, 1792, 380.77
3280, 3280, 1792, 347.53
3360, 3360, 1792, 372.26
3440, 3440, 1792, 347.37
3520, 3520, 1792, 372.86
3600, 3600, 1792, 347.61
3680, 3680, 1792, 374.66
3760, 3760, 1792, 351.28
3840, 3840, 1792, 368.36
3920, 3920, 1792, 352.28
4000, 4000, 1792, 377.17
