bli_shgemm performance
MC = 512, KC = 2560, NC = 3072
m, n, k, GFLOPS
80, 80, 2560, 203.91
160, 160, 2560, 281.72
240, 240, 2560, 314.87
320, 320, 2560, 336.25
400, 400, 2560, 353.35
480, 480, 2560, 365.29
560, 560, 2560, 367.12
640, 640, 2560, 371.22
720, 720, 2560, 380.83
800, 800, 2560, 386.98
880, 880, 2560, 389.89
960, 960, 2560, 393.55
1040, 1040, 2560, 393.64
1120, 1120, 2560, 395.89
1200, 1200, 2560, 400.85
1280, 1280, 2560, 395.78
1360, 1360, 2560, 406.89
1440, 1440, 2560, 405.05
1520, 1520, 2560, 409.19
1600, 1600, 2560, 403.83
1680, 1680, 2560, 409.93
1760, 1760, 2560, 408.11
1840, 1840, 2560, 412.93
1920, 1920, 2560, 407.13
2000, 2000, 2560, 414.97
2080, 2080, 2560, 412.88
2160, 2160, 2560, 372.15
2240, 2240, 2560, 405.94
2320, 2320, 2560, 373.83
2400, 2400, 2560, 407.89
2480, 2480, 2560, 373.00
2560, 2560, 2560, 405.48
2640, 2640, 2560, 396.46
2720, 2720, 2560, 411.94
2800, 2800, 2560, 400.34
2880, 2880, 2560, 412.69
2960, 2960, 2560, 400.69
3040, 3040, 2560, 413.50
3120, 3120, 2560, 375.53
3200, 3200, 2560, 404.90
3280, 3280, 2560, 395.57
3360, 3360, 2560, 405.99
3440, 3440, 2560, 395.44
3520, 3520, 2560, 407.70
3600, 3600, 2560, 395.47
3680, 3680, 2560, 408.22
3760, 3760, 2560, 395.88
3840, 3840, 2560, 404.74
3920, 3920, 2560, 383.67
4000, 4000, 2560, 399.97
