bli_shgemm performance
MC = 256, KC = 1536, NC = 4096
m, n, k, GFLOPS
80, 80, 1536, 201.52
160, 160, 1536, 276.63
240, 240, 1536, 315.85
320, 320, 1536, 338.85
400, 400, 1536, 353.23
480, 480, 1536, 362.34
560, 560, 1536, 371.51
640, 640, 1536, 371.25
720, 720, 1536, 375.30
800, 800, 1536, 380.21
880, 880, 1536, 383.88
960, 960, 1536, 382.32
1040, 1040, 1536, 386.31
1120, 1120, 1536, 386.47
1200, 1200, 1536, 390.63
1280, 1280, 1536, 384.91
1360, 1360, 1536, 392.37
1440, 1440, 1536, 391.12
1520, 1520, 1536, 397.08
1600, 1600, 1536, 391.50
1680, 1680, 1536, 397.89
1760, 1760, 1536, 395.15
1840, 1840, 1536, 397.68
1920, 1920, 1536, 390.76
2000, 2000, 1536, 400.09
2080, 2080, 1536, 388.77
2160, 2160, 1536, 367.24
2240, 2240, 1536, 388.38
2320, 2320, 1536, 364.28
2400, 2400, 1536, 389.27
2480, 2480, 1536, 362.21
2560, 2560, 1536, 380.62
2640, 2640, 1536, 359.73
2720, 2720, 1536, 389.25
2800, 2800, 1536, 358.73
2880, 2880, 1536, 387.24
2960, 2960, 1536, 355.72
3040, 3040, 1536, 389.15
3120, 3120, 1536, 355.25
3200, 3200, 1536, 386.81
3280, 3280, 1536, 355.50
3360, 3360, 1536, 388.61
3440, 3440, 1536, 353.96
3520, 3520, 1536, 388.88
3600, 3600, 1536, 350.45
3680, 3680, 1536, 391.05
3760, 3760, 1536, 370.54
3840, 3840, 1536, 385.55
3920, 3920, 1536, 369.74
4000, 4000, 1536, 393.85
