bli_shgemm performance
MC = 640, KC = 2304, NC = 5120
m, n, k, GFLOPS
80, 80, 2304, 203.30
160, 160, 2304, 281.19
240, 240, 2304, 316.69
320, 320, 2304, 334.93
400, 400, 2304, 352.13
480, 480, 2304, 363.47
560, 560, 2304, 373.44
640, 640, 2304, 372.77
720, 720, 2304, 355.26
800, 800, 2304, 386.38
880, 880, 2304, 389.09
960, 960, 2304, 393.56
1040, 1040, 2304, 398.34
1120, 1120, 2304, 399.71
1200, 1200, 2304, 404.26
1280, 1280, 2304, 396.52
1360, 1360, 2304, 404.18
1440, 1440, 2304, 404.54
1520, 1520, 2304, 408.18
1600, 1600, 2304, 406.22
1680, 1680, 2304, 411.51
1760, 1760, 2304, 407.63
1840, 1840, 2304, 410.01
1920, 1920, 2304, 406.59
2000, 2000, 2304, 412.73
2080, 2080, 2304, 403.93
2160, 2160, 2304, 371.62
2240, 2240, 2304, 403.43
2320, 2320, 2304, 371.09
2400, 2400, 2304, 405.28
2480, 2480, 2304, 371.05
2560, 2560, 2304, 411.96
2640, 2640, 2304, 369.12
2720, 2720, 2304, 405.75
2800, 2800, 2304, 367.30
2880, 2880, 2304, 405.57
2960, 2960, 2304, 374.03
3040, 3040, 2304, 407.36
3120, 3120, 2304, 372.89
3200, 3200, 2304, 406.19
3280, 3280, 2304, 373.32
3360, 3360, 2304, 407.77
3440, 3440, 2304, 374.06
3520, 3520, 2304, 407.99
3600, 3600, 2304, 374.48
3680, 3680, 2304, 409.46
3760, 3760, 2304, 374.12
3840, 3840, 2304, 405.22
3920, 3920, 2304, 373.76
4000, 4000, 2304, 410.41
