bli_shgemm performance
MC = 512, KC = 3072, NC = 1024
m, n, k, GFLOPS
80, 80, 3072, 204.70
160, 160, 3072, 281.72
240, 240, 3072, 312.52
320, 320, 3072, 335.75
400, 400, 3072, 351.24
480, 480, 3072, 353.20
560, 560, 3072, 368.11
640, 640, 3072, 370.00
720, 720, 3072, 384.62
800, 800, 3072, 383.66
880, 880, 3072, 393.25
960, 960, 3072, 393.34
1040, 1040, 3072, 376.50
1120, 1120, 3072, 378.67
1200, 1200, 3072, 386.52
1280, 1280, 3072, 380.10
1360, 1360, 3072, 390.79
1440, 1440, 3072, 391.66
1520, 1520, 3072, 395.64
1600, 1600, 3072, 397.46
1680, 1680, 3072, 400.51
1760, 1760, 3072, 401.39
1840, 1840, 3072, 403.29
1920, 1920, 3072, 403.08
2000, 2000, 3072, 405.08
2080, 2080, 3072, 395.49
2160, 2160, 3072, 380.00
2240, 2240, 3072, 398.72
2320, 2320, 3072, 380.94
2400, 2400, 3072, 400.52
2480, 2480, 3072, 381.24
2560, 2560, 3072, 398.75
2640, 2640, 3072, 379.96
2720, 2720, 3072, 403.15
2800, 2800, 3072, 379.64
2880, 2880, 3072, 400.61
2960, 2960, 3072, 391.17
3040, 3040, 3072, 400.99
3120, 3120, 3072, 386.56
3200, 3200, 3072, 396.06
3280, 3280, 3072, 382.78
3360, 3360, 3072, 397.47
3440, 3440, 3072, 384.49
3520, 3520, 3072, 399.55
3600, 3600, 3072, 381.53
3680, 3680, 3072, 399.69
3760, 3760, 3072, 383.53
3840, 3840, 3072, 399.42
3920, 3920, 3072, 385.00
4000, 4000, 3072, 402.70
