bli_shgemm performance
MC = 256, KC = 2560, NC = 4096
m, n, k, GFLOPS
80, 80, 2560, 203.49
160, 160, 2560, 280.02
240, 240, 2560, 314.10
320, 320, 2560, 335.72
400, 400, 2560, 345.35
480, 480, 2560, 358.66
560, 560, 2560, 366.67
640, 640, 2560, 368.15
720, 720, 2560, 380.26
800, 800, 2560, 381.08
880, 880, 2560, 388.56
960, 960, 2560, 390.99
1040, 1040, 2560, 392.76
1120, 1120, 2560, 392.08
1200, 1200, 2560, 398.06
1280, 1280, 2560, 391.51
1360, 1360, 2560, 400.36
1440, 1440, 2560, 399.13
1520, 1520, 2560, 402.71
1600, 1600, 2560, 398.08
1680, 1680, 2560, 404.87
1760, 1760, 2560, 403.06
1840, 1840, 2560, 405.67
1920, 1920, 2560, 400.19
2000, 2000, 2560, 408.45
2080, 2080, 2560, 398.92
2160, 2160, 2560, 368.46
2240, 2240, 2560, 399.68
2320, 2320, 2560, 367.65
2400, 2400, 2560, 401.02
2480, 2480, 2560, 367.24
2560, 2560, 2560, 394.57
2640, 2640, 2560, 366.82
2720, 2720, 2560, 402.55
2800, 2800, 2560, 366.45
2880, 2880, 2560, 401.42
2960, 2960, 2560, 365.62
3040, 3040, 2560, 405.95
3120, 3120, 2560, 367.03
3200, 3200, 2560, 401.53
3280, 3280, 2560, 366.32
3360, 3360, 2560, 406.43
3440, 3440, 2560, 365.58
3520, 3520, 2560, 407.21
3600, 3600, 2560, 364.76
3680, 3680, 2560, 407.92
3760, 3760, 2560, 366.66
3840, 3840, 2560, 400.16
3920, 3920, 2560, 382.82
4000, 4000, 2560, 398.28
