bli_shgemm performance
MC = 512, KC = 256, NC = 1024
m, n, k, GFLOPS
80, 80, 256, 178.92
160, 160, 256, 247.60
240, 240, 256, 281.69
320, 320, 256, 299.32
400, 400, 256, 314.09
480, 480, 256, 324.01
560, 560, 256, 329.13
640, 640, 256, 331.10
720, 720, 256, 340.20
800, 800, 256, 343.30
880, 880, 256, 342.58
960, 960, 256, 336.04
1040, 1040, 256, 323.47
1120, 1120, 256, 328.95
1200, 1200, 256, 329.19
1280, 1280, 256, 313.91
1360, 1360, 256, 331.50
1440, 1440, 256, 337.47
1520, 1520, 256, 338.60
1600, 1600, 256, 338.60
1680, 1680, 256, 341.37
1760, 1760, 256, 341.42
1840, 1840, 256, 341.75
1920, 1920, 256, 333.08
2000, 2000, 256, 344.02
2080, 2080, 256, 323.03
2160, 2160, 256, 285.30
2240, 2240, 256, 316.20
2320, 2320, 256, 282.05
2400, 2400, 256, 321.58
2480, 2480, 256, 281.28
2560, 2560, 256, 282.19
2640, 2640, 256, 278.46
2720, 2720, 256, 318.05
2800, 2800, 256, 270.76
2880, 2880, 256, 311.70
2960, 2960, 256, 266.77
3040, 3040, 256, 313.21
3120, 3120, 256, 257.95
3200, 3200, 256, 297.23
3280, 3280, 256, 252.43
3360, 3360, 256, 303.90
3440, 3440, 256, 243.58
3520, 3520, 256, 297.03
3600, 3600, 256, 238.69
3680, 3680, 256, 298.95
3760, 3760, 256, 236.42
3840, 3840, 256, 280.72
3920, 3920, 256, 232.16
4000, 4000, 256, 298.33
