bli_shgemm performance
MC = 384, KC = 1536, NC = 2048
m, n, k, GFLOPS
80, 80, 1536, 201.25
160, 160, 1536, 276.49
240, 240, 1536, 315.21
320, 320, 1536, 332.10
400, 400, 1536, 348.48
480, 480, 1536, 358.57
560, 560, 1536, 365.26
640, 640, 1536, 364.80
720, 720, 1536, 377.74
800, 800, 1536, 377.30
880, 880, 1536, 383.64
960, 960, 1536, 382.81
1040, 1040, 1536, 391.00
1120, 1120, 1536, 389.14
1200, 1200, 1536, 392.35
1280, 1280, 1536, 388.43
1360, 1360, 1536, 398.00
1440, 1440, 1536, 396.10
1520, 1520, 1536, 401.26
1600, 1600, 1536, 394.49
1680, 1680, 1536, 401.79
1760, 1760, 1536, 398.91
1840, 1840, 1536, 404.63
1920, 1920, 1536, 400.09
2000, 2000, 1536, 404.51
2080, 2080, 1536, 393.51
2160, 2160, 1536, 360.56
2240, 2240, 1536, 393.19
2320, 2320, 1536, 356.49
2400, 2400, 1536, 394.12
2480, 2480, 1536, 374.68
2560, 2560, 1536, 393.53
2640, 2640, 1536, 373.92
2720, 2720, 1536, 398.23
2800, 2800, 1536, 371.44
2880, 2880, 1536, 386.37
2960, 2960, 1536, 369.48
3040, 3040, 1536, 386.86
3120, 3120, 1536, 368.96
3200, 3200, 1536, 385.43
3280, 3280, 1536, 368.70
3360, 3360, 1536, 387.77
3440, 3440, 1536, 367.62
3520, 3520, 1536, 387.92
3600, 3600, 1536, 366.73
3680, 3680, 1536, 388.75
3760, 3760, 1536, 367.63
3840, 3840, 1536, 383.54
3920, 3920, 1536, 367.02
4000, 4000, 1536, 390.13
