bli_shgemm performance
MC = 384, KC = 2304, NC = 4096
m, n, k, GFLOPS
80, 80, 2304, 203.39
160, 160, 2304, 280.47
240, 240, 2304, 315.30
320, 320, 2304, 334.87
400, 400, 2304, 348.28
480, 480, 2304, 361.36
560, 560, 2304, 370.43
640, 640, 2304, 370.56
720, 720, 2304, 384.25
800, 800, 2304, 386.55
880, 880, 2304, 388.83
960, 960, 2304, 389.73
1040, 1040, 2304, 396.91
1120, 1120, 2304, 397.72
1200, 1200, 2304, 399.12
1280, 1280, 2304, 393.68
1360, 1360, 2304, 403.83
1440, 1440, 2304, 403.53
1520, 1520, 2304, 407.63
1600, 1600, 2304, 401.53
1680, 1680, 2304, 408.04
1760, 1760, 2304, 405.60
1840, 1840, 2304, 410.58
1920, 1920, 2304, 404.54
2000, 2000, 2304, 410.29
2080, 2080, 2304, 401.95
2160, 2160, 2304, 372.19
2240, 2240, 2304, 411.56
2320, 2320, 2304, 370.31
2400, 2400, 2304, 402.50
2480, 2480, 2304, 370.91
2560, 2560, 2304, 396.52
2640, 2640, 2304, 370.93
2720, 2720, 2304, 403.02
2800, 2800, 2304, 366.99
2880, 2880, 2304, 403.38
2960, 2960, 2304, 366.65
3040, 3040, 2304, 404.82
3120, 3120, 2304, 367.05
3200, 3200, 2304, 403.35
3280, 3280, 2304, 367.04
3360, 3360, 2304, 407.16
3440, 3440, 2304, 363.94
3520, 3520, 2304, 404.98
3600, 3600, 2304, 363.10
3680, 3680, 2304, 407.82
3760, 3760, 2304, 365.04
3840, 3840, 2304, 404.98
3920, 3920, 2304, 389.69
4000, 4000, 2304, 408.60
