bli_shgemm performance
MC = 640, KC = 1024, NC = 3072
m, n, k, GFLOPS
80, 80, 1024, 199.35
160, 160, 1024, 272.18
240, 240, 1024, 311.41
320, 320, 1024, 335.40
400, 400, 1024, 349.70
480, 480, 1024, 354.91
560, 560, 1024, 361.17
640, 640, 1024, 369.15
720, 720, 1024, 368.84
800, 800, 1024, 373.69
880, 880, 1024, 375.65
960, 960, 1024, 376.24
1040, 1040, 1024, 384.36
1120, 1120, 1024, 381.69
1200, 1200, 1024, 388.09
1280, 1280, 1024, 384.80
1360, 1360, 1024, 391.45
1440, 1440, 1024, 393.88
1520, 1520, 1024, 396.36
1600, 1600, 1024, 389.13
1680, 1680, 1024, 396.70
1760, 1760, 1024, 401.21
1840, 1840, 1024, 401.81
1920, 1920, 1024, 398.63
2000, 2000, 1024, 402.20
2080, 2080, 1024, 399.08
2160, 2160, 1024, 399.17
2240, 2240, 1024, 400.22
2320, 2320, 1024, 400.44
2400, 2400, 1024, 402.33
2480, 2480, 1024, 401.78
2560, 2560, 1024, 397.92
2640, 2640, 1024, 399.27
2720, 2720, 1024, 400.60
2800, 2800, 1024, 399.49
2880, 2880, 1024, 402.32
2960, 2960, 1024, 401.63
3040, 3040, 1024, 403.45
3120, 3120, 1024, 382.83
3200, 3200, 1024, 395.91
3280, 3280, 1024, 380.56
3360, 3360, 1024, 397.10
3440, 3440, 1024, 379.00
3520, 3520, 1024, 397.10
3600, 3600, 1024, 378.80
3680, 3680, 1024, 398.72
3760, 3760, 1024, 377.48
3840, 3840, 1024, 395.40
3920, 3920, 1024, 375.76
4000, 4000, 1024, 374.81
