bli_shgemm performance
MC = 640, KC = 1280, NC = 4096
m, n, k, GFLOPS
80, 80, 1280, 200.05
160, 160, 1280, 275.87
240, 240, 1280, 314.39
320, 320, 1280, 337.64
400, 400, 1280, 346.91
480, 480, 1280, 354.96
560, 560, 1280, 365.59
640, 640, 1280, 364.67
720, 720, 1280, 372.57
800, 800, 1280, 375.62
880, 880, 1280, 379.82
960, 960, 1280, 382.45
1040, 1040, 1280, 386.67
1120, 1120, 1280, 387.45
1200, 1200, 1280, 393.88
1280, 1280, 1280, 386.71
1360, 1360, 1280, 394.66
1440, 1440, 1280, 393.90
1520, 1520, 1280, 399.90
1600, 1600, 1280, 396.11
1680, 1680, 1280, 400.65
1760, 1760, 1280, 398.50
1840, 1840, 1280, 403.13
1920, 1920, 1280, 396.45
2000, 2000, 1280, 403.05
2080, 2080, 1280, 391.48
2160, 2160, 1280, 369.40
2240, 2240, 1280, 390.53
2320, 2320, 1280, 369.14
2400, 2400, 1280, 392.41
2480, 2480, 1280, 368.71
2560, 2560, 1280, 384.93
2640, 2640, 1280, 363.65
2720, 2720, 1280, 390.72
2800, 2800, 1280, 359.87
2880, 2880, 1280, 390.97
2960, 2960, 1280, 357.54
3040, 3040, 1280, 390.45
3120, 3120, 1280, 359.22
3200, 3200, 1280, 388.31
3280, 3280, 1280, 355.14
3360, 3360, 1280, 390.04
3440, 3440, 1280, 351.88
3520, 3520, 1280, 389.29
3600, 3600, 1280, 366.90
3680, 3680, 1280, 391.59
3760, 3760, 1280, 367.56
3840, 3840, 1280, 383.41
3920, 3920, 1280, 366.04
4000, 4000, 1280, 391.94
