bli_shgemm performance
MC = 256, KC = 2560, NC = 3072
m, n, k, GFLOPS
80, 80, 2560, 203.52
160, 160, 2560, 280.66
240, 240, 2560, 314.16
320, 320, 2560, 335.17
400, 400, 2560, 350.78
480, 480, 2560, 360.46
560, 560, 2560, 368.40
640, 640, 2560, 367.79
720, 720, 2560, 381.66
800, 800, 2560, 383.08
880, 880, 2560, 386.02
960, 960, 2560, 386.81
1040, 1040, 2560, 390.44
1120, 1120, 2560, 392.95
1200, 1200, 2560, 396.88
1280, 1280, 2560, 390.35
1360, 1360, 2560, 398.28
1440, 1440, 2560, 397.26
1520, 1520, 2560, 401.94
1600, 1600, 2560, 397.42
1680, 1680, 2560, 403.30
1760, 1760, 2560, 402.25
1840, 1840, 2560, 404.24
1920, 1920, 2560, 399.50
2000, 2000, 2560, 407.29
2080, 2080, 2560, 398.06
2160, 2160, 2560, 368.32
2240, 2240, 2560, 401.06
2320, 2320, 2560, 364.85
2400, 2400, 2560, 399.75
2480, 2480, 2560, 366.15
2560, 2560, 2560, 393.65
2640, 2640, 2560, 365.48
2720, 2720, 2560, 401.66
2800, 2800, 2560, 365.91
2880, 2880, 2560, 402.13
2960, 2960, 2560, 389.96
3040, 3040, 2560, 402.95
3120, 3120, 2560, 367.66
3200, 3200, 2560, 397.96
3280, 3280, 2560, 392.09
3360, 3360, 2560, 401.50
3440, 3440, 2560, 390.57
3520, 3520, 2560, 402.86
3600, 3600, 2560, 390.18
3680, 3680, 2560, 403.11
3760, 3760, 2560, 390.78
3840, 3840, 2560, 394.98
3920, 3920, 2560, 376.32
4000, 4000, 2560, 392.03
