bli_shgemm performance
MC = 512, KC = 2048, NC = 2048
m, n, k, GFLOPS
80, 80, 2048, 197.07
160, 160, 2048, 274.10
240, 240, 2048, 313.52
320, 320, 2048, 330.74
400, 400, 2048, 346.95
480, 480, 2048, 358.47
560, 560, 2048, 364.26
640, 640, 2048, 366.50
720, 720, 2048, 378.37
800, 800, 2048, 383.35
880, 880, 2048, 387.66
960, 960, 2048, 393.65
1040, 1040, 2048, 389.88
1120, 1120, 2048, 392.11
1200, 1200, 2048, 399.98
1280, 1280, 2048, 390.80
1360, 1360, 2048, 402.45
1440, 1440, 2048, 401.32
1520, 1520, 2048, 405.47
1600, 1600, 2048, 400.03
1680, 1680, 2048, 409.13
1760, 1760, 2048, 410.33
1840, 1840, 2048, 411.85
1920, 1920, 2048, 403.32
2000, 2000, 2048, 410.38
2080, 2080, 2048, 388.58
2160, 2160, 2048, 377.52
2240, 2240, 2048, 390.33
2320, 2320, 2048, 377.83
2400, 2400, 2048, 392.46
2480, 2480, 2048, 376.98
2560, 2560, 2048, 395.93
2640, 2640, 2048, 381.53
2720, 2720, 2048, 404.35
2800, 2800, 2048, 376.32
2880, 2880, 2048, 395.18
2960, 2960, 2048, 379.99
3040, 3040, 2048, 394.86
3120, 3120, 2048, 378.04
3200, 3200, 2048, 395.50
3280, 3280, 2048, 377.31
3360, 3360, 2048, 396.57
3440, 3440, 2048, 376.57
3520, 3520, 2048, 399.21
3600, 3600, 2048, 356.48
3680, 3680, 2048, 399.50
3760, 3760, 2048, 358.65
3840, 3840, 2048, 393.33
3920, 3920, 2048, 356.59
4000, 4000, 2048, 397.50
