bli_shgemm performance
MC = 384, KC = 4096, NC = 4096
m, n, k, GFLOPS
80, 80, 4096, 181.29
160, 160, 4096, 246.07
240, 240, 4096, 276.96
320, 320, 4096, 303.90
400, 400, 4096, 317.74
480, 480, 4096, 332.24
560, 560, 4096, 325.73
640, 640, 4096, 344.44
720, 720, 4096, 362.44
800, 800, 4096, 363.82
880, 880, 4096, 372.33
960, 960, 4096, 376.51
1040, 1040, 4096, 378.55
1120, 1120, 4096, 384.07
1200, 1200, 4096, 383.51
1280, 1280, 4096, 377.69
1360, 1360, 4096, 384.52
1440, 1440, 4096, 390.95
1520, 1520, 4096, 390.45
1600, 1600, 4096, 392.35
1680, 1680, 4096, 392.59
1760, 1760, 4096, 395.17
1840, 1840, 4096, 403.01
1920, 1920, 4096, 399.90
2000, 2000, 4096, 403.03
2080, 2080, 4096, 402.06
2160, 2160, 4096, 386.93
2240, 2240, 4096, 406.33
2320, 2320, 4096, 385.77
2400, 2400, 4096, 404.31
2480, 2480, 4096, 386.23
2560, 2560, 4096, 401.29
2640, 2640, 4096, 371.55
2720, 2720, 4096, 380.97
2800, 2800, 4096, 369.00
2880, 2880, 4096, 378.70
2960, 2960, 4096, 373.34
3040, 3040, 4096, 378.44
3120, 3120, 4096, 371.73
3200, 3200, 4096, 377.98
3280, 3280, 4096, 372.31
3360, 3360, 4096, 381.96
3440, 3440, 4096, 373.57
3520, 3520, 4096, 380.50
3600, 3600, 4096, 373.12
3680, 3680, 4096, 383.08
3760, 3760, 4096, 374.64
3840, 3840, 4096, 379.02
3920, 3920, 4096, 375.20
4000, 4000, 4096, 382.94
