bli_shgemm performance
MC = 256, KC = 2560, NC = 2048
m, n, k, GFLOPS
80, 80, 2560, 203.84
160, 160, 2560, 279.52
240, 240, 2560, 312.17
320, 320, 2560, 333.49
400, 400, 2560, 346.10
480, 480, 2560, 357.74
560, 560, 2560, 362.08
640, 640, 2560, 368.70
720, 720, 2560, 381.48
800, 800, 2560, 382.61
880, 880, 2560, 385.45
960, 960, 2560, 388.18
1040, 1040, 2560, 389.50
1120, 1120, 2560, 391.77
1200, 1200, 2560, 396.86
1280, 1280, 2560, 389.86
1360, 1360, 2560, 398.55
1440, 1440, 2560, 397.95
1520, 1520, 2560, 403.13
1600, 1600, 2560, 397.65
1680, 1680, 2560, 403.40
1760, 1760, 2560, 401.28
1840, 1840, 2560, 404.24
1920, 1920, 2560, 399.51
2000, 2000, 2560, 408.99
2080, 2080, 2560, 393.54
2160, 2160, 2560, 373.94
2240, 2240, 2560, 401.51
2320, 2320, 2560, 381.05
2400, 2400, 2560, 390.16
2480, 2480, 2560, 378.74
2560, 2560, 2560, 386.13
2640, 2640, 2560, 378.85
2720, 2720, 2560, 392.60
2800, 2800, 2560, 379.01
2880, 2880, 2560, 393.77
2960, 2960, 2560, 357.55
3040, 3040, 2560, 396.01
3120, 3120, 2560, 360.95
3200, 3200, 2560, 394.83
3280, 3280, 2560, 361.88
3360, 3360, 2560, 398.15
3440, 3440, 2560, 361.06
3520, 3520, 2560, 398.00
3600, 3600, 2560, 359.08
3680, 3680, 2560, 402.74
3760, 3760, 2560, 361.47
3840, 3840, 2560, 394.12
3920, 3920, 2560, 362.24
4000, 4000, 2560, 393.35
