bli_shgemm performance
MC = 256, KC = 3584, NC = 1024
m, n, k, GFLOPS
80, 80, 3584, 204.81
160, 160, 3584, 278.11
240, 240, 3584, 312.37
320, 320, 3584, 331.75
400, 400, 3584, 350.12
480, 480, 3584, 363.71
560, 560, 3584, 368.16
640, 640, 3584, 368.49
720, 720, 3584, 382.98
800, 800, 3584, 382.83
880, 880, 3584, 387.41
960, 960, 3584, 391.03
1040, 1040, 3584, 377.09
1120, 1120, 3584, 378.38
1200, 1200, 3584, 386.25
1280, 1280, 3584, 379.82
1360, 1360, 3584, 391.77
1440, 1440, 3584, 392.08
1520, 1520, 3584, 396.67
1600, 1600, 3584, 395.74
1680, 1680, 3584, 397.35
1760, 1760, 3584, 399.36
1840, 1840, 3584, 398.54
1920, 1920, 3584, 399.97
2000, 2000, 3584, 403.10
2080, 2080, 3584, 393.66
2160, 2160, 3584, 380.74
2240, 2240, 3584, 397.04
2320, 2320, 3584, 379.63
2400, 2400, 3584, 397.47
2480, 2480, 3584, 383.40
2560, 2560, 3584, 396.74
2640, 2640, 3584, 381.75
2720, 2720, 3584, 403.90
2800, 2800, 3584, 392.82
2880, 2880, 3584, 398.66
2960, 2960, 3584, 392.44
3040, 3040, 3584, 400.27
3120, 3120, 3584, 387.30
3200, 3200, 3584, 395.91
3280, 3280, 3584, 387.90
3360, 3360, 3584, 396.50
3440, 3440, 3584, 388.94
3520, 3520, 3584, 398.58
3600, 3600, 3584, 388.26
3680, 3680, 3584, 398.76
3760, 3760, 3584, 390.06
3840, 3840, 3584, 398.08
3920, 3920, 3584, 391.85
4000, 4000, 3584, 401.53
