bli_shgemm performance
MC = 384, KC = 2560, NC = 1024
m, n, k, GFLOPS
80, 80, 2560, 203.80
160, 160, 2560, 277.97
240, 240, 2560, 314.92
320, 320, 2560, 336.04
400, 400, 2560, 349.92
480, 480, 2560, 361.15
560, 560, 2560, 371.35
640, 640, 2560, 370.24
720, 720, 2560, 383.57
800, 800, 2560, 382.50
880, 880, 2560, 388.67
960, 960, 2560, 391.43
1040, 1040, 2560, 380.52
1120, 1120, 2560, 381.86
1200, 1200, 2560, 385.42
1280, 1280, 2560, 379.73
1360, 1360, 2560, 393.88
1440, 1440, 2560, 393.92
1520, 1520, 2560, 397.83
1600, 1600, 2560, 395.54
1680, 1680, 2560, 398.35
1760, 1760, 2560, 399.42
1840, 1840, 2560, 403.16
1920, 1920, 2560, 400.90
2000, 2000, 2560, 403.64
2080, 2080, 2560, 393.18
2160, 2160, 2560, 365.37
2240, 2240, 2560, 396.65
2320, 2320, 2560, 362.62
2400, 2400, 2560, 397.95
2480, 2480, 2560, 362.45
2560, 2560, 2560, 394.92
2640, 2640, 2560, 362.62
2720, 2720, 2560, 400.93
2800, 2800, 2560, 360.74
2880, 2880, 2560, 395.32
2960, 2960, 2560, 359.50
3040, 3040, 2560, 397.27
3120, 3120, 2560, 354.60
3200, 3200, 2560, 390.83
3280, 3280, 2560, 355.33
3360, 3360, 2560, 394.04
3440, 3440, 2560, 355.66
3520, 3520, 2560, 394.09
3600, 3600, 2560, 356.11
3680, 3680, 2560, 396.36
3760, 3760, 2560, 358.60
3840, 3840, 2560, 385.67
3920, 3920, 2560, 359.73
4000, 4000, 2560, 398.49
