bli_shgemm performance
MC = 384, KC = 2816, NC = 3072
m, n, k, GFLOPS
80, 80, 2816, 204.22
160, 160, 2816, 281.09
240, 240, 2816, 313.81
320, 320, 2816, 335.58
400, 400, 2816, 349.35
480, 480, 2816, 360.67
560, 560, 2816, 371.34
640, 640, 2816, 371.75
720, 720, 2816, 385.54
800, 800, 2816, 383.91
880, 880, 2816, 390.76
960, 960, 2816, 391.77
1040, 1040, 2816, 397.80
1120, 1120, 2816, 398.51
1200, 1200, 2816, 399.69
1280, 1280, 2816, 394.38
1360, 1360, 2816, 405.06
1440, 1440, 2816, 405.79
1520, 1520, 2816, 408.51
1600, 1600, 2816, 403.24
1680, 1680, 2816, 409.01
1760, 1760, 2816, 407.72
1840, 1840, 2816, 412.14
1920, 1920, 2816, 406.36
2000, 2000, 2816, 412.28
2080, 2080, 2816, 412.91
2160, 2160, 2816, 372.38
2240, 2240, 2816, 405.42
2320, 2320, 2816, 370.68
2400, 2400, 2816, 405.50
2480, 2480, 2816, 369.86
2560, 2560, 2816, 398.08
2640, 2640, 2816, 370.07
2720, 2720, 2816, 406.32
2800, 2800, 2816, 367.28
2880, 2880, 2816, 407.20
2960, 2960, 2816, 368.25
3040, 3040, 2816, 409.04
3120, 3120, 2816, 372.67
3200, 3200, 2816, 404.27
3280, 3280, 2816, 395.71
3360, 3360, 2816, 404.93
3440, 3440, 2816, 396.40
3520, 3520, 2816, 406.65
3600, 3600, 2816, 395.73
3680, 3680, 2816, 407.80
3760, 3760, 2816, 396.45
3840, 3840, 2816, 403.04
3920, 3920, 2816, 381.76
4000, 4000, 2816, 399.57
