bli_shgemm performance
MC = 640, KC = 3840, NC = 2048
m, n, k, GFLOPS
80, 80, 3840, 204.81
160, 160, 3840, 260.18
240, 240, 3840, 263.08
320, 320, 3840, 301.72
400, 400, 3840, 311.85
480, 480, 3840, 288.13
560, 560, 3840, 251.77
640, 640, 3840, 228.75
720, 720, 3840, 245.35
800, 800, 3840, 250.05
880, 880, 3840, 258.64
960, 960, 3840, 271.92
1040, 1040, 3840, 279.51
1120, 1120, 3840, 249.58
1200, 1200, 3840, 254.58
1280, 1280, 3840, 314.34
1360, 1360, 3840, 325.70
1440, 1440, 3840, 329.47
1520, 1520, 3840, 335.65
1600, 1600, 3840, 336.22
1680, 1680, 3840, 342.47
1760, 1760, 3840, 340.77
1840, 1840, 3840, 336.57
1920, 1920, 3840, 323.13
2000, 2000, 3840, 328.91
2080, 2080, 3840, 332.72
2160, 2160, 3840, 304.56
2240, 2240, 3840, 335.40
2320, 2320, 3840, 310.50
2400, 2400, 3840, 341.77
2480, 2480, 3840, 310.36
2560, 2560, 3840, 326.81
2640, 2640, 3840, 306.32
2720, 2720, 3840, 287.01
2800, 2800, 3840, 248.07
2880, 2880, 3840, 256.56
2960, 2960, 3840, 252.63
3040, 3040, 3840, 256.01
3120, 3120, 3840, 246.38
3200, 3200, 3840, 318.67
3280, 3280, 3840, 243.71
3360, 3360, 3840, 250.51
3440, 3440, 3840, 300.25
3520, 3520, 3840, 313.25
3600, 3600, 3840, 306.08
3680, 3680, 3840, 298.67
3760, 3760, 3840, 302.17
3840, 3840, 3840, 322.40
3920, 3920, 3840, 305.35
4000, 4000, 3840, 321.33
