bli_shgemm performance
MC = 256, KC = 256, NC = 3072
m, n, k, GFLOPS
80, 80, 256, 182.35
160, 160, 256, 248.15
240, 240, 256, 281.52
320, 320, 256, 298.40
400, 400, 256, 313.05
480, 480, 256, 321.65
560, 560, 256, 328.50
640, 640, 256, 331.10
720, 720, 256, 340.59
800, 800, 256, 342.58
880, 880, 256, 343.38
960, 960, 256, 341.68
1040, 1040, 256, 340.57
1120, 1120, 256, 345.13
1200, 1200, 256, 346.44
1280, 1280, 256, 328.59
1360, 1360, 256, 347.20
1440, 1440, 256, 352.79
1520, 1520, 256, 352.16
1600, 1600, 256, 354.73
1680, 1680, 256, 355.28
1760, 1760, 256, 356.30
1840, 1840, 256, 353.67
1920, 1920, 256, 350.62
2000, 2000, 256, 357.18
2080, 2080, 256, 341.45
2160, 2160, 256, 302.39
2240, 2240, 256, 335.15
2320, 2320, 256, 297.04
2400, 2400, 256, 336.73
2480, 2480, 256, 292.87
2560, 2560, 256, 295.16
2640, 2640, 256, 287.82
2720, 2720, 256, 331.99
2800, 2800, 256, 281.12
2880, 2880, 256, 325.39
2960, 2960, 256, 273.45
3040, 3040, 256, 327.55
3120, 3120, 256, 265.68
3200, 3200, 256, 314.09
3280, 3280, 256, 254.79
3360, 3360, 256, 341.66
3440, 3440, 256, 330.53
3520, 3520, 256, 339.51
3600, 3600, 256, 328.04
3680, 3680, 256, 301.70
3760, 3760, 256, 250.36
3840, 3840, 256, 283.07
3920, 3920, 256, 248.29
4000, 4000, 256, 299.83
