bli_shgemm performance
MC = 640, KC = 1024, NC = 5120
m, n, k, GFLOPS
80, 80, 1024, 199.16
160, 160, 1024, 271.66
240, 240, 1024, 310.95
320, 320, 1024, 333.65
400, 400, 1024, 347.83
480, 480, 1024, 356.13
560, 560, 1024, 359.44
640, 640, 1024, 360.15
720, 720, 1024, 367.05
800, 800, 1024, 370.46
880, 880, 1024, 375.32
960, 960, 1024, 378.12
1040, 1040, 1024, 383.17
1120, 1120, 1024, 383.12
1200, 1200, 1024, 386.71
1280, 1280, 1024, 381.57
1360, 1360, 1024, 386.39
1440, 1440, 1024, 388.34
1520, 1520, 1024, 391.40
1600, 1600, 1024, 390.95
1680, 1680, 1024, 394.27
1760, 1760, 1024, 394.08
1840, 1840, 1024, 397.04
1920, 1920, 1024, 392.02
2000, 2000, 1024, 394.58
2080, 2080, 1024, 393.86
2160, 2160, 1024, 376.15
2240, 2240, 1024, 394.24
2320, 2320, 1024, 373.17
2400, 2400, 1024, 393.94
2480, 2480, 1024, 371.10
2560, 2560, 1024, 388.33
2640, 2640, 1024, 369.35
2720, 2720, 1024, 392.42
2800, 2800, 1024, 361.02
2880, 2880, 1024, 393.22
2960, 2960, 1024, 360.74
3040, 3040, 1024, 393.87
3120, 3120, 1024, 362.00
3200, 3200, 1024, 392.48
3280, 3280, 1024, 357.05
3360, 3360, 1024, 392.89
3440, 3440, 1024, 352.46
3520, 3520, 1024, 393.61
3600, 3600, 1024, 351.50
3680, 3680, 1024, 377.52
3760, 3760, 1024, 326.00
3840, 3840, 1024, 366.97
3920, 3920, 1024, 354.10
4000, 4000, 1024, 379.10
