bli_shgemm performance
MC = 256, KC = 2048, NC = 5120
m, n, k, GFLOPS
80, 80, 2048, 198.69
160, 160, 2048, 275.20
240, 240, 2048, 313.82
320, 320, 2048, 333.32
400, 400, 2048, 351.75
480, 480, 2048, 359.16
560, 560, 2048, 363.79
640, 640, 2048, 368.00
720, 720, 2048, 375.21
800, 800, 2048, 377.22
880, 880, 2048, 380.40
960, 960, 2048, 385.43
1040, 1040, 2048, 388.80
1120, 1120, 2048, 391.43
1200, 1200, 2048, 393.81
1280, 1280, 2048, 387.15
1360, 1360, 2048, 395.44
1440, 1440, 2048, 395.20
1520, 1520, 2048, 400.27
1600, 1600, 2048, 394.33
1680, 1680, 2048, 400.55
1760, 1760, 2048, 397.98
1840, 1840, 2048, 400.83
1920, 1920, 2048, 395.10
2000, 2000, 2048, 403.91
2080, 2080, 2048, 393.02
2160, 2160, 2048, 367.43
2240, 2240, 2048, 394.27
2320, 2320, 2048, 365.82
2400, 2400, 2048, 394.52
2480, 2480, 2048, 364.65
2560, 2560, 2048, 389.51
2640, 2640, 2048, 362.01
2720, 2720, 2048, 396.24
2800, 2800, 2048, 361.44
2880, 2880, 2048, 395.15
2960, 2960, 2048, 370.32
3040, 3040, 2048, 397.47
3120, 3120, 2048, 369.02
3200, 3200, 2048, 395.26
3280, 3280, 2048, 369.25
3360, 3360, 2048, 398.94
3440, 3440, 2048, 369.31
3520, 3520, 2048, 400.11
3600, 3600, 2048, 361.23
3680, 3680, 2048, 401.33
3760, 3760, 2048, 363.67
3840, 3840, 2048, 395.93
3920, 3920, 2048, 364.52
4000, 4000, 2048, 403.10
