bli_shgemm performance
MC = 640, KC = 3328, NC = 1024
m, n, k, GFLOPS
80, 80, 3328, 204.36
160, 160, 3328, 278.99
240, 240, 3328, 313.73
320, 320, 3328, 337.68
400, 400, 3328, 353.47
480, 480, 3328, 354.98
560, 560, 3328, 332.42
640, 640, 3328, 316.54
720, 720, 3328, 346.92
800, 800, 3328, 335.80
880, 880, 3328, 348.48
960, 960, 3328, 354.83
1040, 1040, 3328, 342.39
1120, 1120, 3328, 347.14
1200, 1200, 3328, 341.44
1280, 1280, 3328, 330.76
1360, 1360, 3328, 367.45
1440, 1440, 3328, 372.24
1520, 1520, 3328, 378.53
1600, 1600, 3328, 380.78
1680, 1680, 3328, 354.78
1760, 1760, 3328, 355.24
1840, 1840, 3328, 347.50
1920, 1920, 3328, 342.69
2000, 2000, 3328, 345.93
2080, 2080, 3328, 343.20
2160, 2160, 3328, 332.81
2240, 2240, 3328, 349.41
2320, 2320, 3328, 336.57
2400, 2400, 3328, 352.20
2480, 2480, 3328, 333.22
2560, 2560, 3328, 341.42
2640, 2640, 3328, 331.10
2720, 2720, 3328, 348.26
2800, 2800, 3328, 341.42
2880, 2880, 3328, 350.79
2960, 2960, 3328, 343.36
3040, 3040, 3328, 352.36
3120, 3120, 3328, 336.58
3200, 3200, 3328, 341.89
3280, 3280, 3328, 333.85
3360, 3360, 3328, 345.43
3440, 3440, 3328, 338.15
3520, 3520, 3328, 349.37
3600, 3600, 3328, 340.57
3680, 3680, 3328, 351.07
3760, 3760, 3328, 337.75
3840, 3840, 3328, 343.76
3920, 3920, 3328, 337.41
4000, 4000, 3328, 348.17
