bli_shgemm performance
MC = 512, KC = 2048, NC = 5120
m, n, k, GFLOPS
80, 80, 2048, 198.07
160, 160, 2048, 274.29
240, 240, 2048, 311.48
320, 320, 2048, 329.92
400, 400, 2048, 346.23
480, 480, 2048, 357.89
560, 560, 2048, 363.33
640, 640, 2048, 366.85
720, 720, 2048, 377.59
800, 800, 2048, 383.57
880, 880, 2048, 388.61
960, 960, 2048, 392.63
1040, 1040, 2048, 390.28
1120, 1120, 2048, 392.98
1200, 1200, 2048, 396.36
1280, 1280, 2048, 392.45
1360, 1360, 2048, 400.42
1440, 1440, 2048, 401.20
1520, 1520, 2048, 403.93
1600, 1600, 2048, 400.07
1680, 1680, 2048, 405.96
1760, 1760, 2048, 404.38
1840, 1840, 2048, 408.97
1920, 1920, 2048, 403.14
2000, 2000, 2048, 410.92
2080, 2080, 2048, 398.17
2160, 2160, 2048, 376.09
2240, 2240, 2048, 399.86
2320, 2320, 2048, 371.48
2400, 2400, 2048, 412.61
2480, 2480, 2048, 368.18
2560, 2560, 2048, 394.98
2640, 2640, 2048, 366.44
2720, 2720, 2048, 402.56
2800, 2800, 2048, 365.73
2880, 2880, 2048, 402.44
2960, 2960, 2048, 372.43
3040, 3040, 2048, 404.13
3120, 3120, 2048, 373.19
3200, 3200, 2048, 401.69
3280, 3280, 2048, 372.17
3360, 3360, 2048, 404.39
3440, 3440, 2048, 373.31
3520, 3520, 2048, 404.93
3600, 3600, 2048, 372.53
3680, 3680, 2048, 405.69
3760, 3760, 2048, 371.96
3840, 3840, 2048, 400.79
3920, 3920, 2048, 369.38
4000, 4000, 2048, 407.64
