bli_shgemm performance
MC = 512, KC = 256, NC = 5120
m, n, k, GFLOPS
80, 80, 256, 181.52
160, 160, 256, 248.48
240, 240, 256, 281.26
320, 320, 256, 300.31
400, 400, 256, 313.62
480, 480, 256, 323.67
560, 560, 256, 329.51
640, 640, 256, 332.73
720, 720, 256, 340.27
800, 800, 256, 343.55
880, 880, 256, 342.32
960, 960, 256, 344.90
1040, 1040, 256, 344.67
1120, 1120, 256, 347.21
1200, 1200, 256, 348.13
1280, 1280, 256, 330.14
1360, 1360, 256, 348.41
1440, 1440, 256, 354.16
1520, 1520, 256, 352.64
1600, 1600, 256, 354.94
1680, 1680, 256, 354.08
1760, 1760, 256, 354.48
1840, 1840, 256, 350.46
1920, 1920, 256, 346.64
2000, 2000, 256, 352.44
2080, 2080, 256, 339.38
2160, 2160, 256, 296.93
2240, 2240, 256, 334.00
2320, 2320, 256, 351.67
2400, 2400, 256, 354.10
2480, 2480, 256, 352.10
2560, 2560, 256, 331.54
2640, 2640, 256, 349.04
2720, 2720, 256, 352.12
2800, 2800, 256, 350.56
2880, 2880, 256, 351.10
2960, 2960, 256, 273.84
3040, 3040, 256, 318.06
3120, 3120, 256, 267.73
3200, 3200, 256, 304.27
3280, 3280, 256, 264.77
3360, 3360, 256, 313.86
3440, 3440, 256, 259.41
3520, 3520, 256, 307.38
3600, 3600, 256, 258.33
3680, 3680, 256, 306.10
3760, 3760, 256, 256.96
3840, 3840, 256, 287.46
3920, 3920, 256, 257.63
4000, 4000, 256, 304.55
