bli_shgemm performance
MC = 640, KC = 1536, NC = 5120
m, n, k, GFLOPS
80, 80, 1536, 201.47
160, 160, 1536, 278.05
240, 240, 1536, 316.93
320, 320, 1536, 337.53
400, 400, 1536, 348.54
480, 480, 1536, 358.19
560, 560, 1536, 368.23
640, 640, 1536, 367.93
720, 720, 1536, 374.27
800, 800, 1536, 383.64
880, 880, 1536, 383.22
960, 960, 1536, 385.84
1040, 1040, 1536, 390.44
1120, 1120, 1536, 391.46
1200, 1200, 1536, 395.50
1280, 1280, 1536, 390.65
1360, 1360, 1536, 396.86
1440, 1440, 1536, 396.58
1520, 1520, 1536, 403.82
1600, 1600, 1536, 399.35
1680, 1680, 1536, 405.72
1760, 1760, 1536, 402.31
1840, 1840, 1536, 407.49
1920, 1920, 1536, 400.64
2000, 2000, 1536, 406.56
2080, 2080, 1536, 405.69
2160, 2160, 1536, 382.43
2240, 2240, 1536, 396.30
2320, 2320, 1536, 385.39
2400, 2400, 1536, 396.24
2480, 2480, 1536, 370.47
2560, 2560, 1536, 387.39
2640, 2640, 1536, 367.44
2720, 2720, 1536, 396.32
2800, 2800, 1536, 367.18
2880, 2880, 1536, 395.98
2960, 2960, 1536, 365.76
3040, 3040, 1536, 396.13
3120, 3120, 1536, 365.15
3200, 3200, 1536, 395.02
3280, 3280, 1536, 363.12
3360, 3360, 1536, 396.24
3440, 3440, 1536, 360.77
3520, 3520, 1536, 396.49
3600, 3600, 1536, 359.24
3680, 3680, 1536, 398.29
3760, 3760, 1536, 367.92
3840, 3840, 1536, 391.28
3920, 3920, 1536, 367.19
4000, 4000, 1536, 398.96
