bli_shgemm performance
MC = 384, KC = 1536, NC = 1024
m, n, k, GFLOPS
80, 80, 1536, 201.58
160, 160, 1536, 275.85
240, 240, 1536, 315.12
320, 320, 1536, 334.66
400, 400, 1536, 347.79
480, 480, 1536, 358.39
560, 560, 1536, 363.93
640, 640, 1536, 365.24
720, 720, 1536, 380.03
800, 800, 1536, 377.13
880, 880, 1536, 383.70
960, 960, 1536, 383.77
1040, 1040, 1536, 374.95
1120, 1120, 1536, 375.44
1200, 1200, 1536, 379.85
1280, 1280, 1536, 373.94
1360, 1360, 1536, 386.14
1440, 1440, 1536, 384.25
1520, 1520, 1536, 388.34
1600, 1600, 1536, 385.08
1680, 1680, 1536, 388.86
1760, 1760, 1536, 387.01
1840, 1840, 1536, 391.20
1920, 1920, 1536, 386.84
2000, 2000, 1536, 390.73
2080, 2080, 1536, 374.05
2160, 2160, 1536, 363.08
2240, 2240, 1536, 376.85
2320, 2320, 1536, 362.69
2400, 2400, 1536, 376.83
2480, 2480, 1536, 362.51
2560, 2560, 1536, 371.80
2640, 2640, 1536, 363.42
2720, 2720, 1536, 378.05
2800, 2800, 1536, 361.29
2880, 2880, 1536, 379.47
2960, 2960, 1536, 344.96
3040, 3040, 1536, 381.25
3120, 3120, 1536, 339.77
3200, 3200, 1536, 374.59
3280, 3280, 1536, 339.77
3360, 3360, 1536, 378.48
3440, 3440, 1536, 338.49
3520, 3520, 1536, 377.82
3600, 3600, 1536, 338.03
3680, 3680, 1536, 379.91
3760, 3760, 1536, 340.43
3840, 3840, 1536, 373.80
3920, 3920, 1536, 340.86
4000, 4000, 1536, 382.29
