bli_shgemm performance
MC = 384, KC = 2816, NC = 1024
m, n, k, GFLOPS
80, 80, 2816, 204.33
160, 160, 2816, 279.59
240, 240, 2816, 314.01
320, 320, 2816, 336.07
400, 400, 2816, 348.85
480, 480, 2816, 357.64
560, 560, 2816, 369.94
640, 640, 2816, 371.31
720, 720, 2816, 385.47
800, 800, 2816, 382.95
880, 880, 2816, 392.09
960, 960, 2816, 391.15
1040, 1040, 2816, 382.17
1120, 1120, 2816, 382.00
1200, 1200, 2816, 385.62
1280, 1280, 2816, 380.10
1360, 1360, 2816, 392.49
1440, 1440, 2816, 393.77
1520, 1520, 2816, 393.02
1600, 1600, 2816, 394.83
1680, 1680, 2816, 394.36
1760, 1760, 2816, 398.50
1840, 1840, 2816, 398.14
1920, 1920, 2816, 400.96
2000, 2000, 2816, 398.78
2080, 2080, 2816, 394.05
2160, 2160, 2816, 374.99
2240, 2240, 2816, 398.20
2320, 2320, 2816, 375.52
2400, 2400, 2816, 398.14
2480, 2480, 2816, 377.87
2560, 2560, 2816, 396.92
2640, 2640, 2816, 379.67
2720, 2720, 2816, 402.17
2800, 2800, 2816, 378.93
2880, 2880, 2816, 396.06
2960, 2960, 2816, 378.06
3040, 3040, 2816, 394.96
3120, 3120, 2816, 375.49
3200, 3200, 2816, 378.29
3280, 3280, 2816, 362.28
3360, 3360, 2816, 380.18
3440, 3440, 2816, 363.47
3520, 3520, 2816, 381.42
3600, 3600, 2816, 363.70
3680, 3680, 2816, 383.07
3760, 3760, 2816, 366.81
3840, 3840, 2816, 380.07
3920, 3920, 2816, 367.31
4000, 4000, 2816, 385.67
