bli_shgemm performance
MC = 256, KC = 512, NC = 2048
m, n, k, GFLOPS
80, 80, 512, 192.20
160, 160, 512, 261.56
240, 240, 512, 296.54
320, 320, 512, 318.38
400, 400, 512, 334.53
480, 480, 512, 345.99
560, 560, 512, 351.44
640, 640, 512, 356.02
720, 720, 512, 359.51
800, 800, 512, 359.41
880, 880, 512, 359.75
960, 960, 512, 360.68
1040, 1040, 512, 363.22
1120, 1120, 512, 367.99
1200, 1200, 512, 370.84
1280, 1280, 512, 363.29
1360, 1360, 512, 374.36
1440, 1440, 512, 376.20
1520, 1520, 512, 384.51
1600, 1600, 512, 381.27
1680, 1680, 512, 384.91
1760, 1760, 512, 384.08
1840, 1840, 512, 381.08
1920, 1920, 512, 377.07
2000, 2000, 512, 384.82
2080, 2080, 512, 371.24
2160, 2160, 512, 371.80
2240, 2240, 512, 372.37
2320, 2320, 512, 360.58
2400, 2400, 512, 376.49
2480, 2480, 512, 366.46
2560, 2560, 512, 369.01
2640, 2640, 512, 368.85
2720, 2720, 512, 380.08
2800, 2800, 512, 369.89
2880, 2880, 512, 378.89
2960, 2960, 512, 370.00
3040, 3040, 512, 381.89
3120, 3120, 512, 370.41
3200, 3200, 512, 347.69
3280, 3280, 512, 304.75
3360, 3360, 512, 354.33
3440, 3440, 512, 303.45
3520, 3520, 512, 350.78
3600, 3600, 512, 298.98
3680, 3680, 512, 352.75
3760, 3760, 512, 294.04
3840, 3840, 512, 329.62
3920, 3920, 512, 290.75
4000, 4000, 512, 350.01
