bli_shgemm performance
MC = 512, KC = 4096, NC = 4096
m, n, k, GFLOPS
80, 80, 4096, 180.71
160, 160, 4096, 242.36
240, 240, 4096, 278.61
320, 320, 4096, 304.04
400, 400, 4096, 318.36
480, 480, 4096, 295.73
560, 560, 4096, 310.11
640, 640, 4096, 319.23
720, 720, 4096, 331.50
800, 800, 4096, 340.02
880, 880, 4096, 340.60
960, 960, 4096, 337.50
1040, 1040, 4096, 340.01
1120, 1120, 4096, 325.68
1200, 1200, 4096, 332.96
1280, 1280, 4096, 334.25
1360, 1360, 4096, 341.88
1440, 1440, 4096, 342.51
1520, 1520, 4096, 335.49
1600, 1600, 4096, 341.25
1680, 1680, 4096, 343.20
1760, 1760, 4096, 348.88
1840, 1840, 4096, 348.23
1920, 1920, 4096, 349.93
2000, 2000, 4096, 342.85
2080, 2080, 4096, 341.07
2160, 2160, 4096, 332.21
2240, 2240, 4096, 350.19
2320, 2320, 4096, 340.68
2400, 2400, 4096, 353.94
2480, 2480, 4096, 337.67
2560, 2560, 4096, 256.77
2640, 2640, 4096, 257.97
2720, 2720, 4096, 265.62
2800, 2800, 4096, 263.74
2880, 2880, 4096, 269.38
2960, 2960, 4096, 348.27
3040, 3040, 4096, 345.55
3120, 3120, 4096, 337.88
3200, 3200, 4096, 346.25
3280, 3280, 4096, 340.84
3360, 3360, 4096, 350.12
3440, 3440, 4096, 344.02
3520, 3520, 4096, 348.24
3600, 3600, 4096, 337.84
3680, 3680, 4096, 346.62
3760, 3760, 4096, 339.35
3840, 3840, 4096, 347.90
3920, 3920, 4096, 342.67
4000, 4000, 4096, 350.12
