bli_shgemm performance
MC = 512, KC = 2048, NC = 3072
m, n, k, GFLOPS
80, 80, 2048, 196.64
160, 160, 2048, 274.32
240, 240, 2048, 312.22
320, 320, 2048, 330.64
400, 400, 2048, 346.23
480, 480, 2048, 358.89
560, 560, 2048, 365.12
640, 640, 2048, 367.78
720, 720, 2048, 379.79
800, 800, 2048, 383.59
880, 880, 2048, 388.47
960, 960, 2048, 388.61
1040, 1040, 2048, 392.90
1120, 1120, 2048, 392.55
1200, 1200, 2048, 398.86
1280, 1280, 2048, 393.30
1360, 1360, 2048, 400.39
1440, 1440, 2048, 398.07
1520, 1520, 2048, 402.64
1600, 1600, 2048, 395.92
1680, 1680, 2048, 403.06
1760, 1760, 2048, 399.29
1840, 1840, 2048, 405.00
1920, 1920, 2048, 398.30
2000, 2000, 2048, 409.47
2080, 2080, 2048, 401.01
2160, 2160, 2048, 373.75
2240, 2240, 2048, 400.11
2320, 2320, 2048, 371.66
2400, 2400, 2048, 402.41
2480, 2480, 2048, 371.85
2560, 2560, 2048, 395.96
2640, 2640, 2048, 389.78
2720, 2720, 2048, 406.21
2800, 2800, 2048, 393.68
2880, 2880, 2048, 407.20
2960, 2960, 2048, 393.94
3040, 3040, 2048, 408.01
3120, 3120, 2048, 370.27
3200, 3200, 2048, 405.76
3280, 3280, 2048, 357.84
3360, 3360, 2048, 399.97
3440, 3440, 2048, 388.95
3520, 3520, 2048, 401.41
3600, 3600, 2048, 388.80
3680, 3680, 2048, 396.83
3760, 3760, 2048, 381.42
3840, 3840, 2048, 393.65
3920, 3920, 2048, 382.91
4000, 4000, 2048, 403.43
