bli_shgemm performance
MC = 256, KC = 512, NC = 5120
m, n, k, GFLOPS
80, 80, 512, 192.55
160, 160, 512, 262.39
240, 240, 512, 298.31
320, 320, 512, 319.23
400, 400, 512, 334.89
480, 480, 512, 350.06
560, 560, 512, 356.39
640, 640, 512, 357.96
720, 720, 512, 363.60
800, 800, 512, 363.46
880, 880, 512, 363.45
960, 960, 512, 362.74
1040, 1040, 512, 367.27
1120, 1120, 512, 369.87
1200, 1200, 512, 370.70
1280, 1280, 512, 364.99
1360, 1360, 512, 375.46
1440, 1440, 512, 377.97
1520, 1520, 512, 379.35
1600, 1600, 512, 376.84
1680, 1680, 512, 380.64
1760, 1760, 512, 378.58
1840, 1840, 512, 377.60
1920, 1920, 512, 369.92
2000, 2000, 512, 378.45
2080, 2080, 512, 370.66
2160, 2160, 512, 341.09
2240, 2240, 512, 367.38
2320, 2320, 512, 338.12
2400, 2400, 512, 367.75
2480, 2480, 512, 334.88
2560, 2560, 512, 341.19
2640, 2640, 512, 330.35
2720, 2720, 512, 365.15
2800, 2800, 512, 323.73
2880, 2880, 512, 362.18
2960, 2960, 512, 317.46
3040, 3040, 512, 364.24
3120, 3120, 512, 318.27
3200, 3200, 512, 355.93
3280, 3280, 512, 313.13
3360, 3360, 512, 361.21
3440, 3440, 512, 308.26
3520, 3520, 512, 359.66
3600, 3600, 512, 303.04
3680, 3680, 512, 350.43
3760, 3760, 512, 317.71
3840, 3840, 512, 326.67
3920, 3920, 512, 320.50
4000, 4000, 512, 349.32
