bli_shgemm performance
MC = 384, KC = 1536, NC = 3072
m, n, k, GFLOPS
80, 80, 1536, 201.94
160, 160, 1536, 277.71
240, 240, 1536, 317.45
320, 320, 1536, 336.41
400, 400, 1536, 349.02
480, 480, 1536, 359.06
560, 560, 1536, 365.80
640, 640, 1536, 365.53
720, 720, 1536, 373.35
800, 800, 1536, 377.17
880, 880, 1536, 381.50
960, 960, 1536, 383.89
1040, 1040, 1536, 391.59
1120, 1120, 1536, 389.94
1200, 1200, 1536, 392.70
1280, 1280, 1536, 386.21
1360, 1360, 1536, 397.60
1440, 1440, 1536, 395.74
1520, 1520, 1536, 400.85
1600, 1600, 1536, 396.76
1680, 1680, 1536, 401.08
1760, 1760, 1536, 397.51
1840, 1840, 1536, 403.60
1920, 1920, 1536, 395.33
2000, 2000, 1536, 403.52
2080, 2080, 1536, 393.48
2160, 2160, 1536, 369.39
2240, 2240, 1536, 393.47
2320, 2320, 1536, 366.64
2400, 2400, 1536, 393.02
2480, 2480, 1536, 366.31
2560, 2560, 1536, 385.36
2640, 2640, 1536, 365.64
2720, 2720, 1536, 391.39
2800, 2800, 1536, 361.81
2880, 2880, 1536, 391.59
2960, 2960, 1536, 379.46
3040, 3040, 1536, 395.88
3120, 3120, 1536, 363.08
3200, 3200, 1536, 394.64
3280, 3280, 1536, 352.20
3360, 3360, 1536, 398.61
3440, 3440, 1536, 350.56
3520, 3520, 1536, 392.94
3600, 3600, 1536, 382.78
3680, 3680, 1536, 394.07
3760, 3760, 1536, 383.11
3840, 3840, 1536, 387.89
3920, 3920, 1536, 381.00
4000, 4000, 1536, 393.72
