bli_shgemm performance
MC = 384, KC = 1280, NC = 1024
m, n, k, GFLOPS
80, 80, 1280, 201.11
160, 160, 1280, 275.14
240, 240, 1280, 314.68
320, 320, 1280, 337.80
400, 400, 1280, 349.04
480, 480, 1280, 356.23
560, 560, 1280, 361.10
640, 640, 1280, 362.99
720, 720, 1280, 375.42
800, 800, 1280, 374.36
880, 880, 1280, 381.25
960, 960, 1280, 380.43
1040, 1040, 1280, 371.08
1120, 1120, 1280, 372.17
1200, 1200, 1280, 377.30
1280, 1280, 1280, 376.25
1360, 1360, 1280, 386.24
1440, 1440, 1280, 381.29
1520, 1520, 1280, 385.91
1600, 1600, 1280, 383.08
1680, 1680, 1280, 387.31
1760, 1760, 1280, 385.93
1840, 1840, 1280, 390.30
1920, 1920, 1280, 384.75
2000, 2000, 1280, 390.79
2080, 2080, 1280, 373.57
2160, 2160, 1280, 361.89
2240, 2240, 1280, 374.43
2320, 2320, 1280, 360.38
2400, 2400, 1280, 374.36
2480, 2480, 1280, 347.29
2560, 2560, 1280, 382.27
2640, 2640, 1280, 346.63
2720, 2720, 1280, 387.61
2800, 2800, 1280, 342.81
2880, 2880, 1280, 375.93
2960, 2960, 1280, 339.27
3040, 3040, 1280, 377.32
3120, 3120, 1280, 335.42
3200, 3200, 1280, 363.21
3280, 3280, 1280, 333.18
3360, 3360, 1280, 374.11
3440, 3440, 1280, 333.04
3520, 3520, 1280, 373.64
3600, 3600, 1280, 332.74
3680, 3680, 1280, 375.98
3760, 3760, 1280, 333.40
3840, 3840, 1280, 366.23
3920, 3920, 1280, 333.69
4000, 4000, 1280, 377.46
