bli_shgemm performance
MC = 256, KC = 3584, NC = 4096
m, n, k, GFLOPS
80, 80, 3584, 204.92
160, 160, 3584, 276.50
240, 240, 3584, 313.06
320, 320, 3584, 331.93
400, 400, 3584, 349.45
480, 480, 3584, 362.94
560, 560, 3584, 367.81
640, 640, 3584, 369.17
720, 720, 3584, 382.52
800, 800, 3584, 384.55
880, 880, 3584, 390.20
960, 960, 3584, 392.31
1040, 1040, 3584, 394.03
1120, 1120, 3584, 396.52
1200, 1200, 3584, 400.83
1280, 1280, 3584, 392.01
1360, 1360, 3584, 400.97
1440, 1440, 3584, 400.63
1520, 1520, 3584, 405.64
1600, 1600, 3584, 400.73
1680, 1680, 3584, 406.01
1760, 1760, 3584, 406.19
1840, 1840, 3584, 407.24
1920, 1920, 3584, 403.49
2000, 2000, 3584, 410.38
2080, 2080, 3584, 402.67
2160, 2160, 3584, 365.41
2240, 2240, 3584, 403.90
2320, 2320, 3584, 363.98
2400, 2400, 3584, 404.72
2480, 2480, 3584, 365.87
2560, 2560, 3584, 400.56
2640, 2640, 3584, 364.03
2720, 2720, 3584, 417.00
2800, 2800, 3584, 364.27
2880, 2880, 3584, 408.11
2960, 2960, 3584, 364.84
3040, 3040, 3584, 410.05
3120, 3120, 3584, 366.55
3200, 3200, 3584, 408.52
3280, 3280, 3584, 366.87
3360, 3360, 3584, 409.76
3440, 3440, 3584, 365.52
3520, 3520, 3584, 409.88
3600, 3600, 3584, 366.57
3680, 3680, 3584, 411.37
3760, 3760, 3584, 370.32
3840, 3840, 3584, 406.17
3920, 3920, 3584, 399.40
4000, 4000, 3584, 412.67
