bli_shgemm performance
MC = 256, KC = 1792, NC = 5120
m, n, k, GFLOPS
80, 80, 1792, 202.02
160, 160, 1792, 278.47
240, 240, 1792, 316.31
320, 320, 1792, 338.84
400, 400, 1792, 352.28
480, 480, 1792, 361.75
560, 560, 1792, 368.90
640, 640, 1792, 370.68
720, 720, 1792, 376.21
800, 800, 1792, 379.21
880, 880, 1792, 381.19
960, 960, 1792, 385.29
1040, 1040, 1792, 384.90
1120, 1120, 1792, 388.19
1200, 1200, 1792, 392.27
1280, 1280, 1792, 385.58
1360, 1360, 1792, 394.21
1440, 1440, 1792, 393.30
1520, 1520, 1792, 398.40
1600, 1600, 1792, 393.55
1680, 1680, 1792, 399.10
1760, 1760, 1792, 395.53
1840, 1840, 1792, 399.30
1920, 1920, 1792, 393.69
2000, 2000, 1792, 401.94
2080, 2080, 1792, 391.93
2160, 2160, 1792, 368.27
2240, 2240, 1792, 392.60
2320, 2320, 1792, 364.49
2400, 2400, 1792, 393.14
2480, 2480, 1792, 363.52
2560, 2560, 1792, 385.34
2640, 2640, 1792, 362.96
2720, 2720, 1792, 393.74
2800, 2800, 1792, 361.90
2880, 2880, 1792, 392.38
2960, 2960, 1792, 360.16
3040, 3040, 1792, 394.60
3120, 3120, 1792, 360.67
3200, 3200, 1792, 391.87
3280, 3280, 1792, 357.92
3360, 3360, 1792, 393.79
3440, 3440, 1792, 354.73
3520, 3520, 1792, 393.99
3600, 3600, 1792, 354.50
3680, 3680, 1792, 397.47
3760, 3760, 1792, 366.28
3840, 3840, 1792, 389.94
3920, 3920, 1792, 365.99
4000, 4000, 1792, 399.96
