bli_shgemm performance
MC = 512, KC = 2304, NC = 4096
m, n, k, GFLOPS
80, 80, 2304, 203.21
160, 160, 2304, 281.22
240, 240, 2304, 315.42
320, 320, 2304, 334.56
400, 400, 2304, 350.90
480, 480, 2304, 363.71
560, 560, 2304, 368.06
640, 640, 2304, 371.39
720, 720, 2304, 381.89
800, 800, 2304, 391.15
880, 880, 2304, 391.92
960, 960, 2304, 394.65
1040, 1040, 2304, 396.29
1120, 1120, 2304, 397.29
1200, 1200, 2304, 401.92
1280, 1280, 2304, 394.73
1360, 1360, 2304, 406.27
1440, 1440, 2304, 405.03
1520, 1520, 2304, 409.68
1600, 1600, 2304, 403.75
1680, 1680, 2304, 409.83
1760, 1760, 2304, 407.29
1840, 1840, 2304, 411.52
1920, 1920, 2304, 405.97
2000, 2000, 2304, 414.13
2080, 2080, 2304, 403.02
2160, 2160, 2304, 373.12
2240, 2240, 2304, 412.76
2320, 2320, 2304, 372.01
2400, 2400, 2304, 404.80
2480, 2480, 2304, 373.67
2560, 2560, 2304, 398.68
2640, 2640, 2304, 371.47
2720, 2720, 2304, 405.37
2800, 2800, 2304, 370.16
2880, 2880, 2304, 405.40
2960, 2960, 2304, 368.92
3040, 3040, 2304, 406.92
3120, 3120, 2304, 369.46
3200, 3200, 2304, 405.98
3280, 3280, 2304, 368.36
3360, 3360, 2304, 407.41
3440, 3440, 2304, 366.56
3520, 3520, 2304, 407.89
3600, 3600, 2304, 364.21
3680, 3680, 2304, 408.93
3760, 3760, 2304, 392.46
3840, 3840, 2304, 406.44
3920, 3920, 2304, 393.19
4000, 4000, 2304, 411.08
