bli_shgemm performance
MC = 512, KC = 2304, NC = 5120
m, n, k, GFLOPS
80, 80, 2304, 203.25
160, 160, 2304, 277.34
240, 240, 2304, 314.74
320, 320, 2304, 335.47
400, 400, 2304, 351.30
480, 480, 2304, 363.58
560, 560, 2304, 368.79
640, 640, 2304, 370.49
720, 720, 2304, 381.37
800, 800, 2304, 388.91
880, 880, 2304, 393.10
960, 960, 2304, 397.25
1040, 1040, 2304, 394.14
1120, 1120, 2304, 398.41
1200, 1200, 2304, 400.43
1280, 1280, 2304, 394.58
1360, 1360, 2304, 405.75
1440, 1440, 2304, 403.61
1520, 1520, 2304, 409.06
1600, 1600, 2304, 403.52
1680, 1680, 2304, 409.64
1760, 1760, 2304, 406.86
1840, 1840, 2304, 411.90
1920, 1920, 2304, 406.00
2000, 2000, 2304, 413.99
2080, 2080, 2304, 403.42
2160, 2160, 2304, 374.46
2240, 2240, 2304, 403.82
2320, 2320, 2304, 372.05
2400, 2400, 2304, 404.86
2480, 2480, 2304, 375.47
2560, 2560, 2304, 398.94
2640, 2640, 2304, 372.88
2720, 2720, 2304, 406.26
2800, 2800, 2304, 369.94
2880, 2880, 2304, 405.94
2960, 2960, 2304, 375.02
3040, 3040, 2304, 407.48
3120, 3120, 2304, 376.05
3200, 3200, 2304, 405.53
3280, 3280, 2304, 375.16
3360, 3360, 2304, 408.03
3440, 3440, 2304, 375.75
3520, 3520, 2304, 408.81
3600, 3600, 2304, 372.16
3680, 3680, 2304, 409.17
3760, 3760, 2304, 378.35
3840, 3840, 2304, 396.94
3920, 3920, 2304, 373.98
4000, 4000, 2304, 411.51
