bli_shgemm performance
MC = 512, KC = 768, NC = 1024
m, n, k, GFLOPS
80, 80, 768, 196.73
160, 160, 768, 268.50
240, 240, 768, 308.15
320, 320, 768, 327.04
400, 400, 768, 342.26
480, 480, 768, 356.94
560, 560, 768, 355.30
640, 640, 768, 355.38
720, 720, 768, 365.65
800, 800, 768, 364.67
880, 880, 768, 368.41
960, 960, 768, 367.88
1040, 1040, 768, 357.44
1120, 1120, 768, 358.27
1200, 1200, 768, 365.54
1280, 1280, 768, 359.61
1360, 1360, 768, 371.61
1440, 1440, 768, 370.14
1520, 1520, 768, 374.21
1600, 1600, 768, 372.90
1680, 1680, 768, 375.35
1760, 1760, 768, 376.01
1840, 1840, 768, 378.86
1920, 1920, 768, 376.51
2000, 2000, 768, 380.48
2080, 2080, 768, 369.68
2160, 2160, 768, 351.87
2240, 2240, 768, 371.35
2320, 2320, 768, 350.24
2400, 2400, 768, 374.27
2480, 2480, 768, 348.90
2560, 2560, 768, 368.21
2640, 2640, 768, 346.47
2720, 2720, 768, 377.61
2800, 2800, 768, 338.69
2880, 2880, 768, 376.38
2960, 2960, 768, 339.11
3040, 3040, 768, 360.95
3120, 3120, 768, 327.98
3200, 3200, 768, 347.19
3280, 3280, 768, 326.48
3360, 3360, 768, 354.47
3440, 3440, 768, 324.51
3520, 3520, 768, 353.39
3600, 3600, 768, 321.76
3680, 3680, 768, 354.60
3760, 3760, 768, 322.53
3840, 3840, 768, 342.76
3920, 3920, 768, 322.12
4000, 4000, 768, 356.45
