bli_shgemm performance
MC = 512, KC = 768, NC = 4096
m, n, k, GFLOPS
80, 80, 768, 196.49
160, 160, 768, 267.83
240, 240, 768, 304.91
320, 320, 768, 327.96
400, 400, 768, 342.76
480, 480, 768, 354.08
560, 560, 768, 357.34
640, 640, 768, 359.61
720, 720, 768, 366.27
800, 800, 768, 366.56
880, 880, 768, 368.96
960, 960, 768, 368.63
1040, 1040, 768, 374.95
1120, 1120, 768, 373.06
1200, 1200, 768, 377.48
1280, 1280, 768, 376.03
1360, 1360, 768, 383.31
1440, 1440, 768, 381.05
1520, 1520, 768, 385.17
1600, 1600, 768, 381.00
1680, 1680, 768, 385.56
1760, 1760, 768, 384.05
1840, 1840, 768, 388.08
1920, 1920, 768, 383.16
2000, 2000, 768, 389.84
2080, 2080, 768, 384.05
2160, 2160, 768, 360.71
2240, 2240, 768, 383.01
2320, 2320, 768, 365.16
2400, 2400, 768, 399.51
2480, 2480, 768, 396.28
2560, 2560, 768, 393.05
2640, 2640, 768, 394.05
2720, 2720, 768, 396.55
2800, 2800, 768, 394.71
2880, 2880, 768, 396.45
2960, 2960, 768, 396.77
3040, 3040, 768, 398.19
3120, 3120, 768, 395.49
3200, 3200, 768, 395.32
3280, 3280, 768, 349.65
3360, 3360, 768, 369.02
3440, 3440, 768, 350.63
3520, 3520, 768, 366.65
3600, 3600, 768, 346.26
3680, 3680, 768, 369.00
3760, 3760, 768, 352.20
3840, 3840, 768, 357.98
3920, 3920, 768, 351.90
4000, 4000, 768, 369.65
