bli_shgemm performance
MC = 512, KC = 512, NC = 2048
m, n, k, GFLOPS
80, 80, 512, 190.89
160, 160, 512, 263.30
240, 240, 512, 298.23
320, 320, 512, 319.14
400, 400, 512, 334.73
480, 480, 512, 345.77
560, 560, 512, 353.14
640, 640, 512, 355.45
720, 720, 512, 358.61
800, 800, 512, 360.17
880, 880, 512, 363.43
960, 960, 512, 366.67
1040, 1040, 512, 372.29
1120, 1120, 512, 375.32
1200, 1200, 512, 371.64
1280, 1280, 512, 359.54
1360, 1360, 512, 371.72
1440, 1440, 512, 374.25
1520, 1520, 512, 375.68
1600, 1600, 512, 370.55
1680, 1680, 512, 376.59
1760, 1760, 512, 374.65
1840, 1840, 512, 375.35
1920, 1920, 512, 366.96
2000, 2000, 512, 378.90
2080, 2080, 512, 358.06
2160, 2160, 512, 337.78
2240, 2240, 512, 358.07
2320, 2320, 512, 336.40
2400, 2400, 512, 359.81
2480, 2480, 512, 336.90
2560, 2560, 512, 334.52
2640, 2640, 512, 327.14
2720, 2720, 512, 359.69
2800, 2800, 512, 324.91
2880, 2880, 512, 354.58
2960, 2960, 512, 318.65
3040, 3040, 512, 358.24
3120, 3120, 512, 318.34
3200, 3200, 512, 344.72
3280, 3280, 512, 308.95
3360, 3360, 512, 353.08
3440, 3440, 512, 303.55
3520, 3520, 512, 350.43
3600, 3600, 512, 299.77
3680, 3680, 512, 351.81
3760, 3760, 512, 298.53
3840, 3840, 512, 328.23
3920, 3920, 512, 296.40
4000, 4000, 512, 350.53
