bli_shgemm performance
MC = 640, KC = 3072, NC = 3072
m, n, k, GFLOPS
80, 80, 3072, 203.75
160, 160, 3072, 280.37
240, 240, 3072, 312.64
320, 320, 3072, 335.93
400, 400, 3072, 352.63
480, 480, 3072, 356.24
560, 560, 3072, 358.81
640, 640, 3072, 330.70
720, 720, 3072, 344.98
800, 800, 3072, 351.19
880, 880, 3072, 358.84
960, 960, 3072, 360.51
1040, 1040, 3072, 386.12
1120, 1120, 3072, 366.79
1200, 1200, 3072, 368.19
1280, 1280, 3072, 348.97
1360, 1360, 3072, 359.10
1440, 1440, 3072, 361.59
1520, 1520, 3072, 365.99
1600, 1600, 3072, 363.48
1680, 1680, 3072, 370.30
1760, 1760, 3072, 367.42
1840, 1840, 3072, 370.56
1920, 1920, 3072, 374.56
2000, 2000, 3072, 363.29
2080, 2080, 3072, 359.88
2160, 2160, 3072, 327.45
2240, 2240, 3072, 368.76
2320, 2320, 3072, 330.15
2400, 2400, 3072, 365.78
2480, 2480, 3072, 331.04
2560, 2560, 3072, 355.08
2640, 2640, 3072, 341.94
2720, 2720, 3072, 376.52
2800, 2800, 3072, 345.44
2880, 2880, 3072, 378.78
2960, 2960, 3072, 333.28
3040, 3040, 3072, 369.05
3120, 3120, 3072, 328.47
3200, 3200, 3072, 355.13
3280, 3280, 3072, 324.17
3360, 3360, 3072, 362.68
3440, 3440, 3072, 327.89
3520, 3520, 3072, 363.95
3600, 3600, 3072, 330.94
3680, 3680, 3072, 365.83
3760, 3760, 3072, 351.51
3840, 3840, 3072, 357.27
3920, 3920, 3072, 348.25
4000, 4000, 3072, 362.64
