bli_shgemm performance
MC = 256, KC = 1280, NC = 3072
m, n, k, GFLOPS
80, 80, 1280, 199.99
160, 160, 1280, 275.43
240, 240, 1280, 314.68
320, 320, 1280, 338.09
400, 400, 1280, 353.75
480, 480, 1280, 362.45
560, 560, 1280, 370.64
640, 640, 1280, 371.28
720, 720, 1280, 381.71
800, 800, 1280, 383.70
880, 880, 1280, 386.35
960, 960, 1280, 385.73
1040, 1040, 1280, 388.59
1120, 1120, 1280, 387.30
1200, 1200, 1280, 391.34
1280, 1280, 1280, 382.28
1360, 1360, 1280, 392.49
1440, 1440, 1280, 393.45
1520, 1520, 1280, 396.09
1600, 1600, 1280, 389.26
1680, 1680, 1280, 395.71
1760, 1760, 1280, 393.59
1840, 1840, 1280, 395.75
1920, 1920, 1280, 388.46
2000, 2000, 1280, 398.51
2080, 2080, 1280, 388.42
2160, 2160, 1280, 364.24
2240, 2240, 1280, 386.54
2320, 2320, 1280, 362.03
2400, 2400, 1280, 387.82
2480, 2480, 1280, 360.88
2560, 2560, 1280, 379.90
2640, 2640, 1280, 363.66
2720, 2720, 1280, 387.72
2800, 2800, 1280, 356.48
2880, 2880, 1280, 385.10
2960, 2960, 1280, 369.21
3040, 3040, 1280, 388.50
3120, 3120, 1280, 348.98
3200, 3200, 1280, 390.55
3280, 3280, 1280, 342.65
3360, 3360, 1280, 380.73
3440, 3440, 1280, 366.88
3520, 3520, 1280, 381.76
3600, 3600, 1280, 366.52
3680, 3680, 1280, 383.13
3760, 3760, 1280, 367.28
3840, 3840, 1280, 374.00
3920, 3920, 1280, 365.64
4000, 4000, 1280, 384.43
