bli_shgemm performance
MC = 384, KC = 2816, NC = 5120
m, n, k, GFLOPS
80, 80, 2816, 204.37
160, 160, 2816, 281.86
240, 240, 2816, 313.27
320, 320, 2816, 336.12
400, 400, 2816, 351.33
480, 480, 2816, 361.53
560, 560, 2816, 371.21
640, 640, 2816, 373.49
720, 720, 2816, 384.40
800, 800, 2816, 385.80
880, 880, 2816, 389.43
960, 960, 2816, 393.94
1040, 1040, 2816, 398.37
1120, 1120, 2816, 399.30
1200, 1200, 2816, 399.98
1280, 1280, 2816, 393.84
1360, 1360, 2816, 405.14
1440, 1440, 2816, 404.06
1520, 1520, 2816, 408.88
1600, 1600, 2816, 403.79
1680, 1680, 2816, 409.34
1760, 1760, 2816, 407.46
1840, 1840, 2816, 412.12
1920, 1920, 2816, 406.77
2000, 2000, 2816, 412.14
2080, 2080, 2816, 404.73
2160, 2160, 2816, 370.61
2240, 2240, 2816, 405.47
2320, 2320, 2816, 369.52
2400, 2400, 2816, 405.83
2480, 2480, 2816, 370.77
2560, 2560, 2816, 398.92
2640, 2640, 2816, 369.86
2720, 2720, 2816, 416.28
2800, 2800, 2816, 367.48
2880, 2880, 2816, 408.19
2960, 2960, 2816, 375.17
3040, 3040, 2816, 409.02
3120, 3120, 2816, 373.76
3200, 3200, 2816, 407.91
3280, 3280, 2816, 374.14
3360, 3360, 2816, 411.24
3440, 3440, 2816, 373.91
3520, 3520, 2816, 410.28
3600, 3600, 2816, 372.84
3680, 3680, 2816, 412.10
3760, 3760, 2816, 372.01
3840, 3840, 2816, 405.83
3920, 3920, 2816, 376.62
4000, 4000, 2816, 412.57
