bli_shgemm performance
MC = 384, KC = 768, NC = 4096
m, n, k, GFLOPS
80, 80, 768, 196.11
160, 160, 768, 268.52
240, 240, 768, 305.44
320, 320, 768, 329.53
400, 400, 768, 345.59
480, 480, 768, 354.50
560, 560, 768, 361.15
640, 640, 768, 363.43
720, 720, 768, 367.26
800, 800, 768, 368.66
880, 880, 768, 375.40
960, 960, 768, 372.94
1040, 1040, 768, 379.70
1120, 1120, 768, 376.81
1200, 1200, 768, 381.65
1280, 1280, 768, 373.46
1360, 1360, 768, 384.58
1440, 1440, 768, 382.74
1520, 1520, 768, 386.77
1600, 1600, 768, 382.90
1680, 1680, 768, 387.66
1760, 1760, 768, 385.45
1840, 1840, 768, 390.24
1920, 1920, 768, 383.30
2000, 2000, 768, 389.83
2080, 2080, 768, 386.69
2160, 2160, 768, 364.80
2240, 2240, 768, 385.44
2320, 2320, 768, 357.10
2400, 2400, 768, 385.34
2480, 2480, 768, 357.97
2560, 2560, 768, 370.04
2640, 2640, 768, 355.67
2720, 2720, 768, 386.30
2800, 2800, 768, 351.06
2880, 2880, 768, 382.40
2960, 2960, 768, 346.64
3040, 3040, 768, 388.07
3120, 3120, 768, 341.97
3200, 3200, 768, 381.55
3280, 3280, 768, 340.55
3360, 3360, 768, 383.66
3440, 3440, 768, 335.66
3520, 3520, 768, 380.29
3600, 3600, 768, 334.30
3680, 3680, 768, 383.52
3760, 3760, 768, 337.90
3840, 3840, 768, 380.58
3920, 3920, 768, 335.27
4000, 4000, 768, 384.34
