bli_shgemm performance
MC = 640, KC = 1536, NC = 2048
m, n, k, GFLOPS
80, 80, 1536, 201.88
160, 160, 1536, 277.07
240, 240, 1536, 315.10
320, 320, 1536, 337.02
400, 400, 1536, 348.78
480, 480, 1536, 357.66
560, 560, 1536, 368.39
640, 640, 1536, 367.18
720, 720, 1536, 376.46
800, 800, 1536, 379.23
880, 880, 1536, 382.57
960, 960, 1536, 385.40
1040, 1040, 1536, 391.23
1120, 1120, 1536, 392.32
1200, 1200, 1536, 397.09
1280, 1280, 1536, 390.61
1360, 1360, 1536, 400.07
1440, 1440, 1536, 398.27
1520, 1520, 1536, 403.89
1600, 1600, 1536, 399.99
1680, 1680, 1536, 406.23
1760, 1760, 1536, 409.39
1840, 1840, 1536, 410.98
1920, 1920, 1536, 407.82
2000, 2000, 1536, 411.43
2080, 2080, 1536, 401.56
2160, 2160, 1536, 383.28
2240, 2240, 1536, 402.42
2320, 2320, 1536, 384.76
2400, 2400, 1536, 404.55
2480, 2480, 1536, 385.71
2560, 2560, 1536, 400.77
2640, 2640, 1536, 383.22
2720, 2720, 1536, 388.88
2800, 2800, 1536, 372.95
2880, 2880, 1536, 390.21
2960, 2960, 1536, 371.50
3040, 3040, 1536, 390.70
3120, 3120, 1536, 372.46
3200, 3200, 1536, 390.32
3280, 3280, 1536, 370.88
3360, 3360, 1536, 391.10
3440, 3440, 1536, 368.64
3520, 3520, 1536, 392.39
3600, 3600, 1536, 368.59
3680, 3680, 1536, 393.12
3760, 3760, 1536, 355.04
3840, 3840, 1536, 387.96
3920, 3920, 1536, 354.35
4000, 4000, 1536, 395.30
