bli_shgemm performance
MC = 512, KC = 3840, NC = 2048
m, n, k, GFLOPS
80, 80, 3840, 205.18
160, 160, 3840, 276.26
240, 240, 3840, 313.52
320, 320, 3840, 336.33
400, 400, 3840, 354.53
480, 480, 3840, 360.63
560, 560, 3840, 356.01
640, 640, 3840, 356.41
720, 720, 3840, 370.44
800, 800, 3840, 377.94
880, 880, 3840, 384.85
960, 960, 3840, 384.21
1040, 1040, 3840, 378.19
1120, 1120, 3840, 380.15
1200, 1200, 3840, 386.12
1280, 1280, 3840, 379.38
1360, 1360, 3840, 391.39
1440, 1440, 3840, 395.01
1520, 1520, 3840, 393.10
1600, 1600, 3840, 387.81
1680, 1680, 3840, 393.35
1760, 1760, 3840, 391.35
1840, 1840, 3840, 396.54
1920, 1920, 3840, 391.86
2000, 2000, 3840, 398.67
2080, 2080, 3840, 390.36
2160, 2160, 3840, 349.51
2240, 2240, 3840, 352.87
2320, 2320, 3840, 352.37
2400, 2400, 3840, 397.00
2480, 2480, 3840, 359.52
2560, 2560, 3840, 370.66
2640, 2640, 3840, 309.31
2720, 2720, 3840, 320.06
2800, 2800, 3840, 312.99
2880, 2880, 3840, 324.72
2960, 2960, 3840, 317.26
3040, 3040, 3840, 322.82
3120, 3120, 3840, 312.08
3200, 3200, 3840, 315.84
3280, 3280, 3840, 315.43
3360, 3360, 3840, 324.29
3440, 3440, 3840, 317.36
3520, 3520, 3840, 326.46
3600, 3600, 3840, 311.70
3680, 3680, 3840, 321.97
3760, 3760, 3840, 316.28
3840, 3840, 3840, 319.30
3920, 3920, 3840, 319.42
4000, 4000, 3840, 393.65
