bli_shgemm performance
MC = 384, KC = 2304, NC = 5120
m, n, k, GFLOPS
80, 80, 2304, 203.34
160, 160, 2304, 280.47
240, 240, 2304, 313.38
320, 320, 2304, 335.32
400, 400, 2304, 347.48
480, 480, 2304, 360.26
560, 560, 2304, 368.11
640, 640, 2304, 369.99
720, 720, 2304, 381.82
800, 800, 2304, 383.53
880, 880, 2304, 388.94
960, 960, 2304, 393.28
1040, 1040, 2304, 398.95
1120, 1120, 2304, 397.67
1200, 1200, 2304, 399.77
1280, 1280, 2304, 392.63
1360, 1360, 2304, 403.57
1440, 1440, 2304, 402.52
1520, 1520, 2304, 407.81
1600, 1600, 2304, 401.98
1680, 1680, 2304, 407.12
1760, 1760, 2304, 404.60
1840, 1840, 2304, 410.58
1920, 1920, 2304, 404.58
2000, 2000, 2304, 409.76
2080, 2080, 2304, 402.27
2160, 2160, 2304, 373.11
2240, 2240, 2304, 401.45
2320, 2320, 2304, 371.59
2400, 2400, 2304, 402.02
2480, 2480, 2304, 372.42
2560, 2560, 2304, 395.79
2640, 2640, 2304, 370.98
2720, 2720, 2304, 402.53
2800, 2800, 2304, 368.20
2880, 2880, 2304, 402.95
2960, 2960, 2304, 375.91
3040, 3040, 2304, 404.52
3120, 3120, 2304, 374.83
3200, 3200, 2304, 402.66
3280, 3280, 2304, 374.41
3360, 3360, 2304, 405.97
3440, 3440, 2304, 374.30
3520, 3520, 2304, 405.94
3600, 3600, 2304, 370.95
3680, 3680, 2304, 406.78
3760, 3760, 2304, 372.30
3840, 3840, 2304, 402.60
3920, 3920, 2304, 372.23
4000, 4000, 2304, 408.64
