bli_shgemm performance
MC = 640, KC = 2048, NC = 5120
m, n, k, GFLOPS
80, 80, 2048, 198.21
160, 160, 2048, 275.44
240, 240, 2048, 313.09
320, 320, 2048, 331.71
400, 400, 2048, 347.26
480, 480, 2048, 359.52
560, 560, 2048, 369.43
640, 640, 2048, 369.73
720, 720, 2048, 378.12
800, 800, 2048, 382.74
880, 880, 2048, 388.07
960, 960, 2048, 390.67
1040, 1040, 2048, 395.10
1120, 1120, 2048, 394.23
1200, 1200, 2048, 400.22
1280, 1280, 2048, 390.44
1360, 1360, 2048, 395.04
1440, 1440, 2048, 393.91
1520, 1520, 2048, 406.58
1600, 1600, 2048, 402.63
1680, 1680, 2048, 409.22
1760, 1760, 2048, 406.16
1840, 1840, 2048, 411.44
1920, 1920, 2048, 405.23
2000, 2000, 2048, 411.43
2080, 2080, 2048, 401.51
2160, 2160, 2048, 373.63
2240, 2240, 2048, 401.37
2320, 2320, 2048, 371.90
2400, 2400, 2048, 414.21
2480, 2480, 2048, 371.19
2560, 2560, 2048, 396.44
2640, 2640, 2048, 367.41
2720, 2720, 2048, 404.00
2800, 2800, 2048, 366.82
2880, 2880, 2048, 403.86
2960, 2960, 2048, 373.81
3040, 3040, 2048, 405.41
3120, 3120, 2048, 373.78
3200, 3200, 2048, 404.41
3280, 3280, 2048, 372.69
3360, 3360, 2048, 406.08
3440, 3440, 2048, 372.60
3520, 3520, 2048, 406.20
3600, 3600, 2048, 372.14
3680, 3680, 2048, 408.07
3760, 3760, 2048, 372.23
3840, 3840, 2048, 402.67
3920, 3920, 2048, 372.99
4000, 4000, 2048, 408.87
