bli_shgemm performance
MC = 640, KC = 1024, NC = 4096
m, n, k, GFLOPS
80, 80, 1024, 198.60
160, 160, 1024, 271.47
240, 240, 1024, 311.62
320, 320, 1024, 334.55
400, 400, 1024, 348.35
480, 480, 1024, 354.31
560, 560, 1024, 360.99
640, 640, 1024, 364.01
720, 720, 1024, 366.78
800, 800, 1024, 378.07
880, 880, 1024, 373.95
960, 960, 1024, 375.84
1040, 1040, 1024, 381.11
1120, 1120, 1024, 380.53
1200, 1200, 1024, 382.12
1280, 1280, 1024, 379.72
1360, 1360, 1024, 384.59
1440, 1440, 1024, 386.63
1520, 1520, 1024, 390.33
1600, 1600, 1024, 395.39
1680, 1680, 1024, 397.56
1760, 1760, 1024, 390.35
1840, 1840, 1024, 396.55
1920, 1920, 1024, 389.28
2000, 2000, 1024, 395.31
2080, 2080, 1024, 384.00
2160, 2160, 1024, 374.50
2240, 2240, 1024, 382.07
2320, 2320, 1024, 370.42
2400, 2400, 1024, 383.07
2480, 2480, 1024, 373.22
2560, 2560, 1024, 372.27
2640, 2640, 1024, 365.10
2720, 2720, 1024, 379.67
2800, 2800, 1024, 362.32
2880, 2880, 1024, 380.16
2960, 2960, 1024, 365.70
3040, 3040, 1024, 379.67
3120, 3120, 1024, 365.12
3200, 3200, 1024, 376.96
3280, 3280, 1024, 364.68
3360, 3360, 1024, 376.65
3440, 3440, 1024, 364.74
3520, 3520, 1024, 376.46
3600, 3600, 1024, 365.23
3680, 3680, 1024, 376.82
3760, 3760, 1024, 365.64
3840, 3840, 1024, 372.01
3920, 3920, 1024, 364.28
4000, 4000, 1024, 378.21
