bli_shgemm performance
MC = 640, KC = 1280, NC = 1024
m, n, k, GFLOPS
80, 80, 1280, 199.51
160, 160, 1280, 276.13
240, 240, 1280, 313.41
320, 320, 1280, 334.45
400, 400, 1280, 345.10
480, 480, 1280, 353.18
560, 560, 1280, 363.16
640, 640, 1280, 362.08
720, 720, 1280, 371.42
800, 800, 1280, 375.06
880, 880, 1280, 382.32
960, 960, 1280, 381.96
1040, 1040, 1280, 372.74
1120, 1120, 1280, 372.21
1200, 1200, 1280, 379.78
1280, 1280, 1280, 374.35
1360, 1360, 1280, 383.09
1440, 1440, 1280, 382.18
1520, 1520, 1280, 388.14
1600, 1600, 1280, 385.38
1680, 1680, 1280, 388.83
1760, 1760, 1280, 389.37
1840, 1840, 1280, 390.03
1920, 1920, 1280, 389.55
2000, 2000, 1280, 391.69
2080, 2080, 1280, 384.82
2160, 2160, 1280, 364.24
2240, 2240, 1280, 387.54
2320, 2320, 1280, 354.48
2400, 2400, 1280, 387.08
2480, 2480, 1280, 359.57
2560, 2560, 1280, 386.93
2640, 2640, 1280, 337.69
2720, 2720, 1280, 382.65
2800, 2800, 1280, 339.38
2880, 2880, 1280, 364.27
2960, 2960, 1280, 338.92
3040, 3040, 1280, 365.34
3120, 3120, 1280, 336.76
3200, 3200, 1280, 359.27
3280, 3280, 1280, 335.60
3360, 3360, 1280, 361.51
3440, 3440, 1280, 336.51
3520, 3520, 1280, 363.83
3600, 3600, 1280, 338.16
3680, 3680, 1280, 366.01
3760, 3760, 1280, 340.19
3840, 3840, 1280, 359.49
3920, 3920, 1280, 340.59
4000, 4000, 1280, 368.45
