bli_shgemm performance
MC = 512, KC = 256, NC = 3072
m, n, k, GFLOPS
80, 80, 256, 182.00
160, 160, 256, 248.35
240, 240, 256, 281.64
320, 320, 256, 300.02
400, 400, 256, 312.11
480, 480, 256, 322.78
560, 560, 256, 329.09
640, 640, 256, 331.81
720, 720, 256, 341.32
800, 800, 256, 341.11
880, 880, 256, 342.04
960, 960, 256, 345.24
1040, 1040, 256, 346.54
1120, 1120, 256, 349.61
1200, 1200, 256, 351.07
1280, 1280, 256, 330.51
1360, 1360, 256, 351.06
1440, 1440, 256, 357.15
1520, 1520, 256, 355.39
1600, 1600, 256, 354.50
1680, 1680, 256, 356.75
1760, 1760, 256, 356.81
1840, 1840, 256, 357.13
1920, 1920, 256, 350.06
2000, 2000, 256, 358.47
2080, 2080, 256, 353.38
2160, 2160, 256, 353.18
2240, 2240, 256, 351.64
2320, 2320, 256, 352.43
2400, 2400, 256, 353.60
2480, 2480, 256, 350.71
2560, 2560, 256, 332.66
2640, 2640, 256, 350.61
2720, 2720, 256, 352.30
2800, 2800, 256, 350.30
2880, 2880, 256, 352.12
2960, 2960, 256, 348.86
3040, 3040, 256, 351.49
3120, 3120, 256, 339.52
3200, 3200, 256, 338.98
3280, 3280, 256, 339.35
3360, 3360, 256, 342.50
3440, 3440, 256, 254.98
3520, 3520, 256, 301.30
3600, 3600, 256, 244.97
3680, 3680, 256, 303.12
3760, 3760, 256, 242.27
3840, 3840, 256, 282.10
3920, 3920, 256, 240.50
4000, 4000, 256, 301.78
