bli_shgemm performance
MC = 256, KC = 3328, NC = 2048
m, n, k, GFLOPS
80, 80, 3328, 204.61
160, 160, 3328, 279.12
240, 240, 3328, 311.76
320, 320, 3328, 332.13
400, 400, 3328, 345.84
480, 480, 3328, 360.10
560, 560, 3328, 363.80
640, 640, 3328, 368.44
720, 720, 3328, 380.75
800, 800, 3328, 380.83
880, 880, 3328, 385.46
960, 960, 3328, 389.49
1040, 1040, 3328, 389.55
1120, 1120, 3328, 392.14
1200, 1200, 3328, 395.99
1280, 1280, 3328, 391.27
1360, 1360, 3328, 397.68
1440, 1440, 3328, 399.79
1520, 1520, 3328, 406.22
1600, 1600, 3328, 402.91
1680, 1680, 3328, 408.13
1760, 1760, 3328, 406.30
1840, 1840, 3328, 407.93
1920, 1920, 3328, 408.32
2000, 2000, 3328, 410.71
2080, 2080, 3328, 394.36
2160, 2160, 3328, 368.73
2240, 2240, 3328, 403.23
2320, 2320, 3328, 384.93
2400, 2400, 3328, 395.10
2480, 2480, 3328, 384.44
2560, 2560, 3328, 392.19
2640, 2640, 3328, 384.94
2720, 2720, 3328, 397.88
2800, 2800, 3328, 385.51
2880, 2880, 3328, 399.40
2960, 2960, 3328, 387.32
3040, 3040, 3328, 401.65
3120, 3120, 3328, 389.08
3200, 3200, 3328, 403.12
3280, 3280, 3328, 390.56
3360, 3360, 3328, 391.07
3440, 3440, 3328, 363.06
3520, 3520, 3328, 406.46
3600, 3600, 3328, 363.62
3680, 3680, 3328, 407.08
3760, 3760, 3328, 366.80
3840, 3840, 3328, 400.70
3920, 3920, 3328, 367.75
4000, 4000, 3328, 401.63
