bli_shgemm performance
MC = 512, KC = 2560, NC = 5120
m, n, k, GFLOPS
80, 80, 2560, 203.92
160, 160, 2560, 280.32
240, 240, 2560, 315.75
320, 320, 2560, 335.95
400, 400, 2560, 352.98
480, 480, 2560, 365.06
560, 560, 2560, 368.28
640, 640, 2560, 371.10
720, 720, 2560, 383.40
800, 800, 2560, 387.61
880, 880, 2560, 392.49
960, 960, 2560, 393.75
1040, 1040, 2560, 395.71
1120, 1120, 2560, 397.16
1200, 1200, 2560, 398.88
1280, 1280, 2560, 393.75
1360, 1360, 2560, 404.07
1440, 1440, 2560, 403.94
1520, 1520, 2560, 407.49
1600, 1600, 2560, 405.01
1680, 1680, 2560, 406.59
1760, 1760, 2560, 406.67
1840, 1840, 2560, 409.65
1920, 1920, 2560, 407.08
2000, 2000, 2560, 410.77
2080, 2080, 2560, 405.17
2160, 2160, 2560, 373.40
2240, 2240, 2560, 406.08
2320, 2320, 2560, 373.17
2400, 2400, 2560, 407.35
2480, 2480, 2560, 372.39
2560, 2560, 2560, 400.04
2640, 2640, 2560, 372.60
2720, 2720, 2560, 408.04
2800, 2800, 2560, 370.44
2880, 2880, 2560, 408.08
2960, 2960, 2560, 371.22
3040, 3040, 2560, 409.49
3120, 3120, 2560, 373.99
3200, 3200, 2560, 407.36
3280, 3280, 2560, 371.16
3360, 3360, 2560, 409.58
3440, 3440, 2560, 370.63
3520, 3520, 2560, 410.23
3600, 3600, 2560, 373.31
3680, 3680, 2560, 411.07
3760, 3760, 2560, 376.47
3840, 3840, 2560, 401.07
3920, 3920, 2560, 375.07
4000, 4000, 2560, 412.93
