bli_shgemm performance
MC = 640, KC = 2816, NC = 5120
m, n, k, GFLOPS
80, 80, 2816, 204.31
160, 160, 2816, 280.80
240, 240, 2816, 313.65
320, 320, 2816, 335.53
400, 400, 2816, 352.60
480, 480, 2816, 359.87
560, 560, 2816, 364.69
640, 640, 2816, 357.49
720, 720, 2816, 365.89
800, 800, 2816, 373.40
880, 880, 2816, 377.55
960, 960, 2816, 380.61
1040, 1040, 2816, 385.94
1120, 1120, 2816, 392.78
1200, 1200, 2816, 391.29
1280, 1280, 2816, 376.60
1360, 1360, 2816, 386.43
1440, 1440, 2816, 387.43
1520, 1520, 2816, 391.25
1600, 1600, 2816, 388.41
1680, 1680, 2816, 390.84
1760, 1760, 2816, 391.27
1840, 1840, 2816, 390.26
1920, 1920, 2816, 387.83
2000, 2000, 2816, 392.20
2080, 2080, 2816, 386.49
2160, 2160, 2816, 349.90
2240, 2240, 2816, 387.64
2320, 2320, 2816, 350.86
2400, 2400, 2816, 389.29
2480, 2480, 2816, 349.01
2560, 2560, 2816, 379.49
2640, 2640, 2816, 347.12
2720, 2720, 2816, 397.30
2800, 2800, 2816, 347.80
2880, 2880, 2816, 389.40
2960, 2960, 2816, 353.25
3040, 3040, 2816, 390.44
3120, 3120, 2816, 352.62
3200, 3200, 2816, 386.74
3280, 3280, 2816, 352.50
3360, 3360, 2816, 390.22
3440, 3440, 2816, 350.02
3520, 3520, 2816, 391.59
3600, 3600, 2816, 353.11
3680, 3680, 2816, 393.31
3760, 3760, 2816, 353.50
3840, 3840, 2816, 384.93
3920, 3920, 2816, 353.65
4000, 4000, 2816, 393.41
