bli_shgemm performance
MC = 640, KC = 256, NC = 1024
m, n, k, GFLOPS
80, 80, 256, 182.12
160, 160, 256, 248.35
240, 240, 256, 281.04
320, 320, 256, 300.78
400, 400, 256, 313.52
480, 480, 256, 323.77
560, 560, 256, 330.30
640, 640, 256, 331.35
720, 720, 256, 341.00
800, 800, 256, 342.61
880, 880, 256, 343.78
960, 960, 256, 346.65
1040, 1040, 256, 335.87
1120, 1120, 256, 336.73
1200, 1200, 256, 340.02
1280, 1280, 256, 324.17
1360, 1360, 256, 336.77
1440, 1440, 256, 344.23
1520, 1520, 256, 344.58
1600, 1600, 256, 345.97
1680, 1680, 256, 348.37
1760, 1760, 256, 350.08
1840, 1840, 256, 350.20
1920, 1920, 256, 345.48
2000, 2000, 256, 351.40
2080, 2080, 256, 339.73
2160, 2160, 256, 329.56
2240, 2240, 256, 341.03
2320, 2320, 256, 332.47
2400, 2400, 256, 342.16
2480, 2480, 256, 334.56
2560, 2560, 256, 323.16
2640, 2640, 256, 335.08
2720, 2720, 256, 343.66
2800, 2800, 256, 334.32
2880, 2880, 256, 343.01
2960, 2960, 256, 337.12
3040, 3040, 256, 343.50
3120, 3120, 256, 329.19
3200, 3200, 256, 333.95
3280, 3280, 256, 326.23
3360, 3360, 256, 301.71
3440, 3440, 256, 242.00
3520, 3520, 256, 299.66
3600, 3600, 256, 234.74
3680, 3680, 256, 298.87
3760, 3760, 256, 233.30
3840, 3840, 256, 277.43
3920, 3920, 256, 229.49
4000, 4000, 256, 298.66
