bli_shgemm performance
MC = 640, KC = 2560, NC = 1024
m, n, k, GFLOPS
80, 80, 2560, 202.89
160, 160, 2560, 281.10
240, 240, 2560, 314.67
320, 320, 2560, 334.75
400, 400, 2560, 351.55
480, 480, 2560, 366.39
560, 560, 2560, 373.27
640, 640, 2560, 372.08
720, 720, 2560, 380.90
800, 800, 2560, 372.73
880, 880, 2560, 386.74
960, 960, 2560, 386.08
1040, 1040, 2560, 380.27
1120, 1120, 2560, 379.43
1200, 1200, 2560, 388.61
1280, 1280, 2560, 381.54
1360, 1360, 2560, 391.88
1440, 1440, 2560, 390.38
1520, 1520, 2560, 389.23
1600, 1600, 2560, 386.96
1680, 1680, 2560, 363.10
1760, 1760, 2560, 365.04
1840, 1840, 2560, 365.58
1920, 1920, 2560, 353.18
2000, 2000, 2560, 356.18
2080, 2080, 2560, 351.82
2160, 2160, 2560, 338.20
2240, 2240, 2560, 356.99
2320, 2320, 2560, 341.78
2400, 2400, 2560, 361.39
2480, 2480, 2560, 344.81
2560, 2560, 2560, 351.72
2640, 2640, 2560, 337.80
2720, 2720, 2560, 358.33
2800, 2800, 2560, 339.96
2880, 2880, 2560, 354.41
2960, 2960, 2560, 340.72
3040, 3040, 2560, 357.33
3120, 3120, 2560, 339.31
3200, 3200, 2560, 346.79
3280, 3280, 2560, 332.97
3360, 3360, 2560, 348.65
3440, 3440, 2560, 334.00
3520, 3520, 2560, 353.25
3600, 3600, 2560, 337.96
3680, 3680, 2560, 354.30
3760, 3760, 2560, 339.46
3840, 3840, 2560, 348.30
3920, 3920, 2560, 336.50
4000, 4000, 2560, 352.48
