bli_shgemm performance
MC = 640, KC = 2560, NC = 2048
m, n, k, GFLOPS
80, 80, 2560, 204.04
160, 160, 2560, 281.57
240, 240, 2560, 314.45
320, 320, 2560, 335.40
400, 400, 2560, 352.90
480, 480, 2560, 363.76
560, 560, 2560, 371.89
640, 640, 2560, 362.40
720, 720, 2560, 382.52
800, 800, 2560, 373.71
880, 880, 2560, 381.27
960, 960, 2560, 388.63
1040, 1040, 2560, 388.29
1120, 1120, 2560, 390.29
1200, 1200, 2560, 392.86
1280, 1280, 2560, 380.42
1360, 1360, 2560, 393.96
1440, 1440, 2560, 394.41
1520, 1520, 2560, 395.86
1600, 1600, 2560, 393.26
1680, 1680, 2560, 398.41
1760, 1760, 2560, 399.78
1840, 1840, 2560, 401.38
1920, 1920, 2560, 401.01
2000, 2000, 2560, 403.90
2080, 2080, 2560, 394.56
2160, 2160, 2560, 365.76
2240, 2240, 2560, 385.36
2320, 2320, 2560, 348.36
2400, 2400, 2560, 388.54
2480, 2480, 2560, 350.26
2560, 2560, 2560, 379.64
2640, 2640, 2560, 349.34
2720, 2720, 2560, 394.61
2800, 2800, 2560, 350.94
2880, 2880, 2560, 389.44
2960, 2960, 2560, 362.85
3040, 3040, 2560, 391.64
3120, 3120, 2560, 354.02
3200, 3200, 2560, 387.93
3280, 3280, 2560, 352.43
3360, 3360, 2560, 391.16
3440, 3440, 2560, 352.36
3520, 3520, 2560, 392.35
3600, 3600, 2560, 354.04
3680, 3680, 2560, 390.87
3760, 3760, 2560, 374.09
3840, 3840, 2560, 388.02
3920, 3920, 2560, 373.00
4000, 4000, 2560, 390.82
