bli_shgemm performance
MC = 640, KC = 3328, NC = 2048
m, n, k, GFLOPS
80, 80, 3328, 204.64
160, 160, 3328, 279.09
240, 240, 3328, 312.94
320, 320, 3328, 336.45
400, 400, 3328, 353.99
480, 480, 3328, 365.37
560, 560, 3328, 369.32
640, 640, 3328, 346.63
720, 720, 3328, 337.60
800, 800, 3328, 362.24
880, 880, 3328, 367.63
960, 960, 3328, 351.92
1040, 1040, 3328, 356.07
1120, 1120, 3328, 356.59
1200, 1200, 3328, 378.95
1280, 1280, 3328, 361.18
1360, 1360, 3328, 378.16
1440, 1440, 3328, 373.88
1520, 1520, 3328, 385.81
1600, 1600, 3328, 384.31
1680, 1680, 3328, 384.06
1760, 1760, 3328, 383.95
1840, 1840, 3328, 387.17
1920, 1920, 3328, 373.08
2000, 2000, 3328, 379.61
2080, 2080, 3328, 377.86
2160, 2160, 3328, 342.38
2240, 2240, 3328, 385.18
2320, 2320, 3328, 344.43
2400, 2400, 3328, 388.99
2480, 2480, 3328, 334.37
2560, 2560, 3328, 362.06
2640, 2640, 3328, 331.20
2720, 2720, 3328, 381.03
2800, 2800, 3328, 335.45
2880, 2880, 3328, 375.70
2960, 2960, 3328, 338.05
3040, 3040, 3328, 377.23
3120, 3120, 3328, 341.43
3200, 3200, 3328, 371.04
3280, 3280, 3328, 336.94
3360, 3360, 3328, 374.97
3440, 3440, 3328, 340.10
3520, 3520, 3328, 377.91
3600, 3600, 3328, 363.10
3680, 3680, 3328, 378.91
3760, 3760, 3328, 365.31
3840, 3840, 3328, 370.79
3920, 3920, 3328, 363.94
4000, 4000, 3328, 377.38
