bli_shgemm performance
MC = 384, KC = 256, NC = 3072
m, n, k, GFLOPS
80, 80, 256, 181.82
160, 160, 256, 249.11
240, 240, 256, 278.77
320, 320, 256, 298.53
400, 400, 256, 312.75
480, 480, 256, 320.32
560, 560, 256, 329.23
640, 640, 256, 332.57
720, 720, 256, 340.50
800, 800, 256, 344.59
880, 880, 256, 345.47
960, 960, 256, 347.77
1040, 1040, 256, 347.63
1120, 1120, 256, 350.98
1200, 1200, 256, 349.23
1280, 1280, 256, 340.33
1360, 1360, 256, 351.58
1440, 1440, 256, 355.19
1520, 1520, 256, 355.62
1600, 1600, 256, 356.28
1680, 1680, 256, 356.71
1760, 1760, 256, 357.94
1840, 1840, 256, 357.35
1920, 1920, 256, 352.24
2000, 2000, 256, 358.04
2080, 2080, 256, 355.14
2160, 2160, 256, 354.65
2240, 2240, 256, 353.31
2320, 2320, 256, 352.67
2400, 2400, 256, 352.25
2480, 2480, 256, 351.62
2560, 2560, 256, 330.47
2640, 2640, 256, 349.61
2720, 2720, 256, 351.02
2800, 2800, 256, 346.96
2880, 2880, 256, 349.13
2960, 2960, 256, 347.59
3040, 3040, 256, 349.46
3120, 3120, 256, 339.71
3200, 3200, 256, 338.61
3280, 3280, 256, 257.82
3360, 3360, 256, 303.65
3440, 3440, 256, 255.05
3520, 3520, 256, 299.73
3600, 3600, 256, 253.10
3680, 3680, 256, 303.77
3760, 3760, 256, 249.92
3840, 3840, 256, 286.12
3920, 3920, 256, 247.64
4000, 4000, 256, 299.52
