bli_shgemm performance
MC = 384, KC = 3584, NC = 3072
m, n, k, GFLOPS
80, 80, 3584, 204.15
160, 160, 3584, 280.08
240, 240, 3584, 312.56
320, 320, 3584, 336.54
400, 400, 3584, 347.39
480, 480, 3584, 359.54
560, 560, 3584, 372.15
640, 640, 3584, 373.37
720, 720, 3584, 386.74
800, 800, 3584, 385.46
880, 880, 3584, 391.91
960, 960, 3584, 392.61
1040, 1040, 3584, 399.47
1120, 1120, 3584, 401.01
1200, 1200, 3584, 401.43
1280, 1280, 3584, 394.57
1360, 1360, 3584, 406.40
1440, 1440, 3584, 406.55
1520, 1520, 3584, 409.97
1600, 1600, 3584, 406.20
1680, 1680, 3584, 410.46
1760, 1760, 3584, 408.70
1840, 1840, 3584, 413.49
1920, 1920, 3584, 408.60
2000, 2000, 3584, 413.41
2080, 2080, 3584, 407.36
2160, 2160, 3584, 366.85
2240, 2240, 3584, 407.90
2320, 2320, 3584, 363.99
2400, 2400, 3584, 415.67
2480, 2480, 3584, 366.51
2560, 2560, 3584, 402.57
2640, 2640, 3584, 381.00
2720, 2720, 3584, 420.58
2800, 2800, 3584, 380.36
2880, 2880, 3584, 421.82
2960, 2960, 3584, 368.22
3040, 3040, 3584, 413.26
3120, 3120, 3584, 362.95
3200, 3200, 3584, 405.22
3280, 3280, 3584, 367.25
3360, 3360, 3584, 409.03
3440, 3440, 3584, 369.93
3520, 3520, 3584, 408.98
3600, 3600, 3584, 394.63
3680, 3680, 3584, 409.08
3760, 3760, 3584, 394.91
3840, 3840, 3584, 392.68
3920, 3920, 3584, 396.83
4000, 4000, 3584, 412.32
