bli_shgemm performance
MC = 256, KC = 1792, NC = 3072
m, n, k, GFLOPS
80, 80, 1792, 202.29
160, 160, 1792, 278.77
240, 240, 1792, 318.09
320, 320, 1792, 338.93
400, 400, 1792, 353.42
480, 480, 1792, 364.16
560, 560, 1792, 369.90
640, 640, 1792, 370.98
720, 720, 1792, 378.15
800, 800, 1792, 378.12
880, 880, 1792, 383.20
960, 960, 1792, 383.29
1040, 1040, 1792, 387.67
1120, 1120, 1792, 388.36
1200, 1200, 1792, 393.30
1280, 1280, 1792, 386.72
1360, 1360, 1792, 394.70
1440, 1440, 1792, 394.06
1520, 1520, 1792, 399.63
1600, 1600, 1792, 393.43
1680, 1680, 1792, 400.90
1760, 1760, 1792, 398.23
1840, 1840, 1792, 400.83
1920, 1920, 1792, 394.88
2000, 2000, 1792, 403.81
2080, 2080, 1792, 393.85
2160, 2160, 1792, 368.92
2240, 2240, 1792, 392.83
2320, 2320, 1792, 365.65
2400, 2400, 1792, 393.14
2480, 2480, 1792, 365.21
2560, 2560, 1792, 378.18
2640, 2640, 1792, 363.88
2720, 2720, 1792, 394.65
2800, 2800, 1792, 361.67
2880, 2880, 1792, 394.54
2960, 2960, 1792, 380.41
3040, 3040, 1792, 396.31
3120, 3120, 1792, 362.22
3200, 3200, 1792, 397.48
3280, 3280, 1792, 352.62
3360, 3360, 1792, 388.78
3440, 3440, 1792, 378.83
3520, 3520, 1792, 392.88
3600, 3600, 1792, 376.54
3680, 3680, 1792, 391.48
3760, 3760, 1792, 377.66
3840, 3840, 1792, 383.13
3920, 3920, 1792, 356.51
4000, 4000, 1792, 381.21
