bli_shgemm performance
MC = 384, KC = 3328, NC = 5120
m, n, k, GFLOPS
80, 80, 3328, 205.08
160, 160, 3328, 276.43
240, 240, 3328, 311.92
320, 320, 3328, 336.71
400, 400, 3328, 348.48
480, 480, 3328, 361.21
560, 560, 3328, 368.28
640, 640, 3328, 373.07
720, 720, 3328, 382.44
800, 800, 3328, 386.17
880, 880, 3328, 389.32
960, 960, 3328, 394.02
1040, 1040, 3328, 401.49
1120, 1120, 3328, 399.72
1200, 1200, 3328, 401.72
1280, 1280, 3328, 395.11
1360, 1360, 3328, 391.82
1440, 1440, 3328, 394.10
1520, 1520, 3328, 395.62
1600, 1600, 3328, 396.05
1680, 1680, 3328, 396.47
1760, 1760, 3328, 401.98
1840, 1840, 3328, 405.01
1920, 1920, 3328, 402.95
2000, 2000, 3328, 406.21
2080, 2080, 3328, 405.01
2160, 2160, 3328, 367.94
2240, 2240, 3328, 406.85
2320, 2320, 3328, 365.99
2400, 2400, 3328, 407.71
2480, 2480, 3328, 367.26
2560, 2560, 3328, 403.24
2640, 2640, 3328, 366.66
2720, 2720, 3328, 411.14
2800, 2800, 3328, 402.78
2880, 2880, 3328, 409.78
2960, 2960, 3328, 404.86
3040, 3040, 3328, 411.33
3120, 3120, 3328, 404.11
3200, 3200, 3328, 410.26
3280, 3280, 3328, 404.30
3360, 3360, 3328, 411.75
3440, 3440, 3328, 405.79
3520, 3520, 3328, 411.58
3600, 3600, 3328, 405.04
3680, 3680, 3328, 412.85
3760, 3760, 3328, 406.80
3840, 3840, 3328, 410.77
3920, 3920, 3328, 404.95
4000, 4000, 3328, 413.81
