bli_shgemm performance
MC = 256, KC = 2816, NC = 3072
m, n, k, GFLOPS
80, 80, 2816, 204.00
160, 160, 2816, 280.99
240, 240, 2816, 313.36
320, 320, 2816, 332.24
400, 400, 2816, 349.45
480, 480, 2816, 359.70
560, 560, 2816, 366.19
640, 640, 2816, 368.00
720, 720, 2816, 381.48
800, 800, 2816, 383.11
880, 880, 2816, 386.17
960, 960, 2816, 388.38
1040, 1040, 2816, 391.08
1120, 1120, 2816, 392.16
1200, 1200, 2816, 397.82
1280, 1280, 2816, 391.81
1360, 1360, 2816, 399.46
1440, 1440, 2816, 398.77
1520, 1520, 2816, 404.32
1600, 1600, 2816, 399.38
1680, 1680, 2816, 404.74
1760, 1760, 2816, 403.61
1840, 1840, 2816, 405.60
1920, 1920, 2816, 401.26
2000, 2000, 2816, 408.67
2080, 2080, 2816, 407.30
2160, 2160, 2816, 368.40
2240, 2240, 2816, 400.33
2320, 2320, 2816, 365.52
2400, 2400, 2816, 401.69
2480, 2480, 2816, 367.04
2560, 2560, 2816, 395.34
2640, 2640, 2816, 364.88
2720, 2720, 2816, 403.12
2800, 2800, 2816, 364.14
2880, 2880, 2816, 404.51
2960, 2960, 2816, 390.73
3040, 3040, 2816, 405.80
3120, 3120, 2816, 369.33
3200, 3200, 2816, 400.54
3280, 3280, 2816, 394.63
3360, 3360, 2816, 403.71
3440, 3440, 2816, 392.63
3520, 3520, 2816, 404.76
3600, 3600, 2816, 392.44
3680, 3680, 2816, 404.56
3760, 3760, 2816, 375.97
3840, 3840, 2816, 390.16
3920, 3920, 2816, 376.85
4000, 4000, 2816, 394.57
