bli_shgemm performance
MC = 512, KC = 768, NC = 5120
m, n, k, GFLOPS
80, 80, 768, 196.15
160, 160, 768, 268.21
240, 240, 768, 306.37
320, 320, 768, 329.31
400, 400, 768, 344.85
480, 480, 768, 350.99
560, 560, 768, 361.34
640, 640, 768, 358.89
720, 720, 768, 362.97
800, 800, 768, 366.62
880, 880, 768, 374.23
960, 960, 768, 372.94
1040, 1040, 768, 375.32
1120, 1120, 768, 375.46
1200, 1200, 768, 378.51
1280, 1280, 768, 374.60
1360, 1360, 768, 383.44
1440, 1440, 768, 385.46
1520, 1520, 768, 387.95
1600, 1600, 768, 384.37
1680, 1680, 768, 388.77
1760, 1760, 768, 387.27
1840, 1840, 768, 391.93
1920, 1920, 768, 385.26
2000, 2000, 768, 393.41
2080, 2080, 768, 389.08
2160, 2160, 768, 367.71
2240, 2240, 768, 386.92
2320, 2320, 768, 363.06
2400, 2400, 768, 389.60
2480, 2480, 768, 362.32
2560, 2560, 768, 372.73
2640, 2640, 768, 358.53
2720, 2720, 768, 388.77
2800, 2800, 768, 353.11
2880, 2880, 768, 372.76
2960, 2960, 768, 350.90
3040, 3040, 768, 376.25
3120, 3120, 768, 350.78
3200, 3200, 768, 366.52
3280, 3280, 768, 350.48
3360, 3360, 768, 372.08
3440, 3440, 768, 350.43
3520, 3520, 768, 369.60
3600, 3600, 768, 348.77
3680, 3680, 768, 371.40
3760, 3760, 768, 350.27
3840, 3840, 768, 358.12
3920, 3920, 768, 351.04
4000, 4000, 768, 372.60
