bli_shgemm performance
MC = 256, KC = 3072, NC = 3072
m, n, k, GFLOPS
80, 80, 3072, 204.20
160, 160, 3072, 282.35
240, 240, 3072, 313.68
320, 320, 3072, 332.74
400, 400, 3072, 348.82
480, 480, 3072, 359.74
560, 560, 3072, 365.93
640, 640, 3072, 368.53
720, 720, 3072, 380.47
800, 800, 3072, 380.26
880, 880, 3072, 385.11
960, 960, 3072, 389.26
1040, 1040, 3072, 388.97
1120, 1120, 3072, 392.80
1200, 1200, 3072, 395.60
1280, 1280, 3072, 391.08
1360, 1360, 3072, 397.30
1440, 1440, 3072, 398.98
1520, 1520, 3072, 400.92
1600, 1600, 3072, 399.43
1680, 1680, 3072, 404.20
1760, 1760, 3072, 402.91
1840, 1840, 3072, 405.40
1920, 1920, 3072, 401.36
2000, 2000, 3072, 408.70
2080, 2080, 3072, 400.23
2160, 2160, 3072, 371.81
2240, 2240, 3072, 408.87
2320, 2320, 3072, 364.06
2400, 2400, 3072, 401.74
2480, 2480, 3072, 364.47
2560, 2560, 3072, 397.32
2640, 2640, 3072, 363.50
2720, 2720, 3072, 403.41
2800, 2800, 3072, 362.01
2880, 2880, 3072, 402.54
2960, 2960, 3072, 370.87
3040, 3040, 3072, 404.49
3120, 3120, 3072, 373.02
3200, 3200, 3072, 398.11
3280, 3280, 3072, 362.26
3360, 3360, 3072, 399.99
3440, 3440, 3072, 366.78
3520, 3520, 3072, 390.44
3600, 3600, 3072, 367.84
3680, 3680, 3072, 390.53
3760, 3760, 3072, 370.66
3840, 3840, 3072, 389.89
3920, 3920, 3072, 370.80
4000, 4000, 3072, 393.20
