bli_shgemm performance
MC = 640, KC = 768, NC = 5120
m, n, k, GFLOPS
80, 80, 768, 196.99
160, 160, 768, 268.88
240, 240, 768, 308.34
320, 320, 768, 328.98
400, 400, 768, 344.74
480, 480, 768, 355.36
560, 560, 768, 357.33
640, 640, 768, 365.87
720, 720, 768, 363.92
800, 800, 768, 363.84
880, 880, 768, 369.82
960, 960, 768, 370.64
1040, 1040, 768, 374.02
1120, 1120, 768, 376.65
1200, 1200, 768, 375.85
1280, 1280, 768, 373.69
1360, 1360, 768, 379.33
1440, 1440, 768, 384.61
1520, 1520, 768, 385.69
1600, 1600, 768, 384.51
1680, 1680, 768, 390.06
1760, 1760, 768, 386.94
1840, 1840, 768, 389.89
1920, 1920, 768, 384.30
2000, 2000, 768, 390.59
2080, 2080, 768, 388.39
2160, 2160, 768, 357.88
2240, 2240, 768, 384.74
2320, 2320, 768, 364.81
2400, 2400, 768, 402.15
2480, 2480, 768, 399.39
2560, 2560, 768, 393.58
2640, 2640, 768, 396.76
2720, 2720, 768, 398.13
2800, 2800, 768, 396.99
2880, 2880, 768, 372.46
2960, 2960, 768, 351.32
3040, 3040, 768, 374.36
3120, 3120, 768, 347.87
3200, 3200, 768, 364.44
3280, 3280, 768, 342.54
3360, 3360, 768, 368.65
3440, 3440, 768, 349.97
3520, 3520, 768, 367.01
3600, 3600, 768, 349.18
3680, 3680, 768, 369.16
3760, 3760, 768, 349.02
3840, 3840, 768, 355.05
3920, 3920, 768, 348.88
4000, 4000, 768, 369.03
