bli_shgemm performance
MC = 384, KC = 4096, NC = 5120
m, n, k, GFLOPS
1024, 1024, 80, 200.06
1024, 1024, 160, 254.05
1024, 1024, 240, 285.93
1024, 1024, 320, 305.19
1024, 1024, 400, 314.73
1024, 1024, 480, 324.94
1024, 1024, 560, 327.76
1024, 1024, 640, 336.17
1024, 1024, 720, 336.11
1024, 1024, 800, 345.52
1024, 1024, 880, 344.64
1024, 1024, 960, 353.67
1024, 1024, 1040, 350.44
1024, 1024, 1120, 355.45
1024, 1024, 1200, 353.18
1024, 1024, 1280, 357.01
1024, 1024, 1360, 356.41
1024, 1024, 1440, 360.62
1024, 1024, 1520, 359.45
1024, 1024, 1600, 363.05
1024, 1024, 1680, 361.74
1024, 1024, 1760, 364.32
1024, 1024, 1840, 363.61
1024, 1024, 1920, 365.78
1024, 1024, 2000, 365.16
1024, 1024, 2080, 366.82
1024, 1024, 2160, 366.87
1024, 1024, 2240, 369.10
1024, 1024, 2320, 368.10
1024, 1024, 2400, 369.37
1024, 1024, 2480, 368.53
1024, 1024, 2560, 370.07
1024, 1024, 2640, 369.86
1024, 1024, 2720, 370.80
1024, 1024, 2800, 369.59
1024, 1024, 2880, 370.79
1024, 1024, 2960, 369.95
1024, 1024, 3040, 369.68
1024, 1024, 3120, 368.79
1024, 1024, 3200, 371.10
1024, 1024, 3280, 370.45
1024, 1024, 3360, 370.76
1024, 1024, 3440, 370.44
1024, 1024, 3520, 371.17
1024, 1024, 3600, 370.22
1024, 1024, 3680, 369.68
1024, 1024, 3760, 369.63
1024, 1024, 3840, 369.14
1024, 1024, 3920, 367.85
1024, 1024, 4000, 370.30
