bli_shgemm performance
MC = 512, KC = 3840, NC = 3072
m, n, k, GFLOPS
1024, 1024, 80, 196.38
1024, 1024, 160, 259.73
1024, 1024, 240, 292.39
1024, 1024, 320, 315.10
1024, 1024, 400, 327.91
1024, 1024, 480, 331.90
1024, 1024, 560, 338.80
1024, 1024, 640, 341.75
1024, 1024, 720, 344.86
1024, 1024, 800, 353.08
1024, 1024, 880, 355.51
1024, 1024, 960, 362.85
1024, 1024, 1040, 362.17
1024, 1024, 1120, 365.25
1024, 1024, 1200, 366.66
1024, 1024, 1280, 370.46
1024, 1024, 1360, 369.52
1024, 1024, 1440, 372.37
1024, 1024, 1520, 372.87
1024, 1024, 1600, 375.59
1024, 1024, 1680, 374.75
1024, 1024, 1760, 376.31
1024, 1024, 1840, 376.99
1024, 1024, 1920, 379.30
1024, 1024, 2000, 378.32
1024, 1024, 2080, 379.78
1024, 1024, 2160, 378.29
1024, 1024, 2240, 380.19
1024, 1024, 2320, 379.85
1024, 1024, 2400, 381.29
1024, 1024, 2480, 380.01
1024, 1024, 2560, 380.49
1024, 1024, 2640, 380.09
1024, 1024, 2720, 380.77
1024, 1024, 2800, 379.58
1024, 1024, 2880, 380.04
1024, 1024, 2960, 378.09
1024, 1024, 3040, 377.52
1024, 1024, 3120, 373.47
1024, 1024, 3200, 368.07
1024, 1024, 3280, 373.71
1024, 1024, 3360, 360.25
1024, 1024, 3440, 349.57
1024, 1024, 3520, 338.90
1024, 1024, 3600, 330.11
1024, 1024, 3680, 331.23
1024, 1024, 3760, 326.96
1024, 1024, 3840, 332.00
1024, 1024, 3920, 323.80
1024, 1024, 4000, 322.11
