bli_shgemm performance
MC = 640, KC = 2048, NC = 1024
m, n, k, GFLOPS
1024, 1024, 80, 196.53
1024, 1024, 160, 251.88
1024, 1024, 240, 284.91
1024, 1024, 320, 307.58
1024, 1024, 400, 314.30
1024, 1024, 480, 327.93
1024, 1024, 560, 332.65
1024, 1024, 640, 341.28
1024, 1024, 720, 341.80
1024, 1024, 800, 354.27
1024, 1024, 880, 353.35
1024, 1024, 960, 362.49
1024, 1024, 1040, 361.91
1024, 1024, 1120, 365.57
1024, 1024, 1200, 366.64
1024, 1024, 1280, 370.63
1024, 1024, 1360, 372.44
1024, 1024, 1440, 374.15
1024, 1024, 1520, 373.49
1024, 1024, 1600, 376.91
1024, 1024, 1680, 375.69
1024, 1024, 1760, 377.92
1024, 1024, 1840, 376.88
1024, 1024, 1920, 379.93
1024, 1024, 2000, 378.97
1024, 1024, 2080, 356.95
1024, 1024, 2160, 361.72
1024, 1024, 2240, 364.94
1024, 1024, 2320, 364.10
1024, 1024, 2400, 366.45
1024, 1024, 2480, 365.75
1024, 1024, 2560, 368.07
1024, 1024, 2640, 367.87
1024, 1024, 2720, 368.16
1024, 1024, 2800, 369.29
1024, 1024, 2880, 371.05
1024, 1024, 2960, 370.85
1024, 1024, 3040, 373.10
1024, 1024, 3120, 372.17
1024, 1024, 3200, 373.97
1024, 1024, 3280, 373.49
1024, 1024, 3360, 378.34
1024, 1024, 3440, 376.78
1024, 1024, 3520, 379.80
1024, 1024, 3600, 378.31
1024, 1024, 3680, 379.73
1024, 1024, 3760, 379.16
1024, 1024, 3840, 381.03
1024, 1024, 3920, 379.78
1024, 1024, 4000, 381.28
