bli_shgemm performance
MC = 640, KC = 2304, NC = 3072
m, n, k, GFLOPS
1024, 1024, 80, 198.20
1024, 1024, 160, 258.87
1024, 1024, 240, 290.15
1024, 1024, 320, 308.83
1024, 1024, 400, 320.96
1024, 1024, 480, 328.73
1024, 1024, 560, 337.38
1024, 1024, 640, 342.64
1024, 1024, 720, 344.91
1024, 1024, 800, 355.26
1024, 1024, 880, 358.02
1024, 1024, 960, 362.47
1024, 1024, 1040, 364.80
1024, 1024, 1120, 366.87
1024, 1024, 1200, 367.75
1024, 1024, 1280, 369.73
1024, 1024, 1360, 371.02
1024, 1024, 1440, 372.86
1024, 1024, 1520, 373.16
1024, 1024, 1600, 376.36
1024, 1024, 1680, 374.92
1024, 1024, 1760, 377.17
1024, 1024, 1840, 375.18
1024, 1024, 1920, 379.10
1024, 1024, 2000, 377.86
1024, 1024, 2080, 378.59
1024, 1024, 2160, 376.17
1024, 1024, 2240, 381.33
1024, 1024, 2320, 364.61
1024, 1024, 2400, 364.34
1024, 1024, 2480, 363.95
1024, 1024, 2560, 364.78
1024, 1024, 2640, 357.00
1024, 1024, 2720, 359.52
1024, 1024, 2800, 358.19
1024, 1024, 2880, 361.70
1024, 1024, 2960, 359.94
1024, 1024, 3040, 361.93
1024, 1024, 3120, 361.87
1024, 1024, 3200, 363.97
1024, 1024, 3280, 364.46
1024, 1024, 3360, 365.35
1024, 1024, 3440, 365.07
1024, 1024, 3520, 366.49
1024, 1024, 3600, 367.14
1024, 1024, 3680, 367.67
1024, 1024, 3760, 367.29
1024, 1024, 3840, 371.01
1024, 1024, 3920, 370.70
1024, 1024, 4000, 371.84
