bli_shgemm performance
MC = 512, KC = 4096, NC = 3072
m, n, k, GFLOPS
1024, 1024, 80, 200.54
1024, 1024, 160, 264.46
1024, 1024, 240, 293.80
1024, 1024, 320, 313.28
1024, 1024, 400, 323.94
1024, 1024, 480, 332.10
1024, 1024, 560, 338.74
1024, 1024, 640, 345.55
1024, 1024, 720, 347.96
1024, 1024, 800, 356.76
1024, 1024, 880, 357.92
1024, 1024, 960, 363.26
1024, 1024, 1040, 363.82
1024, 1024, 1120, 365.84
1024, 1024, 1200, 365.95
1024, 1024, 1280, 370.41
1024, 1024, 1360, 369.07
1024, 1024, 1440, 371.56
1024, 1024, 1520, 373.30
1024, 1024, 1600, 375.71
1024, 1024, 1680, 375.22
1024, 1024, 1760, 376.66
1024, 1024, 1840, 377.07
1024, 1024, 1920, 378.55
1024, 1024, 2000, 378.01
1024, 1024, 2080, 379.66
1024, 1024, 2160, 380.85
1024, 1024, 2240, 382.16
1024, 1024, 2320, 380.99
1024, 1024, 2400, 382.37
1024, 1024, 2480, 382.23
1024, 1024, 2560, 382.67
1024, 1024, 2640, 382.54
1024, 1024, 2720, 382.82
1024, 1024, 2800, 382.93
1024, 1024, 2880, 382.82
1024, 1024, 2960, 381.77
1024, 1024, 3040, 379.80
1024, 1024, 3120, 377.52
1024, 1024, 3200, 377.79
1024, 1024, 3280, 374.71
1024, 1024, 3360, 369.36
1024, 1024, 3440, 360.57
1024, 1024, 3520, 355.92
1024, 1024, 3600, 346.67
1024, 1024, 3680, 342.27
1024, 1024, 3760, 337.66
1024, 1024, 3840, 328.66
1024, 1024, 3920, 320.96
1024, 1024, 4000, 313.35
