bli_shgemm performance
MC = 640, KC = 3072, NC = 1024
m, n, k, GFLOPS
1024, 1024, 80, 199.70
1024, 1024, 160, 259.04
1024, 1024, 240, 290.46
1024, 1024, 320, 316.77
1024, 1024, 400, 321.89
1024, 1024, 480, 335.73
1024, 1024, 560, 338.18
1024, 1024, 640, 348.50
1024, 1024, 720, 347.38
1024, 1024, 800, 357.42
1024, 1024, 880, 356.13
1024, 1024, 960, 364.88
1024, 1024, 1040, 364.20
1024, 1024, 1120, 367.14
1024, 1024, 1200, 367.74
1024, 1024, 1280, 371.33
1024, 1024, 1360, 371.06
1024, 1024, 1440, 373.21
1024, 1024, 1520, 374.52
1024, 1024, 1600, 377.14
1024, 1024, 1680, 376.79
1024, 1024, 1760, 378.03
1024, 1024, 1840, 379.39
1024, 1024, 1920, 380.82
1024, 1024, 2000, 371.49
1024, 1024, 2080, 378.94
1024, 1024, 2160, 378.68
1024, 1024, 2240, 379.95
1024, 1024, 2320, 378.90
1024, 1024, 2400, 379.51
1024, 1024, 2480, 374.03
1024, 1024, 2560, 372.05
1024, 1024, 2640, 365.69
1024, 1024, 2720, 357.01
1024, 1024, 2800, 356.15
1024, 1024, 2880, 355.42
1024, 1024, 2960, 372.77
1024, 1024, 3040, 371.45
1024, 1024, 3120, 354.43
1024, 1024, 3200, 365.75
1024, 1024, 3280, 366.09
1024, 1024, 3360, 367.85
1024, 1024, 3440, 367.74
1024, 1024, 3520, 369.07
1024, 1024, 3600, 368.13
1024, 1024, 3680, 369.29
1024, 1024, 3760, 368.06
1024, 1024, 3840, 371.07
1024, 1024, 3920, 369.92
1024, 1024, 4000, 371.39
