bli_shgemm performance
MC = 512, KC = 1536, NC = 3072
m, n, k, GFLOPS
1024, 1024, 80, 202.98
1024, 1024, 160, 261.75
1024, 1024, 240, 292.27
1024, 1024, 320, 314.30
1024, 1024, 400, 328.68
1024, 1024, 480, 337.23
1024, 1024, 560, 342.73
1024, 1024, 640, 349.45
1024, 1024, 720, 351.44
1024, 1024, 800, 354.46
1024, 1024, 880, 350.81
1024, 1024, 960, 361.29
1024, 1024, 1040, 359.16
1024, 1024, 1120, 364.35
1024, 1024, 1200, 364.01
1024, 1024, 1280, 369.39
1024, 1024, 1360, 368.09
1024, 1024, 1440, 371.18
1024, 1024, 1520, 370.73
1024, 1024, 1600, 353.84
1024, 1024, 1680, 352.21
1024, 1024, 1760, 355.60
1024, 1024, 1840, 356.03
1024, 1024, 1920, 360.29
1024, 1024, 2000, 359.34
1024, 1024, 2080, 361.74
1024, 1024, 2160, 361.84
1024, 1024, 2240, 364.26
1024, 1024, 2320, 363.03
1024, 1024, 2400, 363.60
1024, 1024, 2480, 366.71
1024, 1024, 2560, 369.80
1024, 1024, 2640, 368.61
1024, 1024, 2720, 369.86
1024, 1024, 2800, 369.35
1024, 1024, 2880, 372.36
1024, 1024, 2960, 371.90
1024, 1024, 3040, 373.41
1024, 1024, 3120, 365.46
1024, 1024, 3200, 367.73
1024, 1024, 3280, 366.29
1024, 1024, 3360, 364.07
1024, 1024, 3440, 364.40
1024, 1024, 3520, 366.21
1024, 1024, 3600, 364.58
1024, 1024, 3680, 366.71
1024, 1024, 3760, 365.22
1024, 1024, 3840, 368.25
1024, 1024, 3920, 367.08
1024, 1024, 4000, 368.61
