bli_shgemm performance
MC = 512, KC = 2816, NC = 4096
m, n, k, GFLOPS
1024, 1024, 80, 209.23
1024, 1024, 160, 271.07
1024, 1024, 240, 301.74
1024, 1024, 320, 322.55
1024, 1024, 400, 332.79
1024, 1024, 480, 342.21
1024, 1024, 560, 348.75
1024, 1024, 640, 349.06
1024, 1024, 720, 350.44
1024, 1024, 800, 358.61
1024, 1024, 880, 357.96
1024, 1024, 960, 364.74
1024, 1024, 1040, 365.88
1024, 1024, 1120, 368.91
1024, 1024, 1200, 370.40
1024, 1024, 1280, 371.84
1024, 1024, 1360, 372.64
1024, 1024, 1440, 373.87
1024, 1024, 1520, 373.21
1024, 1024, 1600, 376.97
1024, 1024, 1680, 375.33
1024, 1024, 1760, 377.67
1024, 1024, 1840, 378.00
1024, 1024, 1920, 379.55
1024, 1024, 2000, 379.19
1024, 1024, 2080, 380.80
1024, 1024, 2160, 380.76
1024, 1024, 2240, 382.36
1024, 1024, 2320, 381.81
1024, 1024, 2400, 383.27
1024, 1024, 2480, 383.05
1024, 1024, 2560, 383.67
1024, 1024, 2640, 382.84
1024, 1024, 2720, 383.82
1024, 1024, 2800, 383.58
1024, 1024, 2880, 372.62
1024, 1024, 2960, 371.56
1024, 1024, 3040, 370.47
1024, 1024, 3120, 373.15
1024, 1024, 3200, 375.43
1024, 1024, 3280, 375.10
1024, 1024, 3360, 375.74
1024, 1024, 3440, 374.88
1024, 1024, 3520, 376.25
1024, 1024, 3600, 376.65
1024, 1024, 3680, 377.48
1024, 1024, 3760, 376.45
1024, 1024, 3840, 377.50
1024, 1024, 3920, 376.61
1024, 1024, 4000, 377.81
