bli_shgemm performance
MC = 640, KC = 768, NC = 2048
m, n, k, GFLOPS
1024, 1024, 80, 208.50
1024, 1024, 160, 263.47
1024, 1024, 240, 294.73
1024, 1024, 320, 319.85
1024, 1024, 400, 330.75
1024, 1024, 480, 335.82
1024, 1024, 560, 337.30
1024, 1024, 640, 346.72
1024, 1024, 720, 344.19
1024, 1024, 800, 324.89
1024, 1024, 880, 326.61
1024, 1024, 960, 335.71
1024, 1024, 1040, 335.85
1024, 1024, 1120, 343.69
1024, 1024, 1200, 343.41
1024, 1024, 1280, 350.35
1024, 1024, 1360, 348.38
1024, 1024, 1440, 350.12
1024, 1024, 1520, 351.55
1024, 1024, 1600, 341.42
1024, 1024, 1680, 337.12
1024, 1024, 1760, 343.63
1024, 1024, 1840, 344.13
1024, 1024, 1920, 349.64
1024, 1024, 2000, 347.48
1024, 1024, 2080, 355.60
1024, 1024, 2160, 352.50
1024, 1024, 2240, 357.72
1024, 1024, 2320, 343.00
1024, 1024, 2400, 348.76
1024, 1024, 2480, 345.89
1024, 1024, 2560, 351.38
1024, 1024, 2640, 348.06
1024, 1024, 2720, 353.12
1024, 1024, 2800, 350.17
1024, 1024, 2880, 357.08
1024, 1024, 2960, 353.36
1024, 1024, 3040, 357.42
1024, 1024, 3120, 346.01
1024, 1024, 3200, 350.24
1024, 1024, 3280, 348.56
1024, 1024, 3360, 352.24
1024, 1024, 3440, 351.52
1024, 1024, 3520, 355.89
1024, 1024, 3600, 353.69
1024, 1024, 3680, 357.00
1024, 1024, 3760, 355.20
1024, 1024, 3840, 358.48
1024, 1024, 3920, 349.88
1024, 1024, 4000, 352.27
