bli_shgemm performance
MC = 640, KC = 2816, NC = 5120
m, n, k, GFLOPS
1024, 1024, 80, 210.80
1024, 1024, 160, 269.89
1024, 1024, 240, 300.42
1024, 1024, 320, 320.44
1024, 1024, 400, 334.79
1024, 1024, 480, 342.33
1024, 1024, 560, 348.16
1024, 1024, 640, 352.33
1024, 1024, 720, 353.61
1024, 1024, 800, 359.26
1024, 1024, 880, 360.50
1024, 1024, 960, 365.83
1024, 1024, 1040, 367.27
1024, 1024, 1120, 369.46
1024, 1024, 1200, 370.58
1024, 1024, 1280, 372.91
1024, 1024, 1360, 373.86
1024, 1024, 1440, 375.81
1024, 1024, 1520, 377.17
1024, 1024, 1600, 379.12
1024, 1024, 1680, 379.27
1024, 1024, 1760, 380.73
1024, 1024, 1840, 378.80
1024, 1024, 1920, 380.56
1024, 1024, 2000, 377.61
1024, 1024, 2080, 379.64
1024, 1024, 2160, 378.85
1024, 1024, 2240, 381.45
1024, 1024, 2320, 380.12
1024, 1024, 2400, 381.34
1024, 1024, 2480, 379.89
1024, 1024, 2560, 380.67
1024, 1024, 2640, 379.29
1024, 1024, 2720, 379.67
1024, 1024, 2800, 376.53
1024, 1024, 2880, 365.41
1024, 1024, 2960, 361.96
1024, 1024, 3040, 359.38
1024, 1024, 3120, 358.02
1024, 1024, 3200, 356.15
1024, 1024, 3280, 352.95
1024, 1024, 3360, 352.84
1024, 1024, 3440, 353.23
1024, 1024, 3520, 353.90
1024, 1024, 3600, 356.15
1024, 1024, 3680, 359.90
1024, 1024, 3760, 357.99
1024, 1024, 3840, 360.24
1024, 1024, 3920, 373.52
1024, 1024, 4000, 373.71
