bli_shgemm performance
MC = 384, KC = 2816, NC = 1024
m, n, k, GFLOPS
1024, 1024, 80, 205.25
1024, 1024, 160, 264.18
1024, 1024, 240, 292.67
1024, 1024, 320, 315.93
1024, 1024, 400, 322.68
1024, 1024, 480, 335.72
1024, 1024, 560, 339.66
1024, 1024, 640, 348.60
1024, 1024, 720, 348.37
1024, 1024, 800, 358.30
1024, 1024, 880, 358.63
1024, 1024, 960, 365.57
1024, 1024, 1040, 364.73
1024, 1024, 1120, 363.02
1024, 1024, 1200, 363.14
1024, 1024, 1280, 368.65
1024, 1024, 1360, 366.91
1024, 1024, 1440, 365.05
1024, 1024, 1520, 368.65
1024, 1024, 1600, 373.87
1024, 1024, 1680, 371.74
1024, 1024, 1760, 374.09
1024, 1024, 1840, 373.79
1024, 1024, 1920, 376.31
1024, 1024, 2000, 376.64
1024, 1024, 2080, 378.42
1024, 1024, 2160, 378.20
1024, 1024, 2240, 380.21
1024, 1024, 2320, 379.91
1024, 1024, 2400, 380.59
1024, 1024, 2480, 380.47
1024, 1024, 2560, 381.69
1024, 1024, 2640, 381.28
1024, 1024, 2720, 381.82
1024, 1024, 2800, 381.26
1024, 1024, 2880, 367.61
1024, 1024, 2960, 366.40
1024, 1024, 3040, 369.19
1024, 1024, 3120, 368.98
1024, 1024, 3200, 371.23
1024, 1024, 3280, 370.73
1024, 1024, 3360, 372.10
1024, 1024, 3440, 370.48
1024, 1024, 3520, 371.95
1024, 1024, 3600, 371.71
1024, 1024, 3680, 373.76
1024, 1024, 3760, 372.96
1024, 1024, 3840, 373.97
1024, 1024, 3920, 378.98
1024, 1024, 4000, 381.46
