bli_shgemm performance
MC = 384, KC = 1536, NC = 2048
m, n, k, GFLOPS
1024, 1024, 80, 205.76
1024, 1024, 160, 266.14
1024, 1024, 240, 289.72
1024, 1024, 320, 309.21
1024, 1024, 400, 322.30
1024, 1024, 480, 329.66
1024, 1024, 560, 337.62
1024, 1024, 640, 343.81
1024, 1024, 720, 346.37
1024, 1024, 800, 357.24
1024, 1024, 880, 355.96
1024, 1024, 960, 362.12
1024, 1024, 1040, 361.78
1024, 1024, 1120, 364.37
1024, 1024, 1200, 364.85
1024, 1024, 1280, 368.19
1024, 1024, 1360, 368.32
1024, 1024, 1440, 369.88
1024, 1024, 1520, 370.39
1024, 1024, 1600, 351.66
1024, 1024, 1680, 351.52
1024, 1024, 1760, 354.91
1024, 1024, 1840, 354.68
1024, 1024, 1920, 358.37
1024, 1024, 2000, 356.76
1024, 1024, 2080, 360.00
1024, 1024, 2160, 358.85
1024, 1024, 2240, 361.72
1024, 1024, 2320, 362.39
1024, 1024, 2400, 364.19
1024, 1024, 2480, 364.29
1024, 1024, 2560, 367.43
1024, 1024, 2640, 365.55
1024, 1024, 2720, 367.59
1024, 1024, 2800, 371.46
1024, 1024, 2880, 375.08
1024, 1024, 2960, 377.83
1024, 1024, 3040, 378.14
1024, 1024, 3120, 358.03
1024, 1024, 3200, 360.09
1024, 1024, 3280, 359.54
1024, 1024, 3360, 362.02
1024, 1024, 3440, 361.60
1024, 1024, 3520, 364.70
1024, 1024, 3600, 363.54
1024, 1024, 3680, 367.68
1024, 1024, 3760, 365.91
1024, 1024, 3840, 369.26
1024, 1024, 3920, 368.60
1024, 1024, 4000, 370.30
