bli_shgemm performance
MC = 384, KC = 4096, NC = 4096
m, n, k, GFLOPS
1024, 1024, 80, 202.19
1024, 1024, 160, 253.64
1024, 1024, 240, 283.71
1024, 1024, 320, 303.72
1024, 1024, 400, 312.63
1024, 1024, 480, 323.83
1024, 1024, 560, 329.64
1024, 1024, 640, 338.85
1024, 1024, 720, 337.59
1024, 1024, 800, 346.28
1024, 1024, 880, 345.49
1024, 1024, 960, 351.75
1024, 1024, 1040, 349.54
1024, 1024, 1120, 353.58
1024, 1024, 1200, 353.15
1024, 1024, 1280, 357.13
1024, 1024, 1360, 357.46
1024, 1024, 1440, 360.18
1024, 1024, 1520, 359.56
1024, 1024, 1600, 363.37
1024, 1024, 1680, 361.91
1024, 1024, 1760, 364.66
1024, 1024, 1840, 363.48
1024, 1024, 1920, 366.54
1024, 1024, 2000, 365.57
1024, 1024, 2080, 367.31
1024, 1024, 2160, 366.34
1024, 1024, 2240, 368.12
1024, 1024, 2320, 367.64
1024, 1024, 2400, 369.53
1024, 1024, 2480, 368.86
1024, 1024, 2560, 369.74
1024, 1024, 2640, 369.44
1024, 1024, 2720, 369.68
1024, 1024, 2800, 369.56
1024, 1024, 2880, 370.54
1024, 1024, 2960, 370.24
1024, 1024, 3040, 371.51
1024, 1024, 3120, 370.82
1024, 1024, 3200, 371.36
1024, 1024, 3280, 371.32
1024, 1024, 3360, 371.41
1024, 1024, 3440, 370.85
1024, 1024, 3520, 372.05
1024, 1024, 3600, 371.59
1024, 1024, 3680, 371.96
1024, 1024, 3760, 371.36
1024, 1024, 3840, 369.28
1024, 1024, 3920, 363.81
1024, 1024, 4000, 362.19
