bli_shgemm performance
MC = 384, KC = 512, NC = 4096
m, n, k, GFLOPS
1024, 1024, 80, 206.05
1024, 1024, 160, 265.52
1024, 1024, 240, 294.55
1024, 1024, 320, 316.01
1024, 1024, 400, 328.15
1024, 1024, 480, 338.26
1024, 1024, 560, 302.30
1024, 1024, 640, 311.76
1024, 1024, 720, 315.31
1024, 1024, 800, 325.41
1024, 1024, 880, 330.19
1024, 1024, 960, 339.84
1024, 1024, 1040, 316.15
1024, 1024, 1120, 322.62
1024, 1024, 1200, 322.17
1024, 1024, 1280, 331.14
1024, 1024, 1360, 329.71
1024, 1024, 1440, 337.93
1024, 1024, 1520, 335.87
1024, 1024, 1600, 327.88
1024, 1024, 1680, 326.76
1024, 1024, 1760, 332.14
1024, 1024, 1840, 332.27
1024, 1024, 1920, 338.89
1024, 1024, 2000, 334.56
1024, 1024, 2080, 326.90
1024, 1024, 2160, 325.61
1024, 1024, 2240, 331.13
1024, 1024, 2320, 334.18
1024, 1024, 2400, 339.42
1024, 1024, 2480, 339.00
1024, 1024, 2560, 344.51
1024, 1024, 2640, 332.29
1024, 1024, 2720, 336.36
1024, 1024, 2800, 335.75
1024, 1024, 2880, 341.77
1024, 1024, 2960, 340.00
1024, 1024, 3040, 343.55
1024, 1024, 3120, 334.23
1024, 1024, 3200, 338.39
1024, 1024, 3280, 337.10
1024, 1024, 3360, 340.20
1024, 1024, 3440, 338.92
1024, 1024, 3520, 344.31
1024, 1024, 3600, 335.40
1024, 1024, 3680, 338.20
1024, 1024, 3760, 336.93
1024, 1024, 3840, 341.25
1024, 1024, 3920, 339.43
1024, 1024, 4000, 342.98
