bli_shgemm performance
MC = 512, KC = 2816, NC = 5120
m, n, k, GFLOPS
1024, 1024, 80, 210.86
1024, 1024, 160, 265.32
1024, 1024, 240, 259.67
1024, 1024, 320, 319.94
1024, 1024, 400, 334.49
1024, 1024, 480, 343.39
1024, 1024, 560, 350.40
1024, 1024, 640, 352.73
1024, 1024, 720, 351.51
1024, 1024, 800, 359.52
1024, 1024, 880, 359.69
1024, 1024, 960, 365.13
1024, 1024, 1040, 366.54
1024, 1024, 1120, 367.61
1024, 1024, 1200, 369.67
1024, 1024, 1280, 372.69
1024, 1024, 1360, 372.76
1024, 1024, 1440, 373.44
1024, 1024, 1520, 373.02
1024, 1024, 1600, 376.98
1024, 1024, 1680, 376.38
1024, 1024, 1760, 378.01
1024, 1024, 1840, 377.86
1024, 1024, 1920, 379.98
1024, 1024, 2000, 379.73
1024, 1024, 2080, 382.11
1024, 1024, 2160, 381.23
1024, 1024, 2240, 383.72
1024, 1024, 2320, 383.07
1024, 1024, 2400, 383.58
1024, 1024, 2480, 382.89
1024, 1024, 2560, 383.93
1024, 1024, 2640, 384.15
1024, 1024, 2720, 385.43
1024, 1024, 2800, 382.06
1024, 1024, 2880, 372.21
1024, 1024, 2960, 371.56
1024, 1024, 3040, 373.80
1024, 1024, 3120, 373.71
1024, 1024, 3200, 375.33
1024, 1024, 3280, 374.80
1024, 1024, 3360, 376.22
1024, 1024, 3440, 375.16
1024, 1024, 3520, 375.99
1024, 1024, 3600, 376.55
1024, 1024, 3680, 376.97
1024, 1024, 3760, 376.80
1024, 1024, 3840, 382.97
1024, 1024, 3920, 382.67
1024, 1024, 4000, 383.80
