bli_shgemm performance
MC = 256, KC = 1280, NC = 3072
m, n, k, GFLOPS
1024, 1024, 80, 207.53
1024, 1024, 160, 262.34
1024, 1024, 240, 287.87
1024, 1024, 320, 307.26
1024, 1024, 400, 322.06
1024, 1024, 480, 332.34
1024, 1024, 560, 340.04
1024, 1024, 640, 346.49
1024, 1024, 720, 350.00
1024, 1024, 800, 356.60
1024, 1024, 880, 358.16
1024, 1024, 960, 363.94
1024, 1024, 1040, 363.72
1024, 1024, 1120, 366.32
1024, 1024, 1200, 366.05
1024, 1024, 1280, 368.90
1024, 1024, 1360, 344.33
1024, 1024, 1440, 346.84
1024, 1024, 1520, 348.19
1024, 1024, 1600, 352.23
1024, 1024, 1680, 353.40
1024, 1024, 1760, 355.93
1024, 1024, 1840, 356.70
1024, 1024, 1920, 358.27
1024, 1024, 2000, 357.02
1024, 1024, 2080, 361.23
1024, 1024, 2160, 360.70
1024, 1024, 2240, 363.54
1024, 1024, 2320, 363.34
1024, 1024, 2400, 364.58
1024, 1024, 2480, 364.51
1024, 1024, 2560, 367.09
1024, 1024, 2640, 352.52
1024, 1024, 2720, 353.93
1024, 1024, 2800, 354.45
1024, 1024, 2880, 358.56
1024, 1024, 2960, 357.42
1024, 1024, 3040, 359.16
1024, 1024, 3120, 359.26
1024, 1024, 3200, 364.07
1024, 1024, 3280, 362.98
1024, 1024, 3360, 365.74
1024, 1024, 3440, 364.11
1024, 1024, 3520, 371.75
1024, 1024, 3600, 370.65
1024, 1024, 3680, 376.56
1024, 1024, 3760, 376.44
1024, 1024, 3840, 377.03
1024, 1024, 3920, 355.54
1024, 1024, 4000, 358.04
