bli_shgemm performance
MC = 640, KC = 2560, NC = 2048
m, n, k, GFLOPS
1024, 1024, 80, 201.73
1024, 1024, 160, 260.87
1024, 1024, 240, 294.42
1024, 1024, 320, 313.67
1024, 1024, 400, 327.78
1024, 1024, 480, 332.27
1024, 1024, 560, 341.01
1024, 1024, 640, 344.88
1024, 1024, 720, 347.95
1024, 1024, 800, 356.27
1024, 1024, 880, 357.42
1024, 1024, 960, 335.19
1024, 1024, 1040, 330.99
1024, 1024, 1120, 335.67
1024, 1024, 1200, 336.16
1024, 1024, 1280, 343.93
1024, 1024, 1360, 340.80
1024, 1024, 1440, 344.34
1024, 1024, 1520, 343.05
1024, 1024, 1600, 349.30
1024, 1024, 1680, 344.34
1024, 1024, 1760, 345.45
1024, 1024, 1840, 345.40
1024, 1024, 1920, 355.51
1024, 1024, 2000, 350.27
1024, 1024, 2080, 352.96
1024, 1024, 2160, 348.48
1024, 1024, 2240, 349.62
1024, 1024, 2320, 345.22
1024, 1024, 2400, 346.53
1024, 1024, 2480, 341.88
1024, 1024, 2560, 323.54
1024, 1024, 2640, 360.35
1024, 1024, 2720, 361.67
1024, 1024, 2800, 361.45
1024, 1024, 2880, 364.59
1024, 1024, 2960, 363.76
1024, 1024, 3040, 364.41
1024, 1024, 3120, 364.23
1024, 1024, 3200, 366.00
1024, 1024, 3280, 365.92
1024, 1024, 3360, 368.22
1024, 1024, 3440, 366.81
1024, 1024, 3520, 369.24
1024, 1024, 3600, 368.36
1024, 1024, 3680, 369.99
1024, 1024, 3760, 370.17
1024, 1024, 3840, 370.99
1024, 1024, 3920, 370.54
1024, 1024, 4000, 371.26
