bli_shgemm performance
MC = 512, KC = 1792, NC = 5120
m, n, k, GFLOPS
1024, 1024, 80, 204.95
1024, 1024, 160, 267.39
1024, 1024, 240, 298.34
1024, 1024, 320, 323.27
1024, 1024, 400, 332.30
1024, 1024, 480, 337.66
1024, 1024, 560, 343.69
1024, 1024, 640, 350.29
1024, 1024, 720, 351.94
1024, 1024, 800, 361.31
1024, 1024, 880, 360.70
1024, 1024, 960, 362.42
1024, 1024, 1040, 360.32
1024, 1024, 1120, 363.67
1024, 1024, 1200, 363.42
1024, 1024, 1280, 368.85
1024, 1024, 1360, 366.90
1024, 1024, 1440, 370.95
1024, 1024, 1520, 372.34
1024, 1024, 1600, 376.09
1024, 1024, 1680, 374.74
1024, 1024, 1760, 377.61
1024, 1024, 1840, 360.14
1024, 1024, 1920, 362.01
1024, 1024, 2000, 360.76
1024, 1024, 2080, 364.94
1024, 1024, 2160, 364.64
1024, 1024, 2240, 369.00
1024, 1024, 2320, 366.32
1024, 1024, 2400, 369.51
1024, 1024, 2480, 367.24
1024, 1024, 2560, 371.33
1024, 1024, 2640, 369.91
1024, 1024, 2720, 372.92
1024, 1024, 2800, 371.78
1024, 1024, 2880, 372.99
1024, 1024, 2960, 376.68
1024, 1024, 3040, 378.05
1024, 1024, 3120, 377.54
1024, 1024, 3200, 379.15
1024, 1024, 3280, 378.61
1024, 1024, 3360, 380.03
1024, 1024, 3440, 379.23
1024, 1024, 3520, 381.83
1024, 1024, 3600, 371.61
1024, 1024, 3680, 372.57
1024, 1024, 3760, 372.20
1024, 1024, 3840, 374.16
1024, 1024, 3920, 373.37
1024, 1024, 4000, 375.10
