bli_shgemm performance
MC = 256, KC = 1536, NC = 1024
m, n, k, GFLOPS
1024, 1024, 80, 204.88
1024, 1024, 160, 260.20
1024, 1024, 240, 293.61
1024, 1024, 320, 312.62
1024, 1024, 400, 321.85
1024, 1024, 480, 330.85
1024, 1024, 560, 337.65
1024, 1024, 640, 351.19
1024, 1024, 720, 350.88
1024, 1024, 800, 364.07
1024, 1024, 880, 366.14
1024, 1024, 960, 368.88
1024, 1024, 1040, 372.36
1024, 1024, 1120, 372.67
1024, 1024, 1200, 374.84
1024, 1024, 1280, 375.82
1024, 1024, 1360, 376.70
1024, 1024, 1440, 379.02
1024, 1024, 1520, 379.62
1024, 1024, 1600, 354.95
1024, 1024, 1680, 352.81
1024, 1024, 1760, 357.65
1024, 1024, 1840, 357.53
1024, 1024, 1920, 362.44
1024, 1024, 2000, 360.58
1024, 1024, 2080, 363.42
1024, 1024, 2160, 362.32
1024, 1024, 2240, 365.74
1024, 1024, 2320, 364.74
1024, 1024, 2400, 366.93
1024, 1024, 2480, 365.95
1024, 1024, 2560, 369.25
1024, 1024, 2640, 367.22
1024, 1024, 2720, 369.30
1024, 1024, 2800, 367.74
1024, 1024, 2880, 370.82
1024, 1024, 2960, 369.27
1024, 1024, 3040, 370.87
1024, 1024, 3120, 373.66
1024, 1024, 3200, 374.00
1024, 1024, 3280, 375.32
1024, 1024, 3360, 375.95
1024, 1024, 3440, 377.09
1024, 1024, 3520, 378.00
1024, 1024, 3600, 378.39
1024, 1024, 3680, 379.14
1024, 1024, 3760, 378.96
1024, 1024, 3840, 381.47
1024, 1024, 3920, 381.56
1024, 1024, 4000, 381.75
