bli_shgemm performance
MC = 256, KC = 1024, NC = 2048
m, n, k, GFLOPS
1024, 1024, 80, 208.55
1024, 1024, 160, 262.17
1024, 1024, 240, 287.89
1024, 1024, 320, 309.51
1024, 1024, 400, 320.59
1024, 1024, 480, 333.35
1024, 1024, 560, 336.39
1024, 1024, 640, 344.44
1024, 1024, 720, 348.52
1024, 1024, 800, 359.17
1024, 1024, 880, 358.85
1024, 1024, 960, 365.97
1024, 1024, 1040, 335.24
1024, 1024, 1120, 339.52
1024, 1024, 1200, 338.31
1024, 1024, 1280, 346.52
1024, 1024, 1360, 346.12
1024, 1024, 1440, 351.78
1024, 1024, 1520, 349.65
1024, 1024, 1600, 357.36
1024, 1024, 1680, 352.76
1024, 1024, 1760, 360.21
1024, 1024, 1840, 357.26
1024, 1024, 1920, 367.88
1024, 1024, 2000, 364.76
1024, 1024, 2080, 345.82
1024, 1024, 2160, 344.46
1024, 1024, 2240, 348.86
1024, 1024, 2320, 350.56
1024, 1024, 2400, 354.60
1024, 1024, 2480, 354.36
1024, 1024, 2560, 358.74
1024, 1024, 2640, 357.02
1024, 1024, 2720, 358.92
1024, 1024, 2800, 359.65
1024, 1024, 2880, 362.60
1024, 1024, 2960, 362.50
1024, 1024, 3040, 364.64
1024, 1024, 3120, 353.09
1024, 1024, 3200, 356.55
1024, 1024, 3280, 355.19
1024, 1024, 3360, 357.88
1024, 1024, 3440, 357.02
1024, 1024, 3520, 360.65
1024, 1024, 3600, 358.89
1024, 1024, 3680, 361.22
1024, 1024, 3760, 359.69
1024, 1024, 3840, 363.35
1024, 1024, 3920, 362.48
1024, 1024, 4000, 364.73
