bli_shgemm performance
MC = 384, KC = 2048, NC = 4096
m, n, k, GFLOPS
1024, 1024, 80, 204.49
1024, 1024, 160, 266.62
1024, 1024, 240, 299.05
1024, 1024, 320, 317.59
1024, 1024, 400, 321.59
1024, 1024, 480, 332.18
1024, 1024, 560, 339.36
1024, 1024, 640, 345.61
1024, 1024, 720, 346.81
1024, 1024, 800, 358.27
1024, 1024, 880, 359.72
1024, 1024, 960, 365.27
1024, 1024, 1040, 366.64
1024, 1024, 1120, 368.41
1024, 1024, 1200, 368.22
1024, 1024, 1280, 367.66
1024, 1024, 1360, 366.34
1024, 1024, 1440, 370.44
1024, 1024, 1520, 369.41
1024, 1024, 1600, 373.26
1024, 1024, 1680, 371.62
1024, 1024, 1760, 373.87
1024, 1024, 1840, 374.03
1024, 1024, 1920, 376.11
1024, 1024, 2000, 375.57
1024, 1024, 2080, 361.30
1024, 1024, 2160, 361.04
1024, 1024, 2240, 366.97
1024, 1024, 2320, 364.75
1024, 1024, 2400, 368.00
1024, 1024, 2480, 367.53
1024, 1024, 2560, 370.32
1024, 1024, 2640, 368.77
1024, 1024, 2720, 370.05
1024, 1024, 2800, 370.38
1024, 1024, 2880, 372.09
1024, 1024, 2960, 371.25
1024, 1024, 3040, 373.14
1024, 1024, 3120, 372.62
1024, 1024, 3200, 374.18
1024, 1024, 3280, 373.01
1024, 1024, 3360, 374.32
1024, 1024, 3440, 373.76
1024, 1024, 3520, 375.28
1024, 1024, 3600, 374.00
1024, 1024, 3680, 375.95
1024, 1024, 3760, 375.01
1024, 1024, 3840, 376.20
1024, 1024, 3920, 375.92
1024, 1024, 4000, 376.22
