bli_shgemm performance
MC = 384, KC = 4096, NC = 1024
m, n, k, GFLOPS
1024, 1024, 80, 210.63
1024, 1024, 160, 267.34
1024, 1024, 240, 295.33
1024, 1024, 320, 317.20
1024, 1024, 400, 328.08
1024, 1024, 480, 338.71
1024, 1024, 560, 344.43
1024, 1024, 640, 352.01
1024, 1024, 720, 352.61
1024, 1024, 800, 333.59
1024, 1024, 880, 330.74
1024, 1024, 960, 342.86
1024, 1024, 1040, 337.70
1024, 1024, 1120, 343.79
1024, 1024, 1200, 344.21
1024, 1024, 1280, 351.31
1024, 1024, 1360, 348.21
1024, 1024, 1440, 351.58
1024, 1024, 1520, 352.15
1024, 1024, 1600, 339.38
1024, 1024, 1680, 349.55
1024, 1024, 1760, 346.48
1024, 1024, 1840, 342.89
1024, 1024, 1920, 348.40
1024, 1024, 2000, 345.52
1024, 1024, 2080, 349.58
1024, 1024, 2160, 347.87
1024, 1024, 2240, 351.66
1024, 1024, 2320, 349.64
1024, 1024, 2400, 353.22
1024, 1024, 2480, 351.25
1024, 1024, 2560, 353.60
1024, 1024, 2640, 352.75
1024, 1024, 2720, 354.07
1024, 1024, 2800, 352.58
1024, 1024, 2880, 364.61
1024, 1024, 2960, 361.67
1024, 1024, 3040, 364.20
1024, 1024, 3120, 361.85
1024, 1024, 3200, 363.53
1024, 1024, 3280, 361.16
1024, 1024, 3360, 361.66
1024, 1024, 3440, 357.66
1024, 1024, 3520, 359.04
1024, 1024, 3600, 347.92
1024, 1024, 3680, 349.70
1024, 1024, 3760, 346.99
1024, 1024, 3840, 349.94
1024, 1024, 3920, 343.53
1024, 1024, 4000, 343.27
