bli_shgemm performance
MC = 384, KC = 2304, NC = 4096
m, n, k, GFLOPS
1024, 1024, 80, 211.56
1024, 1024, 160, 267.23
1024, 1024, 240, 295.86
1024, 1024, 320, 318.02
1024, 1024, 400, 321.56
1024, 1024, 480, 332.67
1024, 1024, 560, 339.59
1024, 1024, 640, 345.20
1024, 1024, 720, 347.60
1024, 1024, 800, 357.66
1024, 1024, 880, 358.51
1024, 1024, 960, 364.78
1024, 1024, 1040, 364.49
1024, 1024, 1120, 366.84
1024, 1024, 1200, 368.17
1024, 1024, 1280, 371.46
1024, 1024, 1360, 369.56
1024, 1024, 1440, 373.28
1024, 1024, 1520, 372.25
1024, 1024, 1600, 376.33
1024, 1024, 1680, 372.58
1024, 1024, 1760, 375.02
1024, 1024, 1840, 374.45
1024, 1024, 1920, 376.63
1024, 1024, 2000, 375.98
1024, 1024, 2080, 377.42
1024, 1024, 2160, 376.65
1024, 1024, 2240, 378.67
1024, 1024, 2320, 363.15
1024, 1024, 2400, 364.69
1024, 1024, 2480, 363.82
1024, 1024, 2560, 366.43
1024, 1024, 2640, 372.00
1024, 1024, 2720, 372.47
1024, 1024, 2800, 371.22
1024, 1024, 2880, 374.01
1024, 1024, 2960, 372.41
1024, 1024, 3040, 374.98
1024, 1024, 3120, 374.41
1024, 1024, 3200, 375.92
1024, 1024, 3280, 375.10
1024, 1024, 3360, 376.01
1024, 1024, 3440, 375.49
1024, 1024, 3520, 377.28
1024, 1024, 3600, 376.08
1024, 1024, 3680, 377.33
1024, 1024, 3760, 377.43
1024, 1024, 3840, 378.07
1024, 1024, 3920, 377.28
1024, 1024, 4000, 378.65
