bli_shgemm performance
MC = 384, KC = 3840, NC = 4096
m, n, k, GFLOPS
1024, 1024, 80, 203.77
1024, 1024, 160, 262.30
1024, 1024, 240, 296.19
1024, 1024, 320, 317.77
1024, 1024, 400, 330.68
1024, 1024, 480, 338.09
1024, 1024, 560, 345.12
1024, 1024, 640, 349.72
1024, 1024, 720, 352.11
1024, 1024, 800, 359.40
1024, 1024, 880, 360.85
1024, 1024, 960, 366.15
1024, 1024, 1040, 366.42
1024, 1024, 1120, 368.09
1024, 1024, 1200, 367.99
1024, 1024, 1280, 371.46
1024, 1024, 1360, 371.52
1024, 1024, 1440, 372.34
1024, 1024, 1520, 373.24
1024, 1024, 1600, 376.49
1024, 1024, 1680, 374.78
1024, 1024, 1760, 376.94
1024, 1024, 1840, 376.70
1024, 1024, 1920, 379.20
1024, 1024, 2000, 378.11
1024, 1024, 2080, 379.98
1024, 1024, 2160, 379.47
1024, 1024, 2240, 381.19
1024, 1024, 2320, 380.66
1024, 1024, 2400, 381.82
1024, 1024, 2480, 380.92
1024, 1024, 2560, 382.67
1024, 1024, 2640, 381.99
1024, 1024, 2720, 382.88
1024, 1024, 2800, 382.60
1024, 1024, 2880, 383.66
1024, 1024, 2960, 383.08
1024, 1024, 3040, 383.63
1024, 1024, 3120, 383.34
1024, 1024, 3200, 384.30
1024, 1024, 3280, 383.43
1024, 1024, 3360, 384.00
1024, 1024, 3440, 383.63
1024, 1024, 3520, 384.48
1024, 1024, 3600, 383.89
1024, 1024, 3680, 385.18
1024, 1024, 3760, 383.69
1024, 1024, 3840, 383.58
1024, 1024, 3920, 375.60
1024, 1024, 4000, 376.13
