bli_shgemm performance
MC = 384, KC = 3584, NC = 5120
m, n, k, GFLOPS
1024, 1024, 80, 199.11
1024, 1024, 160, 255.52
1024, 1024, 240, 287.15
1024, 1024, 320, 302.98
1024, 1024, 400, 312.07
1024, 1024, 480, 325.33
1024, 1024, 560, 328.35
1024, 1024, 640, 337.61
1024, 1024, 720, 338.17
1024, 1024, 800, 346.68
1024, 1024, 880, 345.30
1024, 1024, 960, 352.05
1024, 1024, 1040, 351.82
1024, 1024, 1120, 355.09
1024, 1024, 1200, 353.65
1024, 1024, 1280, 357.41
1024, 1024, 1360, 357.27
1024, 1024, 1440, 361.31
1024, 1024, 1520, 359.44
1024, 1024, 1600, 362.54
1024, 1024, 1680, 361.90
1024, 1024, 1760, 364.25
1024, 1024, 1840, 363.64
1024, 1024, 1920, 366.03
1024, 1024, 2000, 364.97
1024, 1024, 2080, 366.81
1024, 1024, 2160, 366.35
1024, 1024, 2240, 368.31
1024, 1024, 2320, 367.68
1024, 1024, 2400, 368.86
1024, 1024, 2480, 368.35
1024, 1024, 2560, 369.87
1024, 1024, 2640, 369.30
1024, 1024, 2720, 369.21
1024, 1024, 2800, 369.09
1024, 1024, 2880, 370.74
1024, 1024, 2960, 370.25
1024, 1024, 3040, 370.67
1024, 1024, 3120, 369.74
1024, 1024, 3200, 370.68
1024, 1024, 3280, 371.57
1024, 1024, 3360, 370.58
1024, 1024, 3440, 370.08
1024, 1024, 3520, 370.46
1024, 1024, 3600, 360.73
1024, 1024, 3680, 361.42
1024, 1024, 3760, 361.56
1024, 1024, 3840, 363.64
1024, 1024, 3920, 362.83
1024, 1024, 4000, 365.69
