bli_shgemm performance
MC = 640, KC = 3328, NC = 1024
m, n, k, GFLOPS
1024, 1024, 80, 203.24
1024, 1024, 160, 258.29
1024, 1024, 240, 283.81
1024, 1024, 320, 306.41
1024, 1024, 400, 310.83
1024, 1024, 480, 327.36
1024, 1024, 560, 330.66
1024, 1024, 640, 341.08
1024, 1024, 720, 340.95
1024, 1024, 800, 351.81
1024, 1024, 880, 352.36
1024, 1024, 960, 361.93
1024, 1024, 1040, 361.63
1024, 1024, 1120, 364.37
1024, 1024, 1200, 365.73
1024, 1024, 1280, 368.78
1024, 1024, 1360, 369.57
1024, 1024, 1440, 371.87
1024, 1024, 1520, 372.20
1024, 1024, 1600, 374.78
1024, 1024, 1680, 375.08
1024, 1024, 1760, 376.37
1024, 1024, 1840, 376.48
1024, 1024, 1920, 379.15
1024, 1024, 2000, 378.65
1024, 1024, 2080, 380.01
1024, 1024, 2160, 371.33
1024, 1024, 2240, 379.48
1024, 1024, 2320, 378.72
1024, 1024, 2400, 376.19
1024, 1024, 2480, 374.36
1024, 1024, 2560, 368.83
1024, 1024, 2640, 365.44
1024, 1024, 2720, 368.36
1024, 1024, 2800, 366.36
1024, 1024, 2880, 356.57
1024, 1024, 2960, 351.26
1024, 1024, 3040, 355.66
1024, 1024, 3120, 356.82
1024, 1024, 3200, 350.08
1024, 1024, 3280, 349.94
1024, 1024, 3360, 351.44
1024, 1024, 3440, 354.40
1024, 1024, 3520, 356.60
1024, 1024, 3600, 355.99
1024, 1024, 3680, 357.37
1024, 1024, 3760, 357.52
1024, 1024, 3840, 359.17
1024, 1024, 3920, 358.54
1024, 1024, 4000, 358.58
