bli_shgemm performance
MC = 640, KC = 2816, NC = 4096
m, n, k, GFLOPS
1024, 1024, 80, 212.15
1024, 1024, 160, 271.74
1024, 1024, 240, 300.58
1024, 1024, 320, 322.36
1024, 1024, 400, 333.32
1024, 1024, 480, 341.36
1024, 1024, 560, 348.87
1024, 1024, 640, 355.92
1024, 1024, 720, 356.80
1024, 1024, 800, 361.23
1024, 1024, 880, 361.85
1024, 1024, 960, 366.74
1024, 1024, 1040, 368.76
1024, 1024, 1120, 371.28
1024, 1024, 1200, 371.81
1024, 1024, 1280, 374.82
1024, 1024, 1360, 375.26
1024, 1024, 1440, 377.13
1024, 1024, 1520, 377.90
1024, 1024, 1600, 379.79
1024, 1024, 1680, 380.73
1024, 1024, 1760, 381.62
1024, 1024, 1840, 375.84
1024, 1024, 1920, 379.87
1024, 1024, 2000, 379.61
1024, 1024, 2080, 380.76
1024, 1024, 2160, 379.89
1024, 1024, 2240, 381.36
1024, 1024, 2320, 379.65
1024, 1024, 2400, 380.50
1024, 1024, 2480, 378.03
1024, 1024, 2560, 378.01
1024, 1024, 2640, 382.04
1024, 1024, 2720, 381.26
1024, 1024, 2800, 379.64
1024, 1024, 2880, 368.28
1024, 1024, 2960, 367.80
1024, 1024, 3040, 369.42
1024, 1024, 3120, 369.15
1024, 1024, 3200, 371.52
1024, 1024, 3280, 371.47
1024, 1024, 3360, 372.40
1024, 1024, 3440, 371.39
1024, 1024, 3520, 372.97
1024, 1024, 3600, 373.13
1024, 1024, 3680, 374.26
1024, 1024, 3760, 372.66
1024, 1024, 3840, 373.66
1024, 1024, 3920, 373.53
1024, 1024, 4000, 374.62
