bli_shgemm performance
MC = 640, KC = 3328, NC = 2048
m, n, k, GFLOPS
1024, 1024, 80, 207.20
1024, 1024, 160, 267.79
1024, 1024, 240, 299.02
1024, 1024, 320, 315.29
1024, 1024, 400, 322.61
1024, 1024, 480, 333.80
1024, 1024, 560, 341.30
1024, 1024, 640, 345.40
1024, 1024, 720, 348.16
1024, 1024, 800, 357.07
1024, 1024, 880, 358.08
1024, 1024, 960, 364.76
1024, 1024, 1040, 364.21
1024, 1024, 1120, 366.15
1024, 1024, 1200, 367.85
1024, 1024, 1280, 369.88
1024, 1024, 1360, 370.27
1024, 1024, 1440, 372.97
1024, 1024, 1520, 372.98
1024, 1024, 1600, 376.26
1024, 1024, 1680, 376.40
1024, 1024, 1760, 377.09
1024, 1024, 1840, 377.74
1024, 1024, 1920, 379.14
1024, 1024, 2000, 379.43
1024, 1024, 2080, 379.05
1024, 1024, 2160, 378.72
1024, 1024, 2240, 380.99
1024, 1024, 2320, 380.17
1024, 1024, 2400, 381.79
1024, 1024, 2480, 380.11
1024, 1024, 2560, 381.20
1024, 1024, 2640, 380.00
1024, 1024, 2720, 380.26
1024, 1024, 2800, 378.83
1024, 1024, 2880, 377.75
1024, 1024, 2960, 375.87
1024, 1024, 3040, 375.07
1024, 1024, 3120, 370.40
1024, 1024, 3200, 350.89
1024, 1024, 3280, 348.27
1024, 1024, 3360, 352.25
1024, 1024, 3440, 351.92
1024, 1024, 3520, 353.25
1024, 1024, 3600, 353.30
1024, 1024, 3680, 355.12
1024, 1024, 3760, 355.35
1024, 1024, 3840, 356.98
1024, 1024, 3920, 356.47
1024, 1024, 4000, 357.08
