bli_shgemm performance
MC = 384, KC = 256, NC = 5120
m, n, k, GFLOPS
1024, 1024, 80, 209.16
1024, 1024, 160, 260.08
1024, 1024, 240, 286.32
1024, 1024, 320, 255.66
1024, 1024, 400, 268.37
1024, 1024, 480, 283.74
1024, 1024, 560, 262.29
1024, 1024, 640, 274.06
1024, 1024, 720, 278.09
1024, 1024, 800, 269.53
1024, 1024, 880, 272.81
1024, 1024, 960, 285.40
1024, 1024, 1040, 269.04
1024, 1024, 1120, 280.10
1024, 1024, 1200, 286.32
1024, 1024, 1280, 293.93
1024, 1024, 1360, 282.04
1024, 1024, 1440, 288.01
1024, 1024, 1520, 289.67
1024, 1024, 1600, 288.94
1024, 1024, 1680, 284.00
1024, 1024, 1760, 294.85
1024, 1024, 1840, 285.22
1024, 1024, 1920, 291.95
1024, 1024, 2000, 292.10
1024, 1024, 2080, 292.02
1024, 1024, 2160, 290.04
1024, 1024, 2240, 299.75
1024, 1024, 2320, 288.04
1024, 1024, 2400, 296.10
1024, 1024, 2480, 293.53
1024, 1024, 2560, 300.63
1024, 1024, 2640, 291.42
1024, 1024, 2720, 298.35
1024, 1024, 2800, 295.60
1024, 1024, 2880, 298.27
1024, 1024, 2960, 292.69
1024, 1024, 3040, 298.92
1024, 1024, 3120, 291.80
1024, 1024, 3200, 298.80
1024, 1024, 3280, 294.29
1024, 1024, 3360, 296.30
1024, 1024, 3440, 293.22
1024, 1024, 3520, 300.03
1024, 1024, 3600, 291.24
1024, 1024, 3680, 297.77
1024, 1024, 3760, 294.00
1024, 1024, 3840, 300.78
1024, 1024, 3920, 291.92
1024, 1024, 4000, 298.02
