bli_shgemm performance
MC = 640, KC = 3328, NC = 3072
m, n, k, GFLOPS
1024, 1024, 80, 206.37
1024, 1024, 160, 259.80
1024, 1024, 240, 284.40
1024, 1024, 320, 307.88
1024, 1024, 400, 320.42
1024, 1024, 480, 330.33
1024, 1024, 560, 337.36
1024, 1024, 640, 343.97
1024, 1024, 720, 345.57
1024, 1024, 800, 353.97
1024, 1024, 880, 355.40
1024, 1024, 960, 362.20
1024, 1024, 1040, 363.54
1024, 1024, 1120, 365.90
1024, 1024, 1200, 366.74
1024, 1024, 1280, 370.07
1024, 1024, 1360, 370.34
1024, 1024, 1440, 372.27
1024, 1024, 1520, 373.13
1024, 1024, 1600, 375.36
1024, 1024, 1680, 375.89
1024, 1024, 1760, 376.63
1024, 1024, 1840, 376.70
1024, 1024, 1920, 379.09
1024, 1024, 2000, 378.96
1024, 1024, 2080, 379.92
1024, 1024, 2160, 378.67
1024, 1024, 2240, 380.23
1024, 1024, 2320, 378.88
1024, 1024, 2400, 379.63
1024, 1024, 2480, 379.45
1024, 1024, 2560, 380.00
1024, 1024, 2640, 379.70
1024, 1024, 2720, 380.15
1024, 1024, 2800, 377.99
1024, 1024, 2880, 374.71
1024, 1024, 2960, 371.77
1024, 1024, 3040, 369.79
1024, 1024, 3120, 366.26
1024, 1024, 3200, 361.79
1024, 1024, 3280, 357.52
1024, 1024, 3360, 346.54
1024, 1024, 3440, 346.98
1024, 1024, 3520, 348.91
1024, 1024, 3600, 349.54
1024, 1024, 3680, 351.51
1024, 1024, 3760, 351.77
1024, 1024, 3840, 348.98
1024, 1024, 3920, 348.91
1024, 1024, 4000, 349.88
