bli_shgemm performance
MC = 512, KC = 2048, NC = 4096
m, n, k, GFLOPS
1024, 1024, 80, 209.78
1024, 1024, 160, 270.26
1024, 1024, 240, 301.75
1024, 1024, 320, 322.19
1024, 1024, 400, 334.17
1024, 1024, 480, 343.55
1024, 1024, 560, 348.56
1024, 1024, 640, 354.12
1024, 1024, 720, 356.12
1024, 1024, 800, 361.53
1024, 1024, 880, 361.92
1024, 1024, 960, 368.22
1024, 1024, 1040, 362.02
1024, 1024, 1120, 363.31
1024, 1024, 1200, 364.34
1024, 1024, 1280, 368.61
1024, 1024, 1360, 368.49
1024, 1024, 1440, 371.28
1024, 1024, 1520, 371.26
1024, 1024, 1600, 375.17
1024, 1024, 1680, 374.68
1024, 1024, 1760, 376.72
1024, 1024, 1840, 376.52
1024, 1024, 1920, 378.84
1024, 1024, 2000, 377.59
1024, 1024, 2080, 363.27
1024, 1024, 2160, 362.48
1024, 1024, 2240, 365.42
1024, 1024, 2320, 364.24
1024, 1024, 2400, 367.16
1024, 1024, 2480, 366.06
1024, 1024, 2560, 368.81
1024, 1024, 2640, 368.06
1024, 1024, 2720, 368.46
1024, 1024, 2800, 369.84
1024, 1024, 2880, 371.98
1024, 1024, 2960, 371.85
1024, 1024, 3040, 372.89
1024, 1024, 3120, 373.08
1024, 1024, 3200, 380.78
1024, 1024, 3280, 379.75
1024, 1024, 3360, 381.57
1024, 1024, 3440, 380.52
1024, 1024, 3520, 382.60
1024, 1024, 3600, 381.77
1024, 1024, 3680, 382.73
1024, 1024, 3760, 382.30
1024, 1024, 3840, 384.14
1024, 1024, 3920, 383.22
1024, 1024, 4000, 384.44
