bli_shgemm performance
MC = 256, KC = 768, NC = 5120
m, n, k, GFLOPS
1024, 1024, 80, 206.85
1024, 1024, 160, 261.21
1024, 1024, 240, 286.92
1024, 1024, 320, 310.44
1024, 1024, 400, 320.24
1024, 1024, 480, 331.06
1024, 1024, 560, 336.76
1024, 1024, 640, 346.47
1024, 1024, 720, 346.97
1024, 1024, 800, 322.03
1024, 1024, 880, 323.45
1024, 1024, 960, 331.85
1024, 1024, 1040, 332.49
1024, 1024, 1120, 344.10
1024, 1024, 1200, 342.98
1024, 1024, 1280, 352.77
1024, 1024, 1360, 350.32
1024, 1024, 1440, 349.13
1024, 1024, 1520, 349.99
1024, 1024, 1600, 337.68
1024, 1024, 1680, 335.73
1024, 1024, 1760, 340.28
1024, 1024, 1840, 339.10
1024, 1024, 1920, 345.58
1024, 1024, 2000, 343.22
1024, 1024, 2080, 349.07
1024, 1024, 2160, 347.64
1024, 1024, 2240, 351.49
1024, 1024, 2320, 337.57
1024, 1024, 2400, 341.51
1024, 1024, 2480, 340.21
1024, 1024, 2560, 345.13
1024, 1024, 2640, 344.04
1024, 1024, 2720, 347.63
1024, 1024, 2800, 346.33
1024, 1024, 2880, 351.92
1024, 1024, 2960, 349.43
1024, 1024, 3040, 352.30
1024, 1024, 3120, 342.13
1024, 1024, 3200, 345.88
1024, 1024, 3280, 344.73
1024, 1024, 3360, 347.38
1024, 1024, 3440, 346.63
1024, 1024, 3520, 353.52
1024, 1024, 3600, 351.52
1024, 1024, 3680, 354.24
1024, 1024, 3760, 357.82
1024, 1024, 3840, 363.22
1024, 1024, 3920, 344.03
1024, 1024, 4000, 346.83
