bli_shgemm performance
MC = 384, KC = 2304, NC = 1024
m, n, k, GFLOPS
1024, 1024, 80, 207.76
1024, 1024, 160, 266.00
1024, 1024, 240, 292.64
1024, 1024, 320, 317.30
1024, 1024, 400, 322.33
1024, 1024, 480, 335.33
1024, 1024, 560, 339.61
1024, 1024, 640, 348.88
1024, 1024, 720, 349.10
1024, 1024, 800, 357.60
1024, 1024, 880, 353.08
1024, 1024, 960, 361.24
1024, 1024, 1040, 359.33
1024, 1024, 1120, 362.81
1024, 1024, 1200, 360.49
1024, 1024, 1280, 367.01
1024, 1024, 1360, 366.01
1024, 1024, 1440, 369.66
1024, 1024, 1520, 369.28
1024, 1024, 1600, 374.68
1024, 1024, 1680, 373.71
1024, 1024, 1760, 376.63
1024, 1024, 1840, 375.87
1024, 1024, 1920, 378.00
1024, 1024, 2000, 377.32
1024, 1024, 2080, 378.77
1024, 1024, 2160, 378.61
1024, 1024, 2240, 380.76
1024, 1024, 2320, 361.72
1024, 1024, 2400, 365.10
1024, 1024, 2480, 363.15
1024, 1024, 2560, 366.33
1024, 1024, 2640, 364.70
1024, 1024, 2720, 368.27
1024, 1024, 2800, 366.80
1024, 1024, 2880, 369.41
1024, 1024, 2960, 368.01
1024, 1024, 3040, 369.34
1024, 1024, 3120, 369.02
1024, 1024, 3200, 376.30
1024, 1024, 3280, 376.75
1024, 1024, 3360, 378.35
1024, 1024, 3440, 377.20
1024, 1024, 3520, 380.09
1024, 1024, 3600, 378.73
1024, 1024, 3680, 379.91
1024, 1024, 3760, 379.19
1024, 1024, 3840, 380.78
1024, 1024, 3920, 380.12
1024, 1024, 4000, 380.89
