bli_shgemm performance
MC = 384, KC = 1536, NC = 3072
m, n, k, GFLOPS
1024, 1024, 80, 202.36
1024, 1024, 160, 262.51
1024, 1024, 240, 293.26
1024, 1024, 320, 313.76
1024, 1024, 400, 326.49
1024, 1024, 480, 332.23
1024, 1024, 560, 339.51
1024, 1024, 640, 343.88
1024, 1024, 720, 347.64
1024, 1024, 800, 356.13
1024, 1024, 880, 356.19
1024, 1024, 960, 361.47
1024, 1024, 1040, 361.77
1024, 1024, 1120, 364.49
1024, 1024, 1200, 366.42
1024, 1024, 1280, 369.65
1024, 1024, 1360, 369.00
1024, 1024, 1440, 370.42
1024, 1024, 1520, 371.14
1024, 1024, 1600, 353.27
1024, 1024, 1680, 352.35
1024, 1024, 1760, 355.21
1024, 1024, 1840, 355.56
1024, 1024, 1920, 361.94
1024, 1024, 2000, 360.30
1024, 1024, 2080, 363.69
1024, 1024, 2160, 360.70
1024, 1024, 2240, 363.10
1024, 1024, 2320, 362.75
1024, 1024, 2400, 366.05
1024, 1024, 2480, 364.83
1024, 1024, 2560, 367.39
1024, 1024, 2640, 366.94
1024, 1024, 2720, 367.54
1024, 1024, 2800, 366.79
1024, 1024, 2880, 370.42
1024, 1024, 2960, 369.65
1024, 1024, 3040, 370.88
1024, 1024, 3120, 359.09
1024, 1024, 3200, 360.63
1024, 1024, 3280, 360.26
1024, 1024, 3360, 362.74
1024, 1024, 3440, 361.87
1024, 1024, 3520, 367.86
1024, 1024, 3600, 366.63
1024, 1024, 3680, 367.84
1024, 1024, 3760, 365.93
1024, 1024, 3840, 369.68
1024, 1024, 3920, 368.95
1024, 1024, 4000, 370.34
