bli_shgemm performance
MC = 512, KC = 768, NC = 2048
m, n, k, GFLOPS
1024, 1024, 80, 199.93
1024, 1024, 160, 259.83
1024, 1024, 240, 293.97
1024, 1024, 320, 315.33
1024, 1024, 400, 327.59
1024, 1024, 480, 336.46
1024, 1024, 560, 340.57
1024, 1024, 640, 349.63
1024, 1024, 720, 348.29
1024, 1024, 800, 322.81
1024, 1024, 880, 326.17
1024, 1024, 960, 333.72
1024, 1024, 1040, 334.20
1024, 1024, 1120, 341.08
1024, 1024, 1200, 342.92
1024, 1024, 1280, 351.93
1024, 1024, 1360, 349.92
1024, 1024, 1440, 352.07
1024, 1024, 1520, 352.29
1024, 1024, 1600, 342.11
1024, 1024, 1680, 337.88
1024, 1024, 1760, 343.84
1024, 1024, 1840, 342.88
1024, 1024, 1920, 348.94
1024, 1024, 2000, 348.82
1024, 1024, 2080, 354.29
1024, 1024, 2160, 350.70
1024, 1024, 2240, 355.87
1024, 1024, 2320, 340.47
1024, 1024, 2400, 346.42
1024, 1024, 2480, 345.05
1024, 1024, 2560, 351.39
1024, 1024, 2640, 348.10
1024, 1024, 2720, 354.20
1024, 1024, 2800, 350.89
1024, 1024, 2880, 356.26
1024, 1024, 2960, 350.34
1024, 1024, 3040, 354.54
1024, 1024, 3120, 344.31
1024, 1024, 3200, 349.27
1024, 1024, 3280, 348.18
1024, 1024, 3360, 352.91
1024, 1024, 3440, 351.28
1024, 1024, 3520, 356.07
1024, 1024, 3600, 353.42
1024, 1024, 3680, 356.43
1024, 1024, 3760, 354.51
1024, 1024, 3840, 358.18
1024, 1024, 3920, 349.37
1024, 1024, 4000, 352.24
