bli_shgemm performance
MC = 256, KC = 1024, NC = 5120
m, n, k, GFLOPS
1024, 1024, 80, 206.58
1024, 1024, 160, 263.23
1024, 1024, 240, 293.00
1024, 1024, 320, 309.13
1024, 1024, 400, 317.39
1024, 1024, 480, 330.52
1024, 1024, 560, 333.44
1024, 1024, 640, 345.84
1024, 1024, 720, 345.43
1024, 1024, 800, 356.63
1024, 1024, 880, 355.04
1024, 1024, 960, 364.37
1024, 1024, 1040, 333.43
1024, 1024, 1120, 337.53
1024, 1024, 1200, 337.07
1024, 1024, 1280, 344.46
1024, 1024, 1360, 343.30
1024, 1024, 1440, 349.74
1024, 1024, 1520, 348.68
1024, 1024, 1600, 354.51
1024, 1024, 1680, 351.35
1024, 1024, 1760, 357.60
1024, 1024, 1840, 355.74
1024, 1024, 1920, 361.61
1024, 1024, 2000, 359.29
1024, 1024, 2080, 347.07
1024, 1024, 2160, 345.64
1024, 1024, 2240, 350.91
1024, 1024, 2320, 351.82
1024, 1024, 2400, 355.45
1024, 1024, 2480, 355.86
1024, 1024, 2560, 364.28
1024, 1024, 2640, 362.24
1024, 1024, 2720, 364.06
1024, 1024, 2800, 363.09
1024, 1024, 2880, 366.70
1024, 1024, 2960, 364.35
1024, 1024, 3040, 367.14
1024, 1024, 3120, 356.25
1024, 1024, 3200, 359.66
1024, 1024, 3280, 358.04
1024, 1024, 3360, 360.38
1024, 1024, 3440, 359.57
1024, 1024, 3520, 363.35
1024, 1024, 3600, 360.99
1024, 1024, 3680, 363.05
1024, 1024, 3760, 361.41
1024, 1024, 3840, 365.52
1024, 1024, 3920, 364.61
1024, 1024, 4000, 366.37
