bli_shgemm performance
MC = 512, KC = 512, NC = 3072
m, n, k, GFLOPS
1024, 1024, 80, 206.47
1024, 1024, 160, 260.85
1024, 1024, 240, 286.96
1024, 1024, 320, 307.18
1024, 1024, 400, 317.55
1024, 1024, 480, 328.26
1024, 1024, 560, 295.57
1024, 1024, 640, 304.54
1024, 1024, 720, 307.43
1024, 1024, 800, 319.69
1024, 1024, 880, 322.11
1024, 1024, 960, 332.27
1024, 1024, 1040, 311.93
1024, 1024, 1120, 318.35
1024, 1024, 1200, 317.80
1024, 1024, 1280, 327.99
1024, 1024, 1360, 334.11
1024, 1024, 1440, 338.09
1024, 1024, 1520, 338.38
1024, 1024, 1600, 326.75
1024, 1024, 1680, 323.99
1024, 1024, 1760, 330.52
1024, 1024, 1840, 327.93
1024, 1024, 1920, 338.02
1024, 1024, 2000, 335.22
1024, 1024, 2080, 328.34
1024, 1024, 2160, 326.71
1024, 1024, 2240, 334.25
1024, 1024, 2320, 331.50
1024, 1024, 2400, 335.50
1024, 1024, 2480, 328.08
1024, 1024, 2560, 335.39
1024, 1024, 2640, 323.60
1024, 1024, 2720, 326.91
1024, 1024, 2800, 325.95
1024, 1024, 2880, 332.88
1024, 1024, 2960, 330.40
1024, 1024, 3040, 334.77
1024, 1024, 3120, 325.44
1024, 1024, 3200, 329.73
1024, 1024, 3280, 328.66
1024, 1024, 3360, 332.12
1024, 1024, 3440, 331.09
1024, 1024, 3520, 336.79
1024, 1024, 3600, 328.05
1024, 1024, 3680, 330.53
1024, 1024, 3760, 328.80
1024, 1024, 3840, 332.84
1024, 1024, 3920, 332.25
1024, 1024, 4000, 336.15
