bli_shgemm performance
MC = 512, KC = 3072, NC = 3072
m, n, k, GFLOPS
1024, 1024, 80, 203.46
1024, 1024, 160, 264.04
1024, 1024, 240, 293.93
1024, 1024, 320, 319.00
1024, 1024, 400, 327.23
1024, 1024, 480, 336.08
1024, 1024, 560, 341.36
1024, 1024, 640, 343.57
1024, 1024, 720, 343.73
1024, 1024, 800, 354.71
1024, 1024, 880, 356.14
1024, 1024, 960, 361.38
1024, 1024, 1040, 362.90
1024, 1024, 1120, 366.53
1024, 1024, 1200, 366.39
1024, 1024, 1280, 369.71
1024, 1024, 1360, 370.77
1024, 1024, 1440, 377.18
1024, 1024, 1520, 374.86
1024, 1024, 1600, 377.00
1024, 1024, 1680, 375.93
1024, 1024, 1760, 378.35
1024, 1024, 1840, 377.72
1024, 1024, 1920, 380.95
1024, 1024, 2000, 380.47
1024, 1024, 2080, 381.69
1024, 1024, 2160, 381.02
1024, 1024, 2240, 383.89
1024, 1024, 2320, 382.97
1024, 1024, 2400, 383.66
1024, 1024, 2480, 384.08
1024, 1024, 2560, 383.02
1024, 1024, 2640, 382.89
1024, 1024, 2720, 382.98
1024, 1024, 2800, 383.09
1024, 1024, 2880, 382.80
1024, 1024, 2960, 382.84
1024, 1024, 3040, 382.40
1024, 1024, 3120, 368.62
1024, 1024, 3200, 369.34
1024, 1024, 3280, 369.46
1024, 1024, 3360, 371.06
1024, 1024, 3440, 370.94
1024, 1024, 3520, 373.05
1024, 1024, 3600, 372.17
1024, 1024, 3680, 374.35
1024, 1024, 3760, 372.57
1024, 1024, 3840, 374.20
1024, 1024, 3920, 373.55
1024, 1024, 4000, 374.73
