bli_shgemm performance
MC = 384, KC = 1280, NC = 4096
m, n, k, GFLOPS
1024, 1024, 80, 190.47
1024, 1024, 160, 250.01
1024, 1024, 240, 283.72
1024, 1024, 320, 310.80
1024, 1024, 400, 321.74
1024, 1024, 480, 331.46
1024, 1024, 560, 339.56
1024, 1024, 640, 344.64
1024, 1024, 720, 346.28
1024, 1024, 800, 359.48
1024, 1024, 880, 359.95
1024, 1024, 960, 364.86
1024, 1024, 1040, 363.60
1024, 1024, 1120, 365.87
1024, 1024, 1200, 366.28
1024, 1024, 1280, 369.51
1024, 1024, 1360, 345.08
1024, 1024, 1440, 348.22
1024, 1024, 1520, 348.64
1024, 1024, 1600, 356.91
1024, 1024, 1680, 356.78
1024, 1024, 1760, 358.92
1024, 1024, 1840, 357.94
1024, 1024, 1920, 361.80
1024, 1024, 2000, 360.50
1024, 1024, 2080, 363.53
1024, 1024, 2160, 359.51
1024, 1024, 2240, 364.59
1024, 1024, 2320, 363.97
1024, 1024, 2400, 365.04
1024, 1024, 2480, 363.73
1024, 1024, 2560, 367.88
1024, 1024, 2640, 353.76
1024, 1024, 2720, 356.13
1024, 1024, 2800, 355.29
1024, 1024, 2880, 359.36
1024, 1024, 2960, 358.67
1024, 1024, 3040, 359.77
1024, 1024, 3120, 358.63
1024, 1024, 3200, 360.41
1024, 1024, 3280, 358.96
1024, 1024, 3360, 361.74
1024, 1024, 3440, 361.06
1024, 1024, 3520, 364.32
1024, 1024, 3600, 363.29
1024, 1024, 3680, 364.85
1024, 1024, 3760, 364.59
1024, 1024, 3840, 366.98
1024, 1024, 3920, 357.02
1024, 1024, 4000, 359.42
