bli_shgemm performance
MC = 512, KC = 256, NC = 2048
m, n, k, GFLOPS
1024, 1024, 80, 203.38
1024, 1024, 160, 262.61
1024, 1024, 240, 290.30
1024, 1024, 320, 256.35
1024, 1024, 400, 270.10
1024, 1024, 480, 290.22
1024, 1024, 560, 267.86
1024, 1024, 640, 281.54
1024, 1024, 720, 284.17
1024, 1024, 800, 278.56
1024, 1024, 880, 280.65
1024, 1024, 960, 291.88
1024, 1024, 1040, 279.14
1024, 1024, 1120, 289.68
1024, 1024, 1200, 287.56
1024, 1024, 1280, 299.30
1024, 1024, 1360, 284.26
1024, 1024, 1440, 294.27
1024, 1024, 1520, 292.30
1024, 1024, 1600, 293.47
1024, 1024, 1680, 288.64
1024, 1024, 1760, 297.78
1024, 1024, 1840, 286.08
1024, 1024, 1920, 296.19
1024, 1024, 2000, 292.08
1024, 1024, 2080, 292.10
1024, 1024, 2160, 290.57
1024, 1024, 2240, 299.95
1024, 1024, 2320, 288.37
1024, 1024, 2400, 295.83
1024, 1024, 2480, 292.22
1024, 1024, 2560, 299.61
1024, 1024, 2640, 289.44
1024, 1024, 2720, 296.52
1024, 1024, 2800, 294.78
1024, 1024, 2880, 296.78
1024, 1024, 2960, 292.08
1024, 1024, 3040, 298.32
1024, 1024, 3120, 290.72
1024, 1024, 3200, 297.87
1024, 1024, 3280, 293.48
1024, 1024, 3360, 294.61
1024, 1024, 3440, 291.97
1024, 1024, 3520, 299.30
1024, 1024, 3600, 289.70
1024, 1024, 3680, 296.17
1024, 1024, 3760, 293.46
1024, 1024, 3840, 300.25
1024, 1024, 3920, 291.44
1024, 1024, 4000, 297.41
