bli_shgemm performance
MC = 256, KC = 2304, NC = 4096
m, n, k, GFLOPS
1024, 1024, 80, 206.57
1024, 1024, 160, 262.72
1024, 1024, 240, 298.01
1024, 1024, 320, 318.81
1024, 1024, 400, 331.18
1024, 1024, 480, 339.19
1024, 1024, 560, 346.46
1024, 1024, 640, 349.24
1024, 1024, 720, 351.18
1024, 1024, 800, 361.41
1024, 1024, 880, 360.14
1024, 1024, 960, 366.95
1024, 1024, 1040, 366.54
1024, 1024, 1120, 368.36
1024, 1024, 1200, 367.69
1024, 1024, 1280, 369.61
1024, 1024, 1360, 368.53
1024, 1024, 1440, 370.92
1024, 1024, 1520, 371.12
1024, 1024, 1600, 372.42
1024, 1024, 1680, 371.58
1024, 1024, 1760, 372.99
1024, 1024, 1840, 372.79
1024, 1024, 1920, 375.26
1024, 1024, 2000, 374.18
1024, 1024, 2080, 375.89
1024, 1024, 2160, 375.32
1024, 1024, 2240, 377.21
1024, 1024, 2320, 359.53
1024, 1024, 2400, 361.30
1024, 1024, 2480, 360.43
1024, 1024, 2560, 363.70
1024, 1024, 2640, 362.48
1024, 1024, 2720, 365.34
1024, 1024, 2800, 364.04
1024, 1024, 2880, 366.63
1024, 1024, 2960, 364.97
1024, 1024, 3040, 367.26
1024, 1024, 3120, 367.40
1024, 1024, 3200, 368.50
1024, 1024, 3280, 368.19
1024, 1024, 3360, 375.99
1024, 1024, 3440, 374.27
1024, 1024, 3520, 375.57
1024, 1024, 3600, 374.02
1024, 1024, 3680, 375.42
1024, 1024, 3760, 374.93
1024, 1024, 3840, 375.80
1024, 1024, 3920, 374.99
1024, 1024, 4000, 376.34
