bli_shgemm performance
MC = 384, KC = 2304, NC = 3072
m, n, k, GFLOPS
1024, 1024, 80, 202.10
1024, 1024, 160, 259.65
1024, 1024, 240, 289.73
1024, 1024, 320, 311.75
1024, 1024, 400, 326.94
1024, 1024, 480, 338.23
1024, 1024, 560, 346.34
1024, 1024, 640, 347.43
1024, 1024, 720, 350.30
1024, 1024, 800, 356.79
1024, 1024, 880, 358.44
1024, 1024, 960, 363.45
1024, 1024, 1040, 362.59
1024, 1024, 1120, 366.52
1024, 1024, 1200, 365.93
1024, 1024, 1280, 370.03
1024, 1024, 1360, 369.47
1024, 1024, 1440, 371.85
1024, 1024, 1520, 371.86
1024, 1024, 1600, 375.43
1024, 1024, 1680, 374.63
1024, 1024, 1760, 374.24
1024, 1024, 1840, 373.72
1024, 1024, 1920, 375.99
1024, 1024, 2000, 375.68
1024, 1024, 2080, 377.82
1024, 1024, 2160, 377.39
1024, 1024, 2240, 379.38
1024, 1024, 2320, 364.41
1024, 1024, 2400, 366.07
1024, 1024, 2480, 365.24
1024, 1024, 2560, 368.04
1024, 1024, 2640, 367.71
1024, 1024, 2720, 369.90
1024, 1024, 2800, 368.43
1024, 1024, 2880, 371.39
1024, 1024, 2960, 369.61
1024, 1024, 3040, 372.19
1024, 1024, 3120, 371.27
1024, 1024, 3200, 371.08
1024, 1024, 3280, 370.85
1024, 1024, 3360, 372.56
1024, 1024, 3440, 371.63
1024, 1024, 3520, 373.19
1024, 1024, 3600, 372.44
1024, 1024, 3680, 374.00
1024, 1024, 3760, 376.70
1024, 1024, 3840, 377.91
1024, 1024, 3920, 377.40
1024, 1024, 4000, 378.38
