bli_shgemm performance
MC = 640, KC = 3840, NC = 2048
m, n, k, GFLOPS
1024, 1024, 80, 206.69
1024, 1024, 160, 264.64
1024, 1024, 240, 285.10
1024, 1024, 320, 306.28
1024, 1024, 400, 315.08
1024, 1024, 480, 327.52
1024, 1024, 560, 335.31
1024, 1024, 640, 340.38
1024, 1024, 720, 344.78
1024, 1024, 800, 351.97
1024, 1024, 880, 355.97
1024, 1024, 960, 361.34
1024, 1024, 1040, 362.36
1024, 1024, 1120, 363.89
1024, 1024, 1200, 366.87
1024, 1024, 1280, 369.38
1024, 1024, 1360, 369.64
1024, 1024, 1440, 372.10
1024, 1024, 1520, 372.97
1024, 1024, 1600, 376.03
1024, 1024, 1680, 375.28
1024, 1024, 1760, 377.16
1024, 1024, 1840, 377.32
1024, 1024, 1920, 378.48
1024, 1024, 2000, 378.63
1024, 1024, 2080, 379.16
1024, 1024, 2160, 379.44
1024, 1024, 2240, 380.71
1024, 1024, 2320, 379.79
1024, 1024, 2400, 379.94
1024, 1024, 2480, 377.08
1024, 1024, 2560, 375.19
1024, 1024, 2640, 375.10
1024, 1024, 2720, 379.32
1024, 1024, 2800, 376.24
1024, 1024, 2880, 381.98
1024, 1024, 2960, 378.21
1024, 1024, 3040, 375.57
1024, 1024, 3120, 370.36
1024, 1024, 3200, 368.93
1024, 1024, 3280, 364.37
1024, 1024, 3360, 361.75
1024, 1024, 3440, 357.18
1024, 1024, 3520, 353.90
1024, 1024, 3600, 351.82
1024, 1024, 3680, 348.63
1024, 1024, 3760, 345.65
1024, 1024, 3840, 342.00
1024, 1024, 3920, 335.39
1024, 1024, 4000, 336.08
