bli_shgemm performance
MC = 512, KC = 4096, NC = 1024
m, n, k, GFLOPS
1024, 1024, 80, 203.73
1024, 1024, 160, 261.66
1024, 1024, 240, 290.26
1024, 1024, 320, 307.70
1024, 1024, 400, 322.11
1024, 1024, 480, 330.95
1024, 1024, 560, 338.87
1024, 1024, 640, 342.45
1024, 1024, 720, 346.17
1024, 1024, 800, 354.82
1024, 1024, 880, 356.60
1024, 1024, 960, 362.28
1024, 1024, 1040, 364.53
1024, 1024, 1120, 367.56
1024, 1024, 1200, 367.78
1024, 1024, 1280, 371.04
1024, 1024, 1360, 371.37
1024, 1024, 1440, 373.07
1024, 1024, 1520, 373.65
1024, 1024, 1600, 376.24
1024, 1024, 1680, 376.23
1024, 1024, 1760, 377.61
1024, 1024, 1840, 377.76
1024, 1024, 1920, 379.71
1024, 1024, 2000, 379.90
1024, 1024, 2080, 374.08
1024, 1024, 2160, 379.56
1024, 1024, 2240, 381.74
1024, 1024, 2320, 380.51
1024, 1024, 2400, 381.89
1024, 1024, 2480, 381.23
1024, 1024, 2560, 382.13
1024, 1024, 2640, 382.01
1024, 1024, 2720, 382.11
1024, 1024, 2800, 381.92
1024, 1024, 2880, 382.45
1024, 1024, 2960, 380.19
1024, 1024, 3040, 380.49
1024, 1024, 3120, 381.56
1024, 1024, 3200, 382.28
1024, 1024, 3280, 381.07
1024, 1024, 3360, 377.84
1024, 1024, 3440, 371.93
1024, 1024, 3520, 371.91
1024, 1024, 3600, 365.05
1024, 1024, 3680, 361.09
1024, 1024, 3760, 350.69
1024, 1024, 3840, 349.34
1024, 1024, 3920, 345.20
1024, 1024, 4000, 346.51
