bli_shgemm performance
MC = 640, KC = 3584, NC = 3072
m, n, k, GFLOPS
1024, 1024, 80, 206.34
1024, 1024, 160, 258.78
1024, 1024, 240, 286.57
1024, 1024, 320, 309.46
1024, 1024, 400, 320.90
1024, 1024, 480, 330.85
1024, 1024, 560, 336.10
1024, 1024, 640, 342.11
1024, 1024, 720, 345.48
1024, 1024, 800, 354.66
1024, 1024, 880, 355.89
1024, 1024, 960, 362.11
1024, 1024, 1040, 364.50
1024, 1024, 1120, 366.68
1024, 1024, 1200, 367.81
1024, 1024, 1280, 371.05
1024, 1024, 1360, 370.69
1024, 1024, 1440, 373.76
1024, 1024, 1520, 374.19
1024, 1024, 1600, 376.30
1024, 1024, 1680, 375.41
1024, 1024, 1760, 377.16
1024, 1024, 1840, 377.02
1024, 1024, 1920, 378.93
1024, 1024, 2000, 378.26
1024, 1024, 2080, 379.72
1024, 1024, 2160, 379.22
1024, 1024, 2240, 380.95
1024, 1024, 2320, 380.06
1024, 1024, 2400, 379.25
1024, 1024, 2480, 378.97
1024, 1024, 2560, 379.77
1024, 1024, 2640, 376.72
1024, 1024, 2720, 376.72
1024, 1024, 2800, 374.92
1024, 1024, 2880, 373.69
1024, 1024, 2960, 369.77
1024, 1024, 3040, 364.21
1024, 1024, 3120, 362.82
1024, 1024, 3200, 357.89
1024, 1024, 3280, 354.11
1024, 1024, 3360, 351.00
1024, 1024, 3440, 346.14
1024, 1024, 3520, 343.17
1024, 1024, 3600, 329.55
1024, 1024, 3680, 330.64
1024, 1024, 3760, 329.52
1024, 1024, 3840, 333.03
1024, 1024, 3920, 334.75
1024, 1024, 4000, 336.25
