bli_shgemm performance
MC = 384, KC = 1024, NC = 5120
m, n, k, GFLOPS
1024, 1024, 80, 207.36
1024, 1024, 160, 267.87
1024, 1024, 240, 293.47
1024, 1024, 320, 314.63
1024, 1024, 400, 322.60
1024, 1024, 480, 329.96
1024, 1024, 560, 337.55
1024, 1024, 640, 344.24
1024, 1024, 720, 346.89
1024, 1024, 800, 356.05
1024, 1024, 880, 357.46
1024, 1024, 960, 363.11
1024, 1024, 1040, 333.62
1024, 1024, 1120, 337.72
1024, 1024, 1200, 337.70
1024, 1024, 1280, 344.61
1024, 1024, 1360, 344.15
1024, 1024, 1440, 349.89
1024, 1024, 1520, 347.58
1024, 1024, 1600, 352.83
1024, 1024, 1680, 350.65
1024, 1024, 1760, 355.43
1024, 1024, 1840, 356.16
1024, 1024, 1920, 361.54
1024, 1024, 2000, 356.95
1024, 1024, 2080, 345.31
1024, 1024, 2160, 344.01
1024, 1024, 2240, 351.42
1024, 1024, 2320, 349.15
1024, 1024, 2400, 353.70
1024, 1024, 2480, 353.25
1024, 1024, 2560, 357.39
1024, 1024, 2640, 355.39
1024, 1024, 2720, 354.50
1024, 1024, 2800, 354.93
1024, 1024, 2880, 358.39
1024, 1024, 2960, 356.94
1024, 1024, 3040, 360.05
1024, 1024, 3120, 348.82
1024, 1024, 3200, 351.22
1024, 1024, 3280, 349.99
1024, 1024, 3360, 352.39
1024, 1024, 3440, 352.01
1024, 1024, 3520, 356.03
1024, 1024, 3600, 354.16
1024, 1024, 3680, 356.24
1024, 1024, 3760, 354.67
1024, 1024, 3840, 358.31
1024, 1024, 3920, 357.99
1024, 1024, 4000, 359.68
