bli_shgemm performance
MC = 640, KC = 256, NC = 2048
m, n, k, GFLOPS
1024, 1024, 80, 143.94
1024, 1024, 160, 199.01
1024, 1024, 240, 219.40
1024, 1024, 320, 182.58
1024, 1024, 400, 189.85
1024, 1024, 480, 216.07
1024, 1024, 560, 266.71
1024, 1024, 640, 282.02
1024, 1024, 720, 286.15
1024, 1024, 800, 277.90
1024, 1024, 880, 281.55
1024, 1024, 960, 292.77
1024, 1024, 1040, 276.86
1024, 1024, 1120, 269.62
1024, 1024, 1200, 258.65
1024, 1024, 1280, 276.87
1024, 1024, 1360, 254.21
1024, 1024, 1440, 269.02
1024, 1024, 1520, 264.56
1024, 1024, 1600, 264.30
1024, 1024, 1680, 256.28
1024, 1024, 1760, 267.68
1024, 1024, 1840, 252.63
1024, 1024, 1920, 265.61
1024, 1024, 2000, 259.99
1024, 1024, 2080, 258.70
1024, 1024, 2160, 255.34
1024, 1024, 2240, 268.57
1024, 1024, 2320, 251.97
1024, 1024, 2400, 263.76
1024, 1024, 2480, 257.47
1024, 1024, 2560, 272.17
1024, 1024, 2640, 254.35
1024, 1024, 2720, 267.55
1024, 1024, 2800, 258.80
1024, 1024, 2880, 266.44
1024, 1024, 2960, 254.15
1024, 1024, 3040, 266.61
1024, 1024, 3120, 251.48
1024, 1024, 3200, 268.58
1024, 1024, 3280, 262.48
1024, 1024, 3360, 266.07
1024, 1024, 3440, 258.27
1024, 1024, 3520, 272.00
1024, 1024, 3600, 251.71
1024, 1024, 3680, 263.63
1024, 1024, 3760, 255.10
1024, 1024, 3840, 271.85
1024, 1024, 3920, 255.67
1024, 1024, 4000, 269.39
