bli_shgemm performance
MC = 640, KC = 768, NC = 1024
m, n, k, GFLOPS
1024, 1024, 80, 203.74
1024, 1024, 160, 262.80
1024, 1024, 240, 295.27
1024, 1024, 320, 311.63
1024, 1024, 400, 322.80
1024, 1024, 480, 332.58
1024, 1024, 560, 331.66
1024, 1024, 640, 339.30
1024, 1024, 720, 340.80
1024, 1024, 800, 318.13
1024, 1024, 880, 320.47
1024, 1024, 960, 329.52
1024, 1024, 1040, 328.08
1024, 1024, 1120, 335.92
1024, 1024, 1200, 337.08
1024, 1024, 1280, 346.45
1024, 1024, 1360, 344.52
1024, 1024, 1440, 349.52
1024, 1024, 1520, 349.69
1024, 1024, 1600, 340.82
1024, 1024, 1680, 335.96
1024, 1024, 1760, 342.68
1024, 1024, 1840, 341.21
1024, 1024, 1920, 348.03
1024, 1024, 2000, 344.52
1024, 1024, 2080, 350.68
1024, 1024, 2160, 348.43
1024, 1024, 2240, 353.15
1024, 1024, 2320, 339.35
1024, 1024, 2400, 343.89
1024, 1024, 2480, 342.34
1024, 1024, 2560, 344.36
1024, 1024, 2640, 342.47
1024, 1024, 2720, 347.33
1024, 1024, 2800, 345.86
1024, 1024, 2880, 351.50
1024, 1024, 2960, 348.35
1024, 1024, 3040, 352.09
1024, 1024, 3120, 341.65
1024, 1024, 3200, 345.34
1024, 1024, 3280, 344.83
1024, 1024, 3360, 347.91
1024, 1024, 3440, 347.18
1024, 1024, 3520, 351.51
1024, 1024, 3600, 349.41
1024, 1024, 3680, 352.60
1024, 1024, 3760, 350.42
1024, 1024, 3840, 354.48
1024, 1024, 3920, 346.41
1024, 1024, 4000, 348.09
