bli_shgemm performance
MC = 512, KC = 2304, NC = 5120
m, n, k, GFLOPS
1024, 1024, 80, 205.35
1024, 1024, 160, 266.63
1024, 1024, 240, 298.47
1024, 1024, 320, 318.01
1024, 1024, 400, 320.84
1024, 1024, 480, 331.59
1024, 1024, 560, 338.13
1024, 1024, 640, 343.72
1024, 1024, 720, 347.33
1024, 1024, 800, 353.94
1024, 1024, 880, 356.03
1024, 1024, 960, 362.49
1024, 1024, 1040, 328.02
1024, 1024, 1120, 329.97
1024, 1024, 1200, 351.34
1024, 1024, 1280, 353.54
1024, 1024, 1360, 349.31
1024, 1024, 1440, 354.00
1024, 1024, 1520, 351.41
1024, 1024, 1600, 353.76
1024, 1024, 1680, 350.81
1024, 1024, 1760, 355.53
1024, 1024, 1840, 351.62
1024, 1024, 1920, 357.83
1024, 1024, 2000, 354.30
1024, 1024, 2080, 357.11
1024, 1024, 2160, 354.40
1024, 1024, 2240, 359.18
1024, 1024, 2320, 333.15
1024, 1024, 2400, 338.45
1024, 1024, 2480, 338.50
1024, 1024, 2560, 346.20
1024, 1024, 2640, 339.56
1024, 1024, 2720, 345.12
1024, 1024, 2800, 340.62
1024, 1024, 2880, 348.37
1024, 1024, 2960, 342.56
1024, 1024, 3040, 346.44
1024, 1024, 3120, 347.01
1024, 1024, 3200, 338.60
1024, 1024, 3280, 336.35
1024, 1024, 3360, 340.52
1024, 1024, 3440, 339.22
1024, 1024, 3520, 345.76
1024, 1024, 3600, 341.33
1024, 1024, 3680, 345.53
1024, 1024, 3760, 343.45
1024, 1024, 3840, 347.35
1024, 1024, 3920, 343.94
1024, 1024, 4000, 346.61
