bli_shgemm performance
MC = 384, KC = 1024, NC = 2048
m, n, k, GFLOPS
1024, 1024, 80, 205.91
1024, 1024, 160, 259.35
1024, 1024, 240, 289.95
1024, 1024, 320, 314.58
1024, 1024, 400, 320.16
1024, 1024, 480, 332.64
1024, 1024, 560, 335.88
1024, 1024, 640, 344.22
1024, 1024, 720, 344.41
1024, 1024, 800, 356.33
1024, 1024, 880, 355.79
1024, 1024, 960, 362.37
1024, 1024, 1040, 332.52
1024, 1024, 1120, 337.87
1024, 1024, 1200, 337.68
1024, 1024, 1280, 345.01
1024, 1024, 1360, 344.75
1024, 1024, 1440, 349.96
1024, 1024, 1520, 348.59
1024, 1024, 1600, 353.89
1024, 1024, 1680, 350.82
1024, 1024, 1760, 359.73
1024, 1024, 1840, 357.80
1024, 1024, 1920, 363.24
1024, 1024, 2000, 360.87
1024, 1024, 2080, 345.61
1024, 1024, 2160, 343.37
1024, 1024, 2240, 348.67
1024, 1024, 2320, 346.61
1024, 1024, 2400, 351.21
1024, 1024, 2480, 353.48
1024, 1024, 2560, 358.50
1024, 1024, 2640, 356.77
1024, 1024, 2720, 358.80
1024, 1024, 2800, 358.62
1024, 1024, 2880, 363.32
1024, 1024, 2960, 361.77
1024, 1024, 3040, 365.05
1024, 1024, 3120, 352.65
1024, 1024, 3200, 355.89
1024, 1024, 3280, 354.52
1024, 1024, 3360, 357.44
1024, 1024, 3440, 357.15
1024, 1024, 3520, 360.95
1024, 1024, 3600, 358.71
1024, 1024, 3680, 360.96
1024, 1024, 3760, 360.45
1024, 1024, 3840, 364.12
1024, 1024, 3920, 362.25
1024, 1024, 4000, 364.56
