bli_shgemm performance
MC = 640, KC = 256, NC = 4096
m, n, k, GFLOPS
1024, 1024, 80, 206.53
1024, 1024, 160, 260.66
1024, 1024, 240, 286.31
1024, 1024, 320, 252.96
1024, 1024, 400, 264.55
1024, 1024, 480, 284.62
1024, 1024, 560, 261.15
1024, 1024, 640, 274.07
1024, 1024, 720, 279.58
1024, 1024, 800, 268.58
1024, 1024, 880, 276.12
1024, 1024, 960, 287.26
1024, 1024, 1040, 275.82
1024, 1024, 1120, 285.55
1024, 1024, 1200, 283.92
1024, 1024, 1280, 293.43
1024, 1024, 1360, 277.70
1024, 1024, 1440, 288.41
1024, 1024, 1520, 288.59
1024, 1024, 1600, 285.94
1024, 1024, 1680, 281.46
1024, 1024, 1760, 290.90
1024, 1024, 1840, 281.90
1024, 1024, 1920, 290.84
1024, 1024, 2000, 288.17
1024, 1024, 2080, 287.33
1024, 1024, 2160, 286.91
1024, 1024, 2240, 294.32
1024, 1024, 2320, 283.20
1024, 1024, 2400, 289.52
1024, 1024, 2480, 289.42
1024, 1024, 2560, 295.51
1024, 1024, 2640, 285.80
1024, 1024, 2720, 291.65
1024, 1024, 2800, 291.03
1024, 1024, 2880, 291.27
1024, 1024, 2960, 287.63
1024, 1024, 3040, 293.67
1024, 1024, 3120, 286.68
1024, 1024, 3200, 285.33
1024, 1024, 3280, 282.25
1024, 1024, 3360, 283.07
1024, 1024, 3440, 281.04
1024, 1024, 3520, 287.61
1024, 1024, 3600, 279.40
1024, 1024, 3680, 285.49
1024, 1024, 3760, 282.99
1024, 1024, 3840, 289.37
1024, 1024, 3920, 280.94
1024, 1024, 4000, 286.40
