bli_shgemm performance
MC = 384, KC = 1280, NC = 1024
m, n, k, GFLOPS
1024, 1024, 80, 198.88
1024, 1024, 160, 255.32
1024, 1024, 240, 289.61
1024, 1024, 320, 307.19
1024, 1024, 400, 321.59
1024, 1024, 480, 329.77
1024, 1024, 560, 334.92
1024, 1024, 640, 344.01
1024, 1024, 720, 344.31
1024, 1024, 800, 354.32
1024, 1024, 880, 353.58
1024, 1024, 960, 361.78
1024, 1024, 1040, 360.50
1024, 1024, 1120, 364.94
1024, 1024, 1200, 365.84
1024, 1024, 1280, 368.67
1024, 1024, 1360, 343.51
1024, 1024, 1440, 346.68
1024, 1024, 1520, 347.22
1024, 1024, 1600, 353.17
1024, 1024, 1680, 352.39
1024, 1024, 1760, 355.33
1024, 1024, 1840, 358.62
1024, 1024, 1920, 363.13
1024, 1024, 2000, 360.32
1024, 1024, 2080, 365.48
1024, 1024, 2160, 362.91
1024, 1024, 2240, 368.12
1024, 1024, 2320, 365.49
1024, 1024, 2400, 368.34
1024, 1024, 2480, 367.20
1024, 1024, 2560, 370.55
1024, 1024, 2640, 357.18
1024, 1024, 2720, 359.41
1024, 1024, 2800, 358.68
1024, 1024, 2880, 362.95
1024, 1024, 2960, 361.80
1024, 1024, 3040, 363.27
1024, 1024, 3120, 375.46
1024, 1024, 3200, 375.47
1024, 1024, 3280, 375.90
1024, 1024, 3360, 377.30
1024, 1024, 3440, 377.67
1024, 1024, 3520, 378.67
1024, 1024, 3600, 378.80
1024, 1024, 3680, 379.25
1024, 1024, 3760, 379.91
1024, 1024, 3840, 380.29
1024, 1024, 3920, 372.17
1024, 1024, 4000, 372.70
