bli_shgemm performance
MC = 256, KC = 3584, NC = 5120
m, n, k, GFLOPS
1024, 1024, 80, 200.87
1024, 1024, 160, 256.27
1024, 1024, 240, 285.40
1024, 1024, 320, 303.13
1024, 1024, 400, 311.00
1024, 1024, 480, 324.74
1024, 1024, 560, 328.96
1024, 1024, 640, 338.93
1024, 1024, 720, 338.01
1024, 1024, 800, 349.21
1024, 1024, 880, 349.44
1024, 1024, 960, 354.38
1024, 1024, 1040, 352.31
1024, 1024, 1120, 356.08
1024, 1024, 1200, 354.51
1024, 1024, 1280, 356.67
1024, 1024, 1360, 355.60
1024, 1024, 1440, 359.16
1024, 1024, 1520, 356.39
1024, 1024, 1600, 361.16
1024, 1024, 1680, 358.74
1024, 1024, 1760, 360.99
1024, 1024, 1840, 360.24
1024, 1024, 1920, 363.12
1024, 1024, 2000, 362.24
1024, 1024, 2080, 364.17
1024, 1024, 2160, 363.03
1024, 1024, 2240, 365.02
1024, 1024, 2320, 364.36
1024, 1024, 2400, 365.24
1024, 1024, 2480, 365.28
1024, 1024, 2560, 366.54
1024, 1024, 2640, 365.87
1024, 1024, 2720, 367.23
1024, 1024, 2800, 367.27
1024, 1024, 2880, 368.02
1024, 1024, 2960, 367.99
1024, 1024, 3040, 368.61
1024, 1024, 3120, 368.14
1024, 1024, 3200, 368.82
1024, 1024, 3280, 368.20
1024, 1024, 3360, 368.78
1024, 1024, 3440, 368.50
1024, 1024, 3520, 369.02
1024, 1024, 3600, 359.10
1024, 1024, 3680, 360.97
1024, 1024, 3760, 360.30
1024, 1024, 3840, 362.15
1024, 1024, 3920, 362.33
1024, 1024, 4000, 363.57
