bli_shgemm performance
MC = 256, KC = 1792, NC = 5120
m, n, k, GFLOPS
1024, 1024, 80, 204.57
1024, 1024, 160, 263.61
1024, 1024, 240, 295.44
1024, 1024, 320, 316.77
1024, 1024, 400, 327.35
1024, 1024, 480, 337.06
1024, 1024, 560, 336.65
1024, 1024, 640, 348.89
1024, 1024, 720, 346.96
1024, 1024, 800, 358.13
1024, 1024, 880, 355.29
1024, 1024, 960, 364.74
1024, 1024, 1040, 362.24
1024, 1024, 1120, 368.39
1024, 1024, 1200, 366.13
1024, 1024, 1280, 370.36
1024, 1024, 1360, 368.36
1024, 1024, 1440, 371.37
1024, 1024, 1520, 369.73
1024, 1024, 1600, 372.70
1024, 1024, 1680, 370.43
1024, 1024, 1760, 372.93
1024, 1024, 1840, 356.46
1024, 1024, 1920, 358.51
1024, 1024, 2000, 357.81
1024, 1024, 2080, 361.38
1024, 1024, 2160, 361.35
1024, 1024, 2240, 364.81
1024, 1024, 2320, 362.45
1024, 1024, 2400, 365.20
1024, 1024, 2480, 363.23
1024, 1024, 2560, 368.06
1024, 1024, 2640, 365.99
1024, 1024, 2720, 367.43
1024, 1024, 2800, 368.02
1024, 1024, 2880, 369.59
1024, 1024, 2960, 369.01
1024, 1024, 3040, 375.75
1024, 1024, 3120, 374.98
1024, 1024, 3200, 376.77
1024, 1024, 3280, 375.71
1024, 1024, 3360, 376.34
1024, 1024, 3440, 375.62
1024, 1024, 3520, 377.14
1024, 1024, 3600, 367.23
1024, 1024, 3680, 368.70
1024, 1024, 3760, 368.59
1024, 1024, 3840, 370.10
1024, 1024, 3920, 369.86
1024, 1024, 4000, 371.64
