bli_shgemm performance
MC = 256, KC = 1024, NC = 4096
m, n, k, GFLOPS
1024, 1024, 80, 206.02
1024, 1024, 160, 262.84
1024, 1024, 240, 290.12
1024, 1024, 320, 311.48
1024, 1024, 400, 322.48
1024, 1024, 480, 331.36
1024, 1024, 560, 340.42
1024, 1024, 640, 346.20
1024, 1024, 720, 347.90
1024, 1024, 800, 357.24
1024, 1024, 880, 355.88
1024, 1024, 960, 364.38
1024, 1024, 1040, 334.32
1024, 1024, 1120, 336.95
1024, 1024, 1200, 338.23
1024, 1024, 1280, 344.21
1024, 1024, 1360, 344.50
1024, 1024, 1440, 349.89
1024, 1024, 1520, 348.64
1024, 1024, 1600, 353.91
1024, 1024, 1680, 351.00
1024, 1024, 1760, 356.45
1024, 1024, 1840, 352.92
1024, 1024, 1920, 360.54
1024, 1024, 2000, 358.27
1024, 1024, 2080, 343.95
1024, 1024, 2160, 342.81
1024, 1024, 2240, 347.67
1024, 1024, 2320, 344.57
1024, 1024, 2400, 349.35
1024, 1024, 2480, 349.63
1024, 1024, 2560, 354.11
1024, 1024, 2640, 352.27
1024, 1024, 2720, 353.77
1024, 1024, 2800, 354.88
1024, 1024, 2880, 357.74
1024, 1024, 2960, 356.10
1024, 1024, 3040, 359.10
1024, 1024, 3120, 347.51
1024, 1024, 3200, 351.66
1024, 1024, 3280, 350.26
1024, 1024, 3360, 351.95
1024, 1024, 3440, 351.51
1024, 1024, 3520, 355.35
1024, 1024, 3600, 356.31
1024, 1024, 3680, 358.31
1024, 1024, 3760, 355.75
1024, 1024, 3840, 360.64
1024, 1024, 3920, 360.20
1024, 1024, 4000, 369.23
