bli_shgemm performance
MC = 384, KC = 1792, NC = 4096
m, n, k, GFLOPS
1024, 1024, 80, 214.47
1024, 1024, 160, 268.58
1024, 1024, 240, 289.58
1024, 1024, 320, 311.34
1024, 1024, 400, 321.68
1024, 1024, 480, 331.11
1024, 1024, 560, 338.61
1024, 1024, 640, 345.21
1024, 1024, 720, 349.98
1024, 1024, 800, 356.94
1024, 1024, 880, 355.12
1024, 1024, 960, 364.54
1024, 1024, 1040, 362.44
1024, 1024, 1120, 366.16
1024, 1024, 1200, 364.72
1024, 1024, 1280, 369.87
1024, 1024, 1360, 368.13
1024, 1024, 1440, 371.10
1024, 1024, 1520, 369.63
1024, 1024, 1600, 372.76
1024, 1024, 1680, 372.27
1024, 1024, 1760, 374.32
1024, 1024, 1840, 354.91
1024, 1024, 1920, 358.66
1024, 1024, 2000, 357.54
1024, 1024, 2080, 360.40
1024, 1024, 2160, 359.69
1024, 1024, 2240, 364.20
1024, 1024, 2320, 361.76
1024, 1024, 2400, 364.52
1024, 1024, 2480, 362.62
1024, 1024, 2560, 367.34
1024, 1024, 2640, 366.10
1024, 1024, 2720, 368.91
1024, 1024, 2800, 366.05
1024, 1024, 2880, 368.49
1024, 1024, 2960, 368.04
1024, 1024, 3040, 369.36
1024, 1024, 3120, 371.12
1024, 1024, 3200, 372.96
1024, 1024, 3280, 372.45
1024, 1024, 3360, 373.44
1024, 1024, 3440, 377.90
1024, 1024, 3520, 379.91
1024, 1024, 3600, 369.88
1024, 1024, 3680, 371.60
1024, 1024, 3760, 370.09
1024, 1024, 3840, 367.90
1024, 1024, 3920, 368.34
1024, 1024, 4000, 369.09
