bli_shgemm performance
MC = 640, KC = 1280, NC = 4096
m, n, k, GFLOPS
1024, 1024, 80, 200.51
1024, 1024, 160, 262.34
1024, 1024, 240, 294.83
1024, 1024, 320, 315.51
1024, 1024, 400, 328.42
1024, 1024, 480, 337.52
1024, 1024, 560, 345.50
1024, 1024, 640, 351.06
1024, 1024, 720, 352.35
1024, 1024, 800, 361.63
1024, 1024, 880, 357.58
1024, 1024, 960, 361.34
1024, 1024, 1040, 361.38
1024, 1024, 1120, 363.99
1024, 1024, 1200, 365.78
1024, 1024, 1280, 370.50
1024, 1024, 1360, 342.79
1024, 1024, 1440, 349.01
1024, 1024, 1520, 347.87
1024, 1024, 1600, 353.99
1024, 1024, 1680, 347.54
1024, 1024, 1760, 354.15
1024, 1024, 1840, 355.54
1024, 1024, 1920, 356.91
1024, 1024, 2000, 357.11
1024, 1024, 2080, 363.00
1024, 1024, 2160, 362.34
1024, 1024, 2240, 366.18
1024, 1024, 2320, 364.74
1024, 1024, 2400, 363.10
1024, 1024, 2480, 366.00
1024, 1024, 2560, 368.38
1024, 1024, 2640, 354.04
1024, 1024, 2720, 356.84
1024, 1024, 2800, 356.13
1024, 1024, 2880, 360.01
1024, 1024, 2960, 358.63
1024, 1024, 3040, 360.53
1024, 1024, 3120, 360.49
1024, 1024, 3200, 362.75
1024, 1024, 3280, 361.38
1024, 1024, 3360, 365.97
1024, 1024, 3440, 365.01
1024, 1024, 3520, 374.03
1024, 1024, 3600, 372.55
1024, 1024, 3680, 373.99
1024, 1024, 3760, 372.80
1024, 1024, 3840, 375.54
1024, 1024, 3920, 366.53
1024, 1024, 4000, 367.76
