bli_shgemm performance
MC = 256, KC = 4096, NC = 1024
m, n, k, GFLOPS
1024, 1024, 80, 207.78
1024, 1024, 160, 266.28
1024, 1024, 240, 298.94
1024, 1024, 320, 320.24
1024, 1024, 400, 330.07
1024, 1024, 480, 340.06
1024, 1024, 560, 346.52
1024, 1024, 640, 352.98
1024, 1024, 720, 355.86
1024, 1024, 800, 364.60
1024, 1024, 880, 365.01
1024, 1024, 960, 369.85
1024, 1024, 1040, 360.22
1024, 1024, 1120, 365.85
1024, 1024, 1200, 362.49
1024, 1024, 1280, 367.39
1024, 1024, 1360, 366.39
1024, 1024, 1440, 367.39
1024, 1024, 1520, 367.69
1024, 1024, 1600, 371.89
1024, 1024, 1680, 369.59
1024, 1024, 1760, 373.50
1024, 1024, 1840, 372.62
1024, 1024, 1920, 374.93
1024, 1024, 2000, 372.85
1024, 1024, 2080, 374.42
1024, 1024, 2160, 374.30
1024, 1024, 2240, 376.05
1024, 1024, 2320, 375.14
1024, 1024, 2400, 376.62
1024, 1024, 2480, 375.39
1024, 1024, 2560, 376.72
1024, 1024, 2640, 381.16
1024, 1024, 2720, 381.31
1024, 1024, 2800, 380.83
1024, 1024, 2880, 381.66
1024, 1024, 2960, 381.20
1024, 1024, 3040, 381.63
1024, 1024, 3120, 378.06
1024, 1024, 3200, 379.61
1024, 1024, 3280, 379.52
1024, 1024, 3360, 379.01
1024, 1024, 3440, 379.22
1024, 1024, 3520, 380.23
1024, 1024, 3600, 379.33
1024, 1024, 3680, 380.09
1024, 1024, 3760, 380.39
1024, 1024, 3840, 379.89
1024, 1024, 3920, 380.04
1024, 1024, 4000, 380.69
