bli_shgemm performance
MC = 512, KC = 768, NC = 3072
m, n, k, GFLOPS
1024, 1024, 80, 205.22
1024, 1024, 160, 267.02
1024, 1024, 240, 297.35
1024, 1024, 320, 317.86
1024, 1024, 400, 324.49
1024, 1024, 480, 334.89
1024, 1024, 560, 340.24
1024, 1024, 640, 347.99
1024, 1024, 720, 349.24
1024, 1024, 800, 325.44
1024, 1024, 880, 328.63
1024, 1024, 960, 335.72
1024, 1024, 1040, 335.19
1024, 1024, 1120, 342.08
1024, 1024, 1200, 343.12
1024, 1024, 1280, 349.56
1024, 1024, 1360, 348.24
1024, 1024, 1440, 350.59
1024, 1024, 1520, 351.97
1024, 1024, 1600, 340.14
1024, 1024, 1680, 338.21
1024, 1024, 1760, 343.41
1024, 1024, 1840, 343.46
1024, 1024, 1920, 348.44
1024, 1024, 2000, 344.35
1024, 1024, 2080, 350.75
1024, 1024, 2160, 348.68
1024, 1024, 2240, 354.31
1024, 1024, 2320, 340.26
1024, 1024, 2400, 344.27
1024, 1024, 2480, 343.37
1024, 1024, 2560, 347.28
1024, 1024, 2640, 347.09
1024, 1024, 2720, 355.11
1024, 1024, 2800, 354.24
1024, 1024, 2880, 359.27
1024, 1024, 2960, 356.85
1024, 1024, 3040, 360.36
1024, 1024, 3120, 349.80
1024, 1024, 3200, 353.39
1024, 1024, 3280, 351.83
1024, 1024, 3360, 355.09
1024, 1024, 3440, 353.95
1024, 1024, 3520, 358.33
1024, 1024, 3600, 356.54
1024, 1024, 3680, 359.21
1024, 1024, 3760, 357.29
1024, 1024, 3840, 360.78
1024, 1024, 3920, 352.38
1024, 1024, 4000, 354.45
