bli_shgemm performance
MC = 384, KC = 3072, NC = 5120
m, n, k, GFLOPS
1024, 1024, 80, 202.00
1024, 1024, 160, 265.34
1024, 1024, 240, 299.61
1024, 1024, 320, 320.08
1024, 1024, 400, 330.97
1024, 1024, 480, 338.04
1024, 1024, 560, 339.64
1024, 1024, 640, 345.60
1024, 1024, 720, 348.20
1024, 1024, 800, 357.20
1024, 1024, 880, 358.88
1024, 1024, 960, 364.87
1024, 1024, 1040, 365.79
1024, 1024, 1120, 367.26
1024, 1024, 1200, 366.46
1024, 1024, 1280, 369.73
1024, 1024, 1360, 368.96
1024, 1024, 1440, 371.38
1024, 1024, 1520, 371.85
1024, 1024, 1600, 375.18
1024, 1024, 1680, 374.45
1024, 1024, 1760, 375.85
1024, 1024, 1840, 375.42
1024, 1024, 1920, 378.04
1024, 1024, 2000, 377.34
1024, 1024, 2080, 378.11
1024, 1024, 2160, 377.85
1024, 1024, 2240, 380.43
1024, 1024, 2320, 379.46
1024, 1024, 2400, 381.01
1024, 1024, 2480, 379.88
1024, 1024, 2560, 381.42
1024, 1024, 2640, 380.95
1024, 1024, 2720, 380.63
1024, 1024, 2800, 380.00
1024, 1024, 2880, 381.07
1024, 1024, 2960, 381.16
1024, 1024, 3040, 381.14
1024, 1024, 3120, 369.24
1024, 1024, 3200, 369.99
1024, 1024, 3280, 369.96
1024, 1024, 3360, 371.53
1024, 1024, 3440, 371.25
1024, 1024, 3520, 373.10
1024, 1024, 3600, 371.51
1024, 1024, 3680, 374.07
1024, 1024, 3760, 372.58
1024, 1024, 3840, 374.76
1024, 1024, 3920, 374.39
1024, 1024, 4000, 375.30
