bli_shgemm performance
MC = 512, KC = 3584, NC = 5120
m, n, k, GFLOPS
1024, 1024, 80, 195.91
1024, 1024, 160, 249.22
1024, 1024, 240, 283.97
1024, 1024, 320, 302.57
1024, 1024, 400, 311.59
1024, 1024, 480, 323.33
1024, 1024, 560, 325.48
1024, 1024, 640, 333.21
1024, 1024, 720, 333.53
1024, 1024, 800, 344.90
1024, 1024, 880, 343.88
1024, 1024, 960, 351.44
1024, 1024, 1040, 350.55
1024, 1024, 1120, 354.34
1024, 1024, 1200, 354.62
1024, 1024, 1280, 359.13
1024, 1024, 1360, 358.42
1024, 1024, 1440, 361.00
1024, 1024, 1520, 360.44
1024, 1024, 1600, 364.22
1024, 1024, 1680, 364.14
1024, 1024, 1760, 366.49
1024, 1024, 1840, 366.23
1024, 1024, 1920, 368.60
1024, 1024, 2000, 367.81
1024, 1024, 2080, 370.13
1024, 1024, 2160, 369.75
1024, 1024, 2240, 371.20
1024, 1024, 2320, 370.66
1024, 1024, 2400, 371.03
1024, 1024, 2480, 370.63
1024, 1024, 2560, 371.49
1024, 1024, 2640, 370.80
1024, 1024, 2720, 371.75
1024, 1024, 2800, 370.65
1024, 1024, 2880, 371.84
1024, 1024, 2960, 369.82
1024, 1024, 3040, 357.55
1024, 1024, 3120, 357.03
1024, 1024, 3200, 355.81
1024, 1024, 3280, 344.99
1024, 1024, 3360, 341.28
1024, 1024, 3440, 342.69
1024, 1024, 3520, 339.36
1024, 1024, 3600, 336.76
1024, 1024, 3680, 350.94
1024, 1024, 3760, 351.22
1024, 1024, 3840, 346.95
1024, 1024, 3920, 353.02
1024, 1024, 4000, 348.31
