bli_shgemm performance
MC = 256, KC = 3840, NC = 3072
m, n, k, GFLOPS
1024, 1024, 80, 208.41
1024, 1024, 160, 267.42
1024, 1024, 240, 294.40
1024, 1024, 320, 316.77
1024, 1024, 400, 328.34
1024, 1024, 480, 338.80
1024, 1024, 560, 346.70
1024, 1024, 640, 353.45
1024, 1024, 720, 355.29
1024, 1024, 800, 363.43
1024, 1024, 880, 364.42
1024, 1024, 960, 369.60
1024, 1024, 1040, 366.45
1024, 1024, 1120, 366.95
1024, 1024, 1200, 367.70
1024, 1024, 1280, 370.38
1024, 1024, 1360, 368.00
1024, 1024, 1440, 371.12
1024, 1024, 1520, 370.24
1024, 1024, 1600, 373.91
1024, 1024, 1680, 372.39
1024, 1024, 1760, 374.89
1024, 1024, 1840, 373.86
1024, 1024, 1920, 375.80
1024, 1024, 2000, 374.53
1024, 1024, 2080, 376.49
1024, 1024, 2160, 375.60
1024, 1024, 2240, 377.45
1024, 1024, 2320, 376.67
1024, 1024, 2400, 377.59
1024, 1024, 2480, 377.24
1024, 1024, 2560, 378.68
1024, 1024, 2640, 377.89
1024, 1024, 2720, 378.99
1024, 1024, 2800, 378.36
1024, 1024, 2880, 379.64
1024, 1024, 2960, 379.01
1024, 1024, 3040, 380.16
1024, 1024, 3120, 379.86
1024, 1024, 3200, 381.18
1024, 1024, 3280, 380.48
1024, 1024, 3360, 381.09
1024, 1024, 3440, 381.25
1024, 1024, 3520, 379.23
1024, 1024, 3600, 379.06
1024, 1024, 3680, 379.33
1024, 1024, 3760, 379.53
1024, 1024, 3840, 379.52
1024, 1024, 3920, 370.23
1024, 1024, 4000, 370.48
