bli_shgemm performance
MC = 640, KC = 3840, NC = 1024
m, n, k, GFLOPS
1024, 1024, 80, 207.05
1024, 1024, 160, 266.48
1024, 1024, 240, 283.38
1024, 1024, 320, 304.96
1024, 1024, 400, 311.85
1024, 1024, 480, 326.21
1024, 1024, 560, 328.65
1024, 1024, 640, 340.27
1024, 1024, 720, 340.14
1024, 1024, 800, 351.67
1024, 1024, 880, 352.60
1024, 1024, 960, 360.83
1024, 1024, 1040, 360.58
1024, 1024, 1120, 363.67
1024, 1024, 1200, 364.79
1024, 1024, 1280, 369.57
1024, 1024, 1360, 370.56
1024, 1024, 1440, 372.01
1024, 1024, 1520, 372.72
1024, 1024, 1600, 376.18
1024, 1024, 1680, 375.25
1024, 1024, 1760, 376.88
1024, 1024, 1840, 376.99
1024, 1024, 1920, 378.92
1024, 1024, 2000, 378.30
1024, 1024, 2080, 378.99
1024, 1024, 2160, 378.43
1024, 1024, 2240, 378.05
1024, 1024, 2320, 374.74
1024, 1024, 2400, 373.55
1024, 1024, 2480, 371.93
1024, 1024, 2560, 378.79
1024, 1024, 2640, 379.12
1024, 1024, 2720, 379.49
1024, 1024, 2800, 378.06
1024, 1024, 2880, 378.13
1024, 1024, 2960, 374.68
1024, 1024, 3040, 372.79
1024, 1024, 3120, 367.66
1024, 1024, 3200, 335.45
1024, 1024, 3280, 337.16
1024, 1024, 3360, 335.32
1024, 1024, 3440, 333.21
1024, 1024, 3520, 326.83
1024, 1024, 3600, 329.46
1024, 1024, 3680, 323.30
1024, 1024, 3760, 321.75
1024, 1024, 3840, 317.08
1024, 1024, 3920, 321.56
1024, 1024, 4000, 320.24
