bli_shgemm performance
MC = 256, KC = 2048, NC = 5120
m, n, k, GFLOPS
1024, 1024, 80, 202.36
1024, 1024, 160, 263.22
1024, 1024, 240, 297.33
1024, 1024, 320, 318.49
1024, 1024, 400, 329.90
1024, 1024, 480, 338.73
1024, 1024, 560, 344.82
1024, 1024, 640, 351.04
1024, 1024, 720, 353.50
1024, 1024, 800, 362.61
1024, 1024, 880, 361.45
1024, 1024, 960, 367.19
1024, 1024, 1040, 368.93
1024, 1024, 1120, 370.42
1024, 1024, 1200, 369.24
1024, 1024, 1280, 371.99
1024, 1024, 1360, 371.16
1024, 1024, 1440, 372.82
1024, 1024, 1520, 371.71
1024, 1024, 1600, 374.41
1024, 1024, 1680, 374.06
1024, 1024, 1760, 375.23
1024, 1024, 1840, 374.62
1024, 1024, 1920, 376.19
1024, 1024, 2000, 375.66
1024, 1024, 2080, 365.33
1024, 1024, 2160, 363.14
1024, 1024, 2240, 365.96
1024, 1024, 2320, 365.04
1024, 1024, 2400, 367.95
1024, 1024, 2480, 367.66
1024, 1024, 2560, 365.78
1024, 1024, 2640, 364.63
1024, 1024, 2720, 365.60
1024, 1024, 2800, 366.32
1024, 1024, 2880, 367.73
1024, 1024, 2960, 368.35
1024, 1024, 3040, 369.38
1024, 1024, 3120, 367.72
1024, 1024, 3200, 370.06
1024, 1024, 3280, 368.63
1024, 1024, 3360, 370.44
1024, 1024, 3440, 370.13
1024, 1024, 3520, 371.64
1024, 1024, 3600, 377.35
1024, 1024, 3680, 376.57
1024, 1024, 3760, 376.04
1024, 1024, 3840, 377.28
1024, 1024, 3920, 376.18
1024, 1024, 4000, 377.73
