bli_shgemm performance
MC = 256, KC = 768, NC = 3072
m, n, k, GFLOPS
1024, 1024, 80, 201.27
1024, 1024, 160, 259.29
1024, 1024, 240, 289.32
1024, 1024, 320, 311.46
1024, 1024, 400, 321.94
1024, 1024, 480, 332.38
1024, 1024, 560, 338.88
1024, 1024, 640, 343.76
1024, 1024, 720, 346.24
1024, 1024, 800, 322.22
1024, 1024, 880, 323.09
1024, 1024, 960, 331.22
1024, 1024, 1040, 330.79
1024, 1024, 1120, 338.34
1024, 1024, 1200, 339.05
1024, 1024, 1280, 346.66
1024, 1024, 1360, 344.50
1024, 1024, 1440, 349.72
1024, 1024, 1520, 350.36
1024, 1024, 1600, 336.94
1024, 1024, 1680, 335.25
1024, 1024, 1760, 339.49
1024, 1024, 1840, 339.00
1024, 1024, 1920, 345.90
1024, 1024, 2000, 340.43
1024, 1024, 2080, 347.00
1024, 1024, 2160, 343.50
1024, 1024, 2240, 355.05
1024, 1024, 2320, 337.69
1024, 1024, 2400, 342.00
1024, 1024, 2480, 340.52
1024, 1024, 2560, 348.64
1024, 1024, 2640, 347.05
1024, 1024, 2720, 351.20
1024, 1024, 2800, 350.06
1024, 1024, 2880, 355.21
1024, 1024, 2960, 353.25
1024, 1024, 3040, 356.55
1024, 1024, 3120, 346.06
1024, 1024, 3200, 349.69
1024, 1024, 3280, 348.10
1024, 1024, 3360, 352.25
1024, 1024, 3440, 349.86
1024, 1024, 3520, 356.11
1024, 1024, 3600, 352.67
1024, 1024, 3680, 356.56
1024, 1024, 3760, 354.35
1024, 1024, 3840, 358.60
1024, 1024, 3920, 349.74
1024, 1024, 4000, 351.28
