bli_shgemm performance
MC = 512, KC = 3328, NC = 1024
m, n, k, GFLOPS
1024, 1024, 80, 207.69
1024, 1024, 160, 263.32
1024, 1024, 240, 291.77
1024, 1024, 320, 315.45
1024, 1024, 400, 320.61
1024, 1024, 480, 333.94
1024, 1024, 560, 338.72
1024, 1024, 640, 347.74
1024, 1024, 720, 348.09
1024, 1024, 800, 356.23
1024, 1024, 880, 355.71
1024, 1024, 960, 364.12
1024, 1024, 1040, 364.51
1024, 1024, 1120, 367.00
1024, 1024, 1200, 367.85
1024, 1024, 1280, 372.12
1024, 1024, 1360, 372.15
1024, 1024, 1440, 374.71
1024, 1024, 1520, 375.66
1024, 1024, 1600, 378.86
1024, 1024, 1680, 370.16
1024, 1024, 1760, 375.65
1024, 1024, 1840, 376.55
1024, 1024, 1920, 378.77
1024, 1024, 2000, 377.55
1024, 1024, 2080, 380.27
1024, 1024, 2160, 379.30
1024, 1024, 2240, 381.59
1024, 1024, 2320, 380.66
1024, 1024, 2400, 381.36
1024, 1024, 2480, 381.11
1024, 1024, 2560, 384.95
1024, 1024, 2640, 384.22
1024, 1024, 2720, 384.73
1024, 1024, 2800, 384.52
1024, 1024, 2880, 384.89
1024, 1024, 2960, 353.08
1024, 1024, 3040, 342.67
1024, 1024, 3120, 350.14
1024, 1024, 3200, 359.11
1024, 1024, 3280, 353.64
1024, 1024, 3360, 367.02
1024, 1024, 3440, 364.48
1024, 1024, 3520, 365.75
1024, 1024, 3600, 365.56
1024, 1024, 3680, 366.68
1024, 1024, 3760, 367.17
1024, 1024, 3840, 367.35
1024, 1024, 3920, 368.25
1024, 1024, 4000, 368.08
