bli_shgemm performance
MC = 512, KC = 256, NC = 3072
m, n, k, GFLOPS
1024, 1024, 80, 205.42
1024, 1024, 160, 261.14
1024, 1024, 240, 283.62
1024, 1024, 320, 255.41
1024, 1024, 400, 263.71
1024, 1024, 480, 284.50
1024, 1024, 560, 261.66
1024, 1024, 640, 275.98
1024, 1024, 720, 284.40
1024, 1024, 800, 276.50
1024, 1024, 880, 279.57
1024, 1024, 960, 291.09
1024, 1024, 1040, 272.51
1024, 1024, 1120, 284.03
1024, 1024, 1200, 283.51
1024, 1024, 1280, 296.39
1024, 1024, 1360, 280.38
1024, 1024, 1440, 291.64
1024, 1024, 1520, 290.96
1024, 1024, 1600, 289.61
1024, 1024, 1680, 285.35
1024, 1024, 1760, 294.79
1024, 1024, 1840, 284.35
1024, 1024, 1920, 292.15
1024, 1024, 2000, 288.19
1024, 1024, 2080, 286.92
1024, 1024, 2160, 277.03
1024, 1024, 2240, 287.04
1024, 1024, 2320, 276.41
1024, 1024, 2400, 282.93
1024, 1024, 2480, 280.67
1024, 1024, 2560, 289.43
1024, 1024, 2640, 279.22
1024, 1024, 2720, 286.32
1024, 1024, 2800, 284.18
1024, 1024, 2880, 286.00
1024, 1024, 2960, 281.43
1024, 1024, 3040, 288.71
1024, 1024, 3120, 280.92
1024, 1024, 3200, 287.72
1024, 1024, 3280, 284.52
1024, 1024, 3360, 285.27
1024, 1024, 3440, 283.09
1024, 1024, 3520, 289.99
1024, 1024, 3600, 281.91
1024, 1024, 3680, 287.80
1024, 1024, 3760, 285.43
1024, 1024, 3840, 292.12
1024, 1024, 3920, 283.63
1024, 1024, 4000, 288.98
