bli_shgemm performance
MC = 512, KC = 1792, NC = 4096
m, n, k, GFLOPS
1024, 1024, 80, 206.41
1024, 1024, 160, 270.13
1024, 1024, 240, 298.92
1024, 1024, 320, 320.78
1024, 1024, 400, 331.22
1024, 1024, 480, 338.13
1024, 1024, 560, 344.04
1024, 1024, 640, 349.30
1024, 1024, 720, 351.13
1024, 1024, 800, 360.62
1024, 1024, 880, 359.66
1024, 1024, 960, 360.10
1024, 1024, 1040, 359.64
1024, 1024, 1120, 367.08
1024, 1024, 1200, 367.38
1024, 1024, 1280, 370.45
1024, 1024, 1360, 369.88
1024, 1024, 1440, 372.71
1024, 1024, 1520, 372.37
1024, 1024, 1600, 376.18
1024, 1024, 1680, 375.23
1024, 1024, 1760, 377.57
1024, 1024, 1840, 360.21
1024, 1024, 1920, 362.09
1024, 1024, 2000, 361.75
1024, 1024, 2080, 362.61
1024, 1024, 2160, 362.40
1024, 1024, 2240, 369.26
1024, 1024, 2320, 365.69
1024, 1024, 2400, 368.09
1024, 1024, 2480, 365.66
1024, 1024, 2560, 369.99
1024, 1024, 2640, 368.11
1024, 1024, 2720, 370.83
1024, 1024, 2800, 370.31
1024, 1024, 2880, 372.94
1024, 1024, 2960, 371.76
1024, 1024, 3040, 372.60
1024, 1024, 3120, 373.01
1024, 1024, 3200, 374.71
1024, 1024, 3280, 374.42
1024, 1024, 3360, 375.56
1024, 1024, 3440, 375.68
1024, 1024, 3520, 377.48
1024, 1024, 3600, 367.05
1024, 1024, 3680, 368.32
1024, 1024, 3760, 367.68
1024, 1024, 3840, 369.83
1024, 1024, 3920, 369.12
1024, 1024, 4000, 370.35
