bli_shgemm performance
MC = 384, KC = 3584, NC = 2048
m, n, k, GFLOPS
1024, 1024, 80, 202.80
1024, 1024, 160, 263.23
1024, 1024, 240, 296.66
1024, 1024, 320, 318.14
1024, 1024, 400, 329.42
1024, 1024, 480, 337.36
1024, 1024, 560, 344.06
1024, 1024, 640, 350.91
1024, 1024, 720, 351.60
1024, 1024, 800, 359.48
1024, 1024, 880, 359.98
1024, 1024, 960, 364.82
1024, 1024, 1040, 365.38
1024, 1024, 1120, 367.48
1024, 1024, 1200, 368.07
1024, 1024, 1280, 370.31
1024, 1024, 1360, 369.96
1024, 1024, 1440, 370.24
1024, 1024, 1520, 369.02
1024, 1024, 1600, 373.07
1024, 1024, 1680, 371.71
1024, 1024, 1760, 374.94
1024, 1024, 1840, 374.69
1024, 1024, 1920, 377.60
1024, 1024, 2000, 377.14
1024, 1024, 2080, 378.85
1024, 1024, 2160, 378.47
1024, 1024, 2240, 380.10
1024, 1024, 2320, 379.36
1024, 1024, 2400, 380.40
1024, 1024, 2480, 379.40
1024, 1024, 2560, 380.20
1024, 1024, 2640, 380.20
1024, 1024, 2720, 380.90
1024, 1024, 2800, 380.16
1024, 1024, 2880, 382.23
1024, 1024, 2960, 380.99
1024, 1024, 3040, 381.04
1024, 1024, 3120, 379.96
1024, 1024, 3200, 380.65
1024, 1024, 3280, 380.69
1024, 1024, 3360, 381.58
1024, 1024, 3440, 381.38
1024, 1024, 3520, 381.66
1024, 1024, 3600, 370.50
1024, 1024, 3680, 371.04
1024, 1024, 3760, 370.73
1024, 1024, 3840, 371.95
1024, 1024, 3920, 372.20
1024, 1024, 4000, 373.02
