bli_shgemm performance
MC = 384, KC = 3328, NC = 2048
m, n, k, GFLOPS
1024, 1024, 80, 207.99
1024, 1024, 160, 266.44
1024, 1024, 240, 294.40
1024, 1024, 320, 315.71
1024, 1024, 400, 327.78
1024, 1024, 480, 336.81
1024, 1024, 560, 341.54
1024, 1024, 640, 347.43
1024, 1024, 720, 349.61
1024, 1024, 800, 358.42
1024, 1024, 880, 358.99
1024, 1024, 960, 364.37
1024, 1024, 1040, 365.11
1024, 1024, 1120, 366.92
1024, 1024, 1200, 367.21
1024, 1024, 1280, 366.95
1024, 1024, 1360, 365.71
1024, 1024, 1440, 368.95
1024, 1024, 1520, 368.41
1024, 1024, 1600, 372.85
1024, 1024, 1680, 371.76
1024, 1024, 1760, 375.02
1024, 1024, 1840, 375.32
1024, 1024, 1920, 377.87
1024, 1024, 2000, 375.94
1024, 1024, 2080, 377.78
1024, 1024, 2160, 375.86
1024, 1024, 2240, 378.36
1024, 1024, 2320, 377.86
1024, 1024, 2400, 379.31
1024, 1024, 2480, 379.22
1024, 1024, 2560, 380.22
1024, 1024, 2640, 379.52
1024, 1024, 2720, 380.79
1024, 1024, 2800, 380.55
1024, 1024, 2880, 381.26
1024, 1024, 2960, 380.91
1024, 1024, 3040, 381.38
1024, 1024, 3120, 380.88
1024, 1024, 3200, 382.03
1024, 1024, 3280, 381.72
1024, 1024, 3360, 370.60
1024, 1024, 3440, 371.38
1024, 1024, 3520, 373.01
1024, 1024, 3600, 372.27
1024, 1024, 3680, 373.86
1024, 1024, 3760, 373.77
1024, 1024, 3840, 374.84
1024, 1024, 3920, 378.62
1024, 1024, 4000, 378.33
