bli_shgemm performance
MC = 512, KC = 2560, NC = 1024
m, n, k, GFLOPS
1024, 1024, 80, 203.58
1024, 1024, 160, 264.22
1024, 1024, 240, 291.07
1024, 1024, 320, 316.53
1024, 1024, 400, 322.81
1024, 1024, 480, 336.00
1024, 1024, 560, 340.34
1024, 1024, 640, 349.78
1024, 1024, 720, 348.22
1024, 1024, 800, 357.70
1024, 1024, 880, 358.17
1024, 1024, 960, 364.79
1024, 1024, 1040, 364.55
1024, 1024, 1120, 367.45
1024, 1024, 1200, 369.12
1024, 1024, 1280, 373.01
1024, 1024, 1360, 364.64
1024, 1024, 1440, 372.53
1024, 1024, 1520, 371.98
1024, 1024, 1600, 376.25
1024, 1024, 1680, 375.42
1024, 1024, 1760, 377.58
1024, 1024, 1840, 377.20
1024, 1024, 1920, 379.96
1024, 1024, 2000, 379.33
1024, 1024, 2080, 381.16
1024, 1024, 2160, 381.11
1024, 1024, 2240, 382.53
1024, 1024, 2320, 381.79
1024, 1024, 2400, 382.87
1024, 1024, 2480, 382.29
1024, 1024, 2560, 383.41
1024, 1024, 2640, 365.04
1024, 1024, 2720, 367.98
1024, 1024, 2800, 368.01
1024, 1024, 2880, 371.24
1024, 1024, 2960, 370.38
1024, 1024, 3040, 371.70
1024, 1024, 3120, 371.28
1024, 1024, 3200, 373.01
1024, 1024, 3280, 371.50
1024, 1024, 3360, 373.65
1024, 1024, 3440, 373.13
1024, 1024, 3520, 374.64
1024, 1024, 3600, 374.12
1024, 1024, 3680, 376.26
1024, 1024, 3760, 375.71
1024, 1024, 3840, 376.64
1024, 1024, 3920, 380.10
1024, 1024, 4000, 383.52
