bli_shgemm performance
MC = 640, KC = 1792, NC = 1024
m, n, k, GFLOPS
1024, 1024, 80, 193.87
1024, 1024, 160, 264.96
1024, 1024, 240, 297.44
1024, 1024, 320, 318.37
1024, 1024, 400, 327.61
1024, 1024, 480, 336.24
1024, 1024, 560, 342.98
1024, 1024, 640, 349.08
1024, 1024, 720, 323.62
1024, 1024, 800, 335.14
1024, 1024, 880, 333.70
1024, 1024, 960, 345.54
1024, 1024, 1040, 341.49
1024, 1024, 1120, 345.81
1024, 1024, 1200, 329.04
1024, 1024, 1280, 338.48
1024, 1024, 1360, 335.80
1024, 1024, 1440, 343.15
1024, 1024, 1520, 337.63
1024, 1024, 1600, 345.69
1024, 1024, 1680, 343.77
1024, 1024, 1760, 347.08
1024, 1024, 1840, 304.97
1024, 1024, 1920, 314.56
1024, 1024, 2000, 315.12
1024, 1024, 2080, 320.80
1024, 1024, 2160, 362.56
1024, 1024, 2240, 365.70
1024, 1024, 2320, 364.72
1024, 1024, 2400, 366.47
1024, 1024, 2480, 364.85
1024, 1024, 2560, 367.76
1024, 1024, 2640, 367.61
1024, 1024, 2720, 369.96
1024, 1024, 2800, 369.67
1024, 1024, 2880, 372.04
1024, 1024, 2960, 383.00
1024, 1024, 3040, 383.24
1024, 1024, 3120, 383.93
1024, 1024, 3200, 384.46
1024, 1024, 3280, 384.98
1024, 1024, 3360, 385.84
1024, 1024, 3440, 386.22
1024, 1024, 3520, 386.50
1024, 1024, 3600, 377.94
1024, 1024, 3680, 378.33
1024, 1024, 3760, 378.67
1024, 1024, 3840, 379.89
1024, 1024, 3920, 380.61
1024, 1024, 4000, 380.73
