bli_shgemm performance
MC = 512, KC = 2048, NC = 5120
m, n, k, GFLOPS
1024, 1024, 80, 206.70
1024, 1024, 160, 269.62
1024, 1024, 240, 301.12
1024, 1024, 320, 323.67
1024, 1024, 400, 333.41
1024, 1024, 480, 337.47
1024, 1024, 560, 344.44
1024, 1024, 640, 349.28
1024, 1024, 720, 351.73
1024, 1024, 800, 359.74
1024, 1024, 880, 358.99
1024, 1024, 960, 365.33
1024, 1024, 1040, 362.88
1024, 1024, 1120, 366.29
1024, 1024, 1200, 365.07
1024, 1024, 1280, 370.81
1024, 1024, 1360, 369.94
1024, 1024, 1440, 372.41
1024, 1024, 1520, 372.41
1024, 1024, 1600, 376.96
1024, 1024, 1680, 376.48
1024, 1024, 1760, 378.38
1024, 1024, 1840, 377.53
1024, 1024, 1920, 380.44
1024, 1024, 2000, 379.15
1024, 1024, 2080, 365.41
1024, 1024, 2160, 364.84
1024, 1024, 2240, 367.88
1024, 1024, 2320, 367.44
1024, 1024, 2400, 370.06
1024, 1024, 2480, 369.56
1024, 1024, 2560, 371.06
1024, 1024, 2640, 370.38
1024, 1024, 2720, 371.50
1024, 1024, 2800, 371.89
1024, 1024, 2880, 373.17
1024, 1024, 2960, 372.67
1024, 1024, 3040, 374.82
1024, 1024, 3120, 378.68
1024, 1024, 3200, 380.14
1024, 1024, 3280, 378.83
1024, 1024, 3360, 380.49
1024, 1024, 3440, 379.82
1024, 1024, 3520, 381.97
1024, 1024, 3600, 380.76
1024, 1024, 3680, 382.15
1024, 1024, 3760, 381.96
1024, 1024, 3840, 382.93
1024, 1024, 3920, 382.77
1024, 1024, 4000, 383.91
