bli_shgemm performance
MC = 512, KC = 2816, NC = 3072
m, n, k, GFLOPS
1024, 1024, 80, 203.28
1024, 1024, 160, 261.34
1024, 1024, 240, 291.41
1024, 1024, 320, 315.71
1024, 1024, 400, 326.57
1024, 1024, 480, 336.80
1024, 1024, 560, 344.09
1024, 1024, 640, 344.26
1024, 1024, 720, 346.26
1024, 1024, 800, 356.78
1024, 1024, 880, 357.54
1024, 1024, 960, 363.11
1024, 1024, 1040, 364.54
1024, 1024, 1120, 367.46
1024, 1024, 1200, 368.69
1024, 1024, 1280, 374.56
1024, 1024, 1360, 373.24
1024, 1024, 1440, 372.21
1024, 1024, 1520, 370.65
1024, 1024, 1600, 376.33
1024, 1024, 1680, 375.19
1024, 1024, 1760, 377.16
1024, 1024, 1840, 376.63
1024, 1024, 1920, 378.73
1024, 1024, 2000, 378.38
1024, 1024, 2080, 379.52
1024, 1024, 2160, 378.83
1024, 1024, 2240, 382.08
1024, 1024, 2320, 381.00
1024, 1024, 2400, 381.76
1024, 1024, 2480, 380.02
1024, 1024, 2560, 381.24
1024, 1024, 2640, 381.22
1024, 1024, 2720, 381.50
1024, 1024, 2800, 380.26
1024, 1024, 2880, 369.04
1024, 1024, 2960, 368.28
1024, 1024, 3040, 369.63
1024, 1024, 3120, 364.62
1024, 1024, 3200, 366.07
1024, 1024, 3280, 367.13
1024, 1024, 3360, 368.28
1024, 1024, 3440, 367.30
1024, 1024, 3520, 368.28
1024, 1024, 3600, 372.76
1024, 1024, 3680, 374.87
1024, 1024, 3760, 374.94
1024, 1024, 3840, 375.21
1024, 1024, 3920, 374.74
1024, 1024, 4000, 380.76
