bli_shgemm performance
MC = 640, KC = 2048, NC = 2048
m, n, k, GFLOPS
1024, 1024, 80, 202.19
1024, 1024, 160, 266.72
1024, 1024, 240, 298.25
1024, 1024, 320, 312.41
1024, 1024, 400, 320.98
1024, 1024, 480, 329.68
1024, 1024, 560, 337.10
1024, 1024, 640, 343.58
1024, 1024, 720, 347.67
1024, 1024, 800, 354.47
1024, 1024, 880, 358.35
1024, 1024, 960, 362.35
1024, 1024, 1040, 366.27
1024, 1024, 1120, 366.49
1024, 1024, 1200, 369.61
1024, 1024, 1280, 370.65
1024, 1024, 1360, 370.08
1024, 1024, 1440, 372.88
1024, 1024, 1520, 372.78
1024, 1024, 1600, 376.88
1024, 1024, 1680, 376.25
1024, 1024, 1760, 378.47
1024, 1024, 1840, 377.83
1024, 1024, 1920, 380.52
1024, 1024, 2000, 379.45
1024, 1024, 2080, 365.55
1024, 1024, 2160, 365.57
1024, 1024, 2240, 367.91
1024, 1024, 2320, 367.56
1024, 1024, 2400, 369.97
1024, 1024, 2480, 369.49
1024, 1024, 2560, 369.86
1024, 1024, 2640, 368.60
1024, 1024, 2720, 368.98
1024, 1024, 2800, 368.07
1024, 1024, 2880, 374.18
1024, 1024, 2960, 374.04
1024, 1024, 3040, 375.61
1024, 1024, 3120, 374.92
1024, 1024, 3200, 376.52
1024, 1024, 3280, 376.10
1024, 1024, 3360, 373.77
1024, 1024, 3440, 374.02
1024, 1024, 3520, 375.12
1024, 1024, 3600, 375.24
1024, 1024, 3680, 376.23
1024, 1024, 3760, 375.21
1024, 1024, 3840, 375.77
1024, 1024, 3920, 375.72
1024, 1024, 4000, 376.71
