bli_shgemm performance
MC = 640, KC = 2304, NC = 5120
m, n, k, GFLOPS
1024, 1024, 80, 203.61
1024, 1024, 160, 267.55
1024, 1024, 240, 299.48
1024, 1024, 320, 321.46
1024, 1024, 400, 336.53
1024, 1024, 480, 343.09
1024, 1024, 560, 351.42
1024, 1024, 640, 326.88
1024, 1024, 720, 354.36
1024, 1024, 800, 361.43
1024, 1024, 880, 362.71
1024, 1024, 960, 366.67
1024, 1024, 1040, 368.30
1024, 1024, 1120, 371.39
1024, 1024, 1200, 372.29
1024, 1024, 1280, 374.84
1024, 1024, 1360, 375.06
1024, 1024, 1440, 376.06
1024, 1024, 1520, 372.46
1024, 1024, 1600, 376.98
1024, 1024, 1680, 375.74
1024, 1024, 1760, 377.37
1024, 1024, 1840, 377.97
1024, 1024, 1920, 380.24
1024, 1024, 2000, 379.84
1024, 1024, 2080, 380.76
1024, 1024, 2160, 380.85
1024, 1024, 2240, 381.97
1024, 1024, 2320, 366.74
1024, 1024, 2400, 368.49
1024, 1024, 2480, 368.14
1024, 1024, 2560, 370.02
1024, 1024, 2640, 369.74
1024, 1024, 2720, 371.41
1024, 1024, 2800, 370.37
1024, 1024, 2880, 373.44
1024, 1024, 2960, 371.46
1024, 1024, 3040, 372.88
1024, 1024, 3120, 372.58
1024, 1024, 3200, 374.75
1024, 1024, 3280, 373.11
1024, 1024, 3360, 373.66
1024, 1024, 3440, 373.91
1024, 1024, 3520, 375.50
1024, 1024, 3600, 374.09
1024, 1024, 3680, 363.01
1024, 1024, 3760, 363.30
1024, 1024, 3840, 364.36
1024, 1024, 3920, 364.41
1024, 1024, 4000, 367.14
