bli_shgemm performance
MC = 384, KC = 2048, NC = 2048
m, n, k, GFLOPS
1024, 1024, 80, 202.98
1024, 1024, 160, 256.88
1024, 1024, 240, 286.31
1024, 1024, 320, 308.52
1024, 1024, 400, 320.59
1024, 1024, 480, 331.58
1024, 1024, 560, 337.89
1024, 1024, 640, 346.82
1024, 1024, 720, 348.71
1024, 1024, 800, 355.19
1024, 1024, 880, 354.37
1024, 1024, 960, 361.91
1024, 1024, 1040, 362.28
1024, 1024, 1120, 365.19
1024, 1024, 1200, 365.23
1024, 1024, 1280, 368.18
1024, 1024, 1360, 368.56
1024, 1024, 1440, 370.24
1024, 1024, 1520, 369.65
1024, 1024, 1600, 373.64
1024, 1024, 1680, 373.29
1024, 1024, 1760, 375.05
1024, 1024, 1840, 374.16
1024, 1024, 1920, 376.88
1024, 1024, 2000, 376.08
1024, 1024, 2080, 360.88
1024, 1024, 2160, 360.00
1024, 1024, 2240, 363.22
1024, 1024, 2320, 362.14
1024, 1024, 2400, 364.87
1024, 1024, 2480, 363.83
1024, 1024, 2560, 369.04
1024, 1024, 2640, 366.22
1024, 1024, 2720, 367.19
1024, 1024, 2800, 367.93
1024, 1024, 2880, 370.11
1024, 1024, 2960, 369.71
1024, 1024, 3040, 371.58
1024, 1024, 3120, 370.52
1024, 1024, 3200, 372.38
1024, 1024, 3280, 372.62
1024, 1024, 3360, 373.16
1024, 1024, 3440, 372.38
1024, 1024, 3520, 374.23
1024, 1024, 3600, 372.95
1024, 1024, 3680, 374.39
1024, 1024, 3760, 381.81
1024, 1024, 3840, 382.17
1024, 1024, 3920, 382.94
1024, 1024, 4000, 383.10
