bli_shgemm performance
MC = 256, KC = 1536, NC = 4096
m, n, k, GFLOPS
1024, 1024, 80, 204.03
1024, 1024, 160, 264.76
1024, 1024, 240, 299.15
1024, 1024, 320, 319.26
1024, 1024, 400, 331.25
1024, 1024, 480, 339.78
1024, 1024, 560, 344.36
1024, 1024, 640, 352.65
1024, 1024, 720, 355.19
1024, 1024, 800, 364.10
1024, 1024, 880, 361.40
1024, 1024, 960, 368.03
1024, 1024, 1040, 365.59
1024, 1024, 1120, 368.67
1024, 1024, 1200, 367.93
1024, 1024, 1280, 368.31
1024, 1024, 1360, 366.92
1024, 1024, 1440, 369.68
1024, 1024, 1520, 367.52
1024, 1024, 1600, 351.47
1024, 1024, 1680, 350.15
1024, 1024, 1760, 353.57
1024, 1024, 1840, 354.02
1024, 1024, 1920, 362.57
1024, 1024, 2000, 360.53
1024, 1024, 2080, 363.96
1024, 1024, 2160, 363.34
1024, 1024, 2240, 366.09
1024, 1024, 2320, 365.53
1024, 1024, 2400, 367.86
1024, 1024, 2480, 366.81
1024, 1024, 2560, 367.66
1024, 1024, 2640, 366.46
1024, 1024, 2720, 368.81
1024, 1024, 2800, 367.64
1024, 1024, 2880, 369.77
1024, 1024, 2960, 368.44
1024, 1024, 3040, 369.98
1024, 1024, 3120, 359.37
1024, 1024, 3200, 362.16
1024, 1024, 3280, 361.63
1024, 1024, 3360, 360.97
1024, 1024, 3440, 360.77
1024, 1024, 3520, 363.81
1024, 1024, 3600, 362.34
1024, 1024, 3680, 364.49
1024, 1024, 3760, 368.22
1024, 1024, 3840, 371.41
1024, 1024, 3920, 370.10
1024, 1024, 4000, 371.73
