bli_shgemm performance
MC = 384, KC = 512, NC = 3072
m, n, k, GFLOPS
384, 3072, 512, 312.77
384, 3072, 512, 313.39
384, 3072, 512, 312.17
384, 3072, 512, 311.62
384, 3072, 512, 311.86
384, 3072, 512, 312.07
384, 3072, 512, 313.08
384, 3072, 512, 313.27
384, 3072, 512, 312.81
384, 3072, 512, 312.11
384, 3072, 512, 312.21
384, 3072, 512, 311.80
384, 3072, 512, 310.68
384, 3072, 512, 312.27
384, 3072, 512, 312.58
384, 3072, 512, 314.14
384, 3072, 512, 312.86
384, 3072, 512, 312.92
384, 3072, 512, 311.32
384, 3072, 512, 311.25
384, 3072, 512, 312.33
384, 3072, 512, 312.14
384, 3072, 512, 312.71
384, 3072, 512, 312.32
384, 3072, 512, 312.24
384, 3072, 512, 311.96
384, 3072, 512, 311.95
384, 3072, 512, 312.30
384, 3072, 512, 312.79
384, 3072, 512, 312.00
384, 3072, 512, 311.50
384, 3072, 512, 313.34
384, 3072, 512, 312.48
384, 3072, 512, 312.81
384, 3072, 512, 311.59
384, 3072, 512, 312.46
384, 3072, 512, 312.07
384, 3072, 512, 312.39
384, 3072, 512, 311.00
384, 3072, 512, 312.42
384, 3072, 512, 312.87
384, 3072, 512, 312.48
384, 3072, 512, 312.55
384, 3072, 512, 313.57
384, 3072, 512, 312.16
384, 3072, 512, 312.57
384, 3072, 512, 312.91
384, 3072, 512, 313.34
384, 3072, 512, 312.42
384, 3072, 512, 312.65
