bli_shgemm performance
MC = 512, KC = 512, NC = 3072
m, n, k, GFLOPS
512, 3072, 80, 175.14
512, 3072, 160, 237.52
512, 3072, 240, 273.91
512, 3072, 320, 295.92
512, 3072, 400, 308.25
512, 3072, 480, 318.37
512, 3072, 560, 284.01
512, 3072, 640, 297.46
512, 3072, 720, 303.25
512, 3072, 800, 311.93
512, 3072, 880, 316.01
512, 3072, 960, 321.81
512, 3072, 1040, 301.97
512, 3072, 1120, 307.55
512, 3072, 1200, 309.98
512, 3072, 1280, 315.63
512, 3072, 1360, 317.16
512, 3072, 1440, 321.14
512, 3072, 1520, 327.13
512, 3072, 1600, 315.53
512, 3072, 1680, 316.15
512, 3072, 1760, 319.61
512, 3072, 1840, 321.75
512, 3072, 1920, 325.85
512, 3072, 2000, 327.38
512, 3072, 2080, 317.87
512, 3072, 2160, 319.88
512, 3072, 2240, 322.12
512, 3072, 2320, 323.89
512, 3072, 2400, 326.62
512, 3072, 2480, 327.83
512, 3072, 2560, 330.72
512, 3072, 2640, 321.90
512, 3072, 2720, 323.73
512, 3072, 2800, 324.77
512, 3072, 2880, 327.41
512, 3072, 2960, 328.55
512, 3072, 3040, 330.14
512, 3072, 3120, 319.93
512, 3072, 3200, 323.04
512, 3072, 3280, 324.04
512, 3072, 3360, 326.31
512, 3072, 3440, 325.29
512, 3072, 3520, 329.07
512, 3072, 3600, 326.35
512, 3072, 3680, 329.04
512, 3072, 3760, 328.14
512, 3072, 3840, 331.73
512, 3072, 3920, 332.19
512, 3072, 4000, 333.68
