bli_shgemm performance
MC = 256, KC = 2560, NC = 1024
m, n, k, GFLOPS
256, 80, 80, 181.71
256, 160, 160, 246.27
256, 240, 240, 281.37
256, 320, 320, 302.24
256, 400, 400, 313.43
256, 480, 480, 321.65
256, 560, 560, 327.49
256, 640, 640, 330.43
256, 720, 720, 337.82
256, 800, 800, 340.01
256, 880, 880, 338.51
256, 960, 960, 337.28
256, 1040, 1040, 327.02
256, 1120, 1120, 325.85
256, 1200, 1200, 330.65
256, 1280, 1280, 318.77
256, 1360, 1360, 339.34
256, 1440, 1440, 337.91
256, 1520, 1520, 339.28
256, 1600, 1600, 339.47
256, 1680, 1680, 338.24
256, 1760, 1760, 341.92
256, 1840, 1840, 346.60
256, 1920, 1920, 336.56
256, 2000, 2000, 348.69
256, 2080, 2080, 341.03
256, 2160, 2160, 273.55
256, 2240, 2240, 340.92
256, 2320, 2320, 268.46
256, 2400, 2400, 343.17
256, 2480, 2480, 266.45
256, 2560, 2560, 318.21
256, 2640, 2640, 258.19
256, 2720, 2720, 339.40
256, 2800, 2800, 253.87
256, 2880, 2880, 337.82
256, 2960, 2960, 251.88
256, 3040, 3040, 341.83
256, 3120, 3120, 254.60
256, 3200, 3200, 330.19
256, 3280, 3280, 256.75
256, 3360, 3360, 341.42
256, 3440, 3440, 256.67
256, 3520, 3520, 339.41
256, 3600, 3600, 257.30
256, 3680, 3680, 341.78
256, 3760, 3760, 260.98
256, 3840, 3840, 332.80
256, 3920, 3920, 261.12
256, 4000, 4000, 344.57
