bli_shgemm performance
MC = 512, KC = 256, NC = 1024
m, n, k, GFLOPS
512, 1024, 256, 306.49
512, 1024, 256, 306.29
512, 1024, 256, 305.68
512, 1024, 256, 306.36
512, 1024, 256, 306.07
512, 1024, 256, 306.68
512, 1024, 256, 306.34
512, 1024, 256, 306.48
512, 1024, 256, 306.09
512, 1024, 256, 305.96
512, 1024, 256, 306.18
512, 1024, 256, 306.00
512, 1024, 256, 306.21
512, 1024, 256, 306.41
512, 1024, 256, 306.04
512, 1024, 256, 305.83
512, 1024, 256, 306.18
512, 1024, 256, 306.38
512, 1024, 256, 306.24
512, 1024, 256, 305.39
512, 1024, 256, 306.29
512, 1024, 256, 305.74
512, 1024, 256, 305.43
512, 1024, 256, 306.71
512, 1024, 256, 306.09
512, 1024, 256, 305.90
512, 1024, 256, 305.63
512, 1024, 256, 306.36
512, 1024, 256, 305.97
512, 1024, 256, 306.45
512, 1024, 256, 305.98
512, 1024, 256, 306.26
512, 1024, 256, 305.55
512, 1024, 256, 306.99
512, 1024, 256, 306.09
512, 1024, 256, 306.64
512, 1024, 256, 306.54
512, 1024, 256, 306.09
512, 1024, 256, 305.67
512, 1024, 256, 306.44
512, 1024, 256, 306.60
512, 1024, 256, 305.62
512, 1024, 256, 306.07
512, 1024, 256, 306.28
512, 1024, 256, 305.75
512, 1024, 256, 306.44
512, 1024, 256, 306.65
512, 1024, 256, 306.13
512, 1024, 256, 306.01
512, 1024, 256, 305.78
