bli_shgemm performance
MC = 512, KC = 2816, NC = 3072
m, n, k, GFLOPS
512, 3072, 80, 175.44
512, 3072, 160, 257.90
512, 3072, 240, 278.05
512, 3072, 320, 307.91
512, 3072, 400, 312.95
512, 3072, 480, 321.11
512, 3072, 560, 329.04
512, 3072, 640, 334.98
512, 3072, 720, 339.25
512, 3072, 800, 346.52
512, 3072, 880, 347.86
512, 3072, 960, 353.60
512, 3072, 1040, 350.47
512, 3072, 1120, 351.28
512, 3072, 1200, 352.75
512, 3072, 1280, 354.92
512, 3072, 1360, 357.74
512, 3072, 1440, 358.13
512, 3072, 1520, 357.95
512, 3072, 1600, 359.17
512, 3072, 1680, 359.98
512, 3072, 1760, 361.31
512, 3072, 1840, 362.14
512, 3072, 1920, 372.96
512, 3072, 2000, 373.91
512, 3072, 2080, 374.20
512, 3072, 2160, 373.99
512, 3072, 2240, 374.23
512, 3072, 2320, 373.80
512, 3072, 2400, 376.85
512, 3072, 2480, 376.43
512, 3072, 2560, 374.60
512, 3072, 2640, 374.51
512, 3072, 2720, 370.18
512, 3072, 2800, 366.46
512, 3072, 2880, 351.45
512, 3072, 2960, 352.65
512, 3072, 3040, 354.11
512, 3072, 3120, 354.88
512, 3072, 3200, 356.03
512, 3072, 3280, 356.18
512, 3072, 3360, 370.05
512, 3072, 3440, 369.76
512, 3072, 3520, 370.52
512, 3072, 3600, 371.07
512, 3072, 3680, 371.63
512, 3072, 3760, 372.18
512, 3072, 3840, 372.61
512, 3072, 3920, 372.69
512, 3072, 4000, 374.03
