bli_shgemm performance
MC = 512, KC = 3840, NC = 4096
m, n, k, GFLOPS
512, 80, 80, 194.20
512, 160, 160, 263.14
512, 240, 240, 300.55
512, 320, 320, 320.54
512, 400, 400, 337.73
512, 480, 480, 346.33
512, 560, 560, 354.58
512, 640, 640, 357.28
512, 720, 720, 360.62
512, 800, 800, 363.32
512, 880, 880, 355.35
512, 960, 960, 360.41
512, 1040, 1040, 363.25
512, 1120, 1120, 365.56
512, 1200, 1200, 369.29
512, 1280, 1280, 362.54
512, 1360, 1360, 372.49
512, 1440, 1440, 378.62
512, 1520, 1520, 378.86
512, 1600, 1600, 380.73
512, 1680, 1680, 381.53
512, 1760, 1760, 383.74
512, 1840, 1840, 383.54
512, 1920, 1920, 376.20
512, 2000, 2000, 383.32
512, 2080, 2080, 386.74
512, 2160, 2160, 375.13
512, 2240, 2240, 386.28
512, 2320, 2320, 372.97
512, 2400, 2400, 383.04
512, 2480, 2480, 368.88
512, 2560, 2560, 367.09
512, 2640, 2640, 361.49
512, 2720, 2720, 361.60
512, 2800, 2800, 339.52
512, 2880, 2880, 345.09
512, 2960, 2960, 324.42
512, 3040, 3040, 327.37
512, 3120, 3120, 268.41
512, 3200, 3200, 321.10
512, 3280, 3280, 259.84
512, 3360, 3360, 324.46
512, 3440, 3440, 255.04
512, 3520, 3520, 320.78
512, 3600, 3600, 246.11
512, 3680, 3680, 313.37
512, 3760, 3760, 250.77
512, 3840, 3840, 292.87
512, 3920, 3920, 225.83
512, 4000, 4000, 300.89
