bli_shgemm performance
MC = 384, KC = 768, NC = 2048
m, n, k, GFLOPS
384, 80, 80, 190.17
384, 160, 160, 257.55
384, 240, 240, 292.24
384, 320, 320, 312.63
384, 400, 400, 326.79
384, 480, 480, 335.41
384, 560, 560, 343.24
384, 640, 640, 344.92
384, 720, 720, 351.41
384, 800, 800, 334.84
384, 880, 880, 334.80
384, 960, 960, 337.70
384, 1040, 1040, 335.58
384, 1120, 1120, 341.36
384, 1200, 1200, 341.82
384, 1280, 1280, 332.83
384, 1360, 1360, 345.57
384, 1440, 1440, 346.24
384, 1520, 1520, 351.66
384, 1600, 1600, 343.07
384, 1680, 1680, 343.99
384, 1760, 1760, 346.42
384, 1840, 1840, 349.64
384, 1920, 1920, 338.93
384, 2000, 2000, 351.85
384, 2080, 2080, 347.80
384, 2160, 2160, 330.18
384, 2240, 2240, 347.96
384, 2320, 2320, 323.08
384, 2400, 2400, 343.70
384, 2480, 2480, 321.84
384, 2560, 2560, 318.50
384, 2640, 2640, 323.44
384, 2720, 2720, 342.17
384, 2800, 2800, 321.40
384, 2880, 2880, 343.01
384, 2960, 2960, 321.88
384, 3040, 3040, 342.83
384, 3120, 3120, 314.02
384, 3200, 3200, 330.57
384, 3280, 3280, 312.90
384, 3360, 3360, 337.25
384, 3440, 3440, 310.13
384, 3520, 3520, 341.84
384, 3600, 3600, 310.52
384, 3680, 3680, 339.59
384, 3760, 3760, 314.11
384, 3840, 3840, 331.57
384, 3920, 3920, 310.47
384, 4000, 4000, 339.30
