bli_shgemm performance
MC = 640, KC = 2048, NC = 3072
m, n, k, GFLOPS
640, 80, 80, 195.67
640, 160, 160, 267.67
640, 240, 240, 305.27
640, 320, 320, 324.33
640, 400, 400, 341.81
640, 480, 480, 350.08
640, 560, 560, 350.33
640, 640, 640, 343.55
640, 720, 720, 350.18
640, 800, 800, 353.70
640, 880, 880, 356.85
640, 960, 960, 360.34
640, 1040, 1040, 366.79
640, 1120, 1120, 371.39
640, 1200, 1200, 378.50
640, 1280, 1280, 369.46
640, 1360, 1360, 384.02
640, 1440, 1440, 383.40
640, 1520, 1520, 387.21
640, 1600, 1600, 386.06
640, 1680, 1680, 390.28
640, 1760, 1760, 388.74
640, 1840, 1840, 391.99
640, 1920, 1920, 383.68
640, 2000, 2000, 393.11
640, 2080, 2080, 379.24
640, 2160, 2160, 332.08
640, 2240, 2240, 371.90
640, 2320, 2320, 321.01
640, 2400, 2400, 379.14
640, 2480, 2480, 326.24
640, 2560, 2560, 362.03
640, 2640, 2640, 320.71
640, 2720, 2720, 376.60
640, 2800, 2800, 313.83
640, 2880, 2880, 377.27
640, 2960, 2960, 309.99
640, 3040, 3040, 380.94
640, 3120, 3120, 306.81
640, 3200, 3200, 369.30
640, 3280, 3280, 292.64
640, 3360, 3360, 375.47
640, 3440, 3440, 286.96
640, 3520, 3520, 375.01
640, 3600, 3600, 286.76
640, 3680, 3680, 379.09
640, 3760, 3760, 283.76
640, 3840, 3840, 368.25
640, 3920, 3920, 274.95
640, 4000, 4000, 386.80
