bli_shgemm performance
MC = 384, KC = 256, NC = 2048
m, n, k, GFLOPS
384, 80, 80, 191.10
384, 160, 160, 257.94
384, 240, 240, 293.64
384, 320, 320, 282.45
384, 400, 400, 300.14
384, 480, 480, 313.88
384, 560, 560, 302.39
384, 640, 640, 307.05
384, 720, 720, 321.69
384, 800, 800, 311.67
384, 880, 880, 312.01
384, 960, 960, 318.86
384, 1040, 1040, 303.28
384, 1120, 1120, 314.05
384, 1200, 1200, 307.85
384, 1280, 1280, 307.79
384, 1360, 1360, 302.98
384, 1440, 1440, 317.11
384, 1520, 1520, 309.33
384, 1600, 1600, 316.00
384, 1680, 1680, 315.99
384, 1760, 1760, 323.36
384, 1840, 1840, 311.56
384, 1920, 1920, 316.18
384, 2000, 2000, 316.45
384, 2080, 2080, 299.09
384, 2160, 2160, 233.95
384, 2240, 2240, 303.98
384, 2320, 2320, 238.10
384, 2400, 2400, 305.33
384, 2480, 2480, 245.83
384, 2560, 2560, 282.14
384, 2640, 2640, 245.16
384, 2720, 2720, 308.98
384, 2800, 2800, 249.95
384, 2880, 2880, 308.45
384, 2960, 2960, 250.17
384, 3040, 3040, 312.71
384, 3120, 3120, 248.55
384, 3200, 3200, 306.75
384, 3280, 3280, 244.19
384, 3360, 3360, 309.52
384, 3440, 3440, 239.79
384, 3520, 3520, 310.48
384, 3600, 3600, 230.43
384, 3680, 3680, 308.00
384, 3760, 3760, 224.85
384, 3840, 3840, 299.12
384, 3920, 3920, 217.59
384, 4000, 4000, 308.20
