bli_shgemm performance
MC = 640, KC = 2816, NC = 2048
m, n, k, GFLOPS
640, 2048, 80, 183.89
640, 2048, 160, 259.82
640, 2048, 240, 280.46
640, 2048, 320, 303.87
640, 2048, 400, 319.92
640, 2048, 480, 328.50
640, 2048, 560, 335.08
640, 2048, 640, 340.24
640, 2048, 720, 343.77
640, 2048, 800, 350.72
640, 2048, 880, 353.49
640, 2048, 960, 353.71
640, 2048, 1040, 359.85
640, 2048, 1120, 361.36
640, 2048, 1200, 362.42
640, 2048, 1280, 360.69
640, 2048, 1360, 362.60
640, 2048, 1440, 364.86
640, 2048, 1520, 364.68
640, 2048, 1600, 367.02
640, 2048, 1680, 368.21
640, 2048, 1760, 369.59
640, 2048, 1840, 369.96
640, 2048, 1920, 370.86
640, 2048, 2000, 371.89
640, 2048, 2080, 372.14
640, 2048, 2160, 372.00
640, 2048, 2240, 372.60
640, 2048, 2320, 372.89
640, 2048, 2400, 371.82
640, 2048, 2480, 371.23
640, 2048, 2560, 369.50
640, 2048, 2640, 368.72
640, 2048, 2720, 367.32
640, 2048, 2800, 363.13
640, 2048, 2880, 351.80
640, 2048, 2960, 352.05
640, 2048, 3040, 353.90
640, 2048, 3120, 353.69
640, 2048, 3200, 355.54
640, 2048, 3280, 355.91
640, 2048, 3360, 356.48
640, 2048, 3440, 353.42
640, 2048, 3520, 353.81
640, 2048, 3600, 354.83
640, 2048, 3680, 355.76
640, 2048, 3760, 364.73
640, 2048, 3840, 365.40
640, 2048, 3920, 365.55
640, 2048, 4000, 365.99
