bli_shgemm performance
MC = 512, KC = 2048, NC = 1024
m, n, k, GFLOPS
512, 1024, 80, 203.85
512, 1024, 160, 261.57
512, 1024, 240, 301.78
512, 1024, 320, 319.59
512, 1024, 400, 330.73
512, 1024, 480, 332.68
512, 1024, 560, 332.42
512, 1024, 640, 331.76
512, 1024, 720, 322.86
512, 1024, 800, 324.04
512, 1024, 880, 328.87
512, 1024, 960, 332.97
512, 1024, 1040, 333.86
512, 1024, 1120, 335.33
512, 1024, 1200, 338.23
512, 1024, 1280, 339.77
512, 1024, 1360, 339.97
512, 1024, 1440, 341.53
512, 1024, 1520, 341.88
512, 1024, 1600, 346.28
512, 1024, 1680, 344.61
512, 1024, 1760, 345.08
512, 1024, 1840, 346.13
512, 1024, 1920, 347.60
512, 1024, 2000, 347.00
512, 1024, 2080, 332.55
512, 1024, 2160, 342.20
512, 1024, 2240, 346.78
512, 1024, 2320, 343.60
512, 1024, 2400, 345.25
512, 1024, 2480, 344.40
512, 1024, 2560, 347.13
512, 1024, 2640, 345.34
512, 1024, 2720, 347.34
512, 1024, 2800, 343.24
512, 1024, 2880, 345.31
512, 1024, 2960, 347.85
512, 1024, 3040, 349.52
512, 1024, 3120, 347.70
512, 1024, 3200, 352.79
512, 1024, 3280, 350.23
512, 1024, 3360, 350.71
512, 1024, 3440, 350.42
512, 1024, 3520, 353.70
512, 1024, 3600, 351.47
512, 1024, 3680, 354.91
512, 1024, 3760, 353.90
512, 1024, 3840, 355.72
512, 1024, 3920, 355.41
512, 1024, 4000, 356.96
