bli_shgemm performance
MC = 512, KC = 512, NC = 4096
m, n, k, GFLOPS
512, 4096, 80, 176.01
512, 4096, 160, 240.55
512, 4096, 240, 274.48
512, 4096, 320, 296.10
512, 4096, 400, 309.71
512, 4096, 480, 318.91
512, 4096, 560, 283.42
512, 4096, 640, 292.40
512, 4096, 720, 298.95
512, 4096, 800, 305.69
512, 4096, 880, 309.77
512, 4096, 960, 316.11
512, 4096, 1040, 295.38
512, 4096, 1120, 299.97
512, 4096, 1200, 302.70
512, 4096, 1280, 307.07
512, 4096, 1360, 321.63
512, 4096, 1440, 326.13
512, 4096, 1520, 327.08
512, 4096, 1600, 314.95
512, 4096, 1680, 317.08
512, 4096, 1760, 320.52
512, 4096, 1840, 322.36
512, 4096, 1920, 326.49
512, 4096, 2000, 327.40
512, 4096, 2080, 317.19
512, 4096, 2160, 319.66
512, 4096, 2240, 321.77
512, 4096, 2320, 323.75
512, 4096, 2400, 326.09
512, 4096, 2480, 326.73
512, 4096, 2560, 328.55
512, 4096, 2640, 319.88
512, 4096, 2720, 322.17
512, 4096, 2800, 323.50
512, 4096, 2880, 325.68
512, 4096, 2960, 326.29
512, 4096, 3040, 328.12
512, 4096, 3120, 321.18
512, 4096, 3200, 323.82
512, 4096, 3280, 324.99
512, 4096, 3360, 326.34
512, 4096, 3440, 327.30
512, 4096, 3520, 329.55
512, 4096, 3600, 323.55
512, 4096, 3680, 324.49
512, 4096, 3760, 325.16
512, 4096, 3840, 327.08
512, 4096, 3920, 328.45
512, 4096, 4000, 329.99
