bli_shgemm performance
MC = 512, KC = 3840, NC = 3072
m, n, k, GFLOPS
512, 80, 80, 194.22
512, 160, 160, 263.26
512, 240, 240, 301.51
512, 320, 320, 324.05
512, 400, 400, 339.85
512, 480, 480, 343.91
512, 560, 560, 348.69
512, 640, 640, 349.34
512, 720, 720, 353.41
512, 800, 800, 355.96
512, 880, 880, 354.08
512, 960, 960, 361.21
512, 1040, 1040, 364.97
512, 1120, 1120, 366.40
512, 1200, 1200, 372.35
512, 1280, 1280, 361.09
512, 1360, 1360, 376.49
512, 1440, 1440, 377.15
512, 1520, 1520, 377.09
512, 1600, 1600, 379.13
512, 1680, 1680, 379.33
512, 1760, 1760, 381.12
512, 1840, 1840, 381.96
512, 1920, 1920, 375.42
512, 2000, 2000, 382.53
512, 2080, 2080, 380.85
512, 2160, 2160, 342.58
512, 2240, 2240, 388.20
512, 2320, 2320, 332.22
512, 2400, 2400, 387.27
512, 2480, 2480, 328.70
512, 2560, 2560, 368.10
512, 2640, 2640, 323.14
512, 2720, 2720, 385.47
512, 2800, 2800, 317.62
512, 2880, 2880, 383.01
512, 2960, 2960, 310.65
512, 3040, 3040, 381.91
512, 3120, 3120, 298.07
512, 3200, 3200, 363.66
512, 3280, 3280, 283.26
512, 3360, 3360, 359.26
512, 3440, 3440, 268.23
512, 3520, 3520, 341.77
512, 3600, 3600, 252.80
512, 3680, 3680, 338.17
512, 3760, 3760, 268.94
512, 3840, 3840, 322.78
512, 3920, 3920, 247.32
512, 4000, 4000, 315.35
