bli_shgemm performance
MC = 256, KC = 768, NC = 5120
m, n, k, GFLOPS
256, 80, 80, 183.98
256, 160, 160, 248.00
256, 240, 240, 279.79
256, 320, 320, 299.76
256, 400, 400, 312.17
256, 480, 480, 319.99
256, 560, 560, 326.44
256, 640, 640, 329.58
256, 720, 720, 333.46
256, 800, 800, 323.52
256, 880, 880, 321.69
256, 960, 960, 325.69
256, 1040, 1040, 319.61
256, 1120, 1120, 329.62
256, 1200, 1200, 329.32
256, 1280, 1280, 317.29
256, 1360, 1360, 330.97
256, 1440, 1440, 333.83
256, 1520, 1520, 336.75
256, 1600, 1600, 328.88
256, 1680, 1680, 328.94
256, 1760, 1760, 331.76
256, 1840, 1840, 331.97
256, 1920, 1920, 325.37
256, 2000, 2000, 333.58
256, 2080, 2080, 332.84
256, 2160, 2160, 255.49
256, 2240, 2240, 327.61
256, 2320, 2320, 252.69
256, 2400, 2400, 325.78
256, 2480, 2480, 253.35
256, 2560, 2560, 297.56
256, 2640, 2640, 249.81
256, 2720, 2720, 330.35
256, 2800, 2800, 244.75
256, 2880, 2880, 325.50
256, 2960, 2960, 241.72
256, 3040, 3040, 332.16
256, 3120, 3120, 230.27
256, 3200, 3200, 311.34
256, 3280, 3280, 228.03
256, 3360, 3360, 328.82
256, 3440, 3440, 221.58
256, 3520, 3520, 324.25
256, 3600, 3600, 213.98
256, 3680, 3680, 329.97
256, 3760, 3760, 209.24
256, 3840, 3840, 309.52
256, 3920, 3920, 202.41
256, 4000, 4000, 326.87
