bli_shgemm performance
MC = 384, KC = 3584, NC = 2048
m, n, k, GFLOPS
384, 2048, 80, 202.09
384, 2048, 160, 265.00
384, 2048, 240, 281.66
384, 2048, 320, 295.55
384, 2048, 400, 302.06
384, 2048, 480, 308.89
384, 2048, 560, 313.85
384, 2048, 640, 321.02
384, 2048, 720, 316.73
384, 2048, 800, 324.97
384, 2048, 880, 324.88
384, 2048, 960, 330.82
384, 2048, 1040, 331.74
384, 2048, 1120, 333.94
384, 2048, 1200, 335.46
384, 2048, 1280, 338.01
384, 2048, 1360, 339.34
384, 2048, 1440, 338.96
384, 2048, 1520, 338.15
384, 2048, 1600, 340.17
384, 2048, 1680, 340.52
384, 2048, 1760, 341.11
384, 2048, 1840, 343.01
384, 2048, 1920, 341.95
384, 2048, 2000, 343.49
384, 2048, 2080, 343.45
384, 2048, 2160, 349.20
384, 2048, 2240, 353.67
384, 2048, 2320, 352.91
384, 2048, 2400, 353.03
384, 2048, 2480, 353.37
384, 2048, 2560, 352.49
384, 2048, 2640, 353.10
384, 2048, 2720, 353.54
384, 2048, 2800, 353.55
384, 2048, 2880, 353.07
384, 2048, 2960, 353.45
384, 2048, 3040, 352.80
384, 2048, 3120, 351.51
384, 2048, 3200, 352.12
384, 2048, 3280, 351.42
384, 2048, 3360, 352.98
384, 2048, 3440, 351.03
384, 2048, 3520, 352.30
384, 2048, 3600, 334.98
384, 2048, 3680, 337.34
384, 2048, 3760, 336.93
384, 2048, 3840, 338.78
384, 2048, 3920, 339.51
384, 2048, 4000, 340.25
