bli_shgemm performance
MC = 640, KC = 1024, NC = 5120
m, n, k, GFLOPS
640, 5120, 1024, 350.13
640, 5120, 1024, 346.75
640, 5120, 1024, 347.13
640, 5120, 1024, 345.59
640, 5120, 1024, 349.00
640, 5120, 1024, 347.97
640, 5120, 1024, 346.68
640, 5120, 1024, 347.29
640, 5120, 1024, 340.56
640, 5120, 1024, 347.17
640, 5120, 1024, 347.08
640, 5120, 1024, 348.10
640, 5120, 1024, 348.05
640, 5120, 1024, 341.55
640, 5120, 1024, 347.25
640, 5120, 1024, 343.03
640, 5120, 1024, 341.43
640, 5120, 1024, 347.71
640, 5120, 1024, 345.19
640, 5120, 1024, 347.11
640, 5120, 1024, 345.00
640, 5120, 1024, 346.85
640, 5120, 1024, 346.08
640, 5120, 1024, 340.91
640, 5120, 1024, 347.02
640, 5120, 1024, 347.40
640, 5120, 1024, 346.50
640, 5120, 1024, 344.77
640, 5120, 1024, 345.02
640, 5120, 1024, 347.14
640, 5120, 1024, 344.94
640, 5120, 1024, 344.69
640, 5120, 1024, 348.02
640, 5120, 1024, 346.46
640, 5120, 1024, 347.76
640, 5120, 1024, 347.07
640, 5120, 1024, 347.21
640, 5120, 1024, 347.54
640, 5120, 1024, 346.25
640, 5120, 1024, 345.75
640, 5120, 1024, 346.86
640, 5120, 1024, 347.94
640, 5120, 1024, 346.15
640, 5120, 1024, 347.33
640, 5120, 1024, 342.18
640, 5120, 1024, 346.16
640, 5120, 1024, 346.88
640, 5120, 1024, 347.04
640, 5120, 1024, 342.50
640, 5120, 1024, 346.79
