bli_shgemm performance
MC = 384, KC = 3840, NC = 3072
m, n, k, GFLOPS
384, 3072, 3840, 341.98
384, 3072, 3840, 341.93
384, 3072, 3840, 341.80
384, 3072, 3840, 341.22
384, 3072, 3840, 341.28
384, 3072, 3840, 341.78
384, 3072, 3840, 342.28
384, 3072, 3840, 341.39
384, 3072, 3840, 341.64
384, 3072, 3840, 341.24
384, 3072, 3840, 341.84
384, 3072, 3840, 341.34
384, 3072, 3840, 341.38
384, 3072, 3840, 342.09
384, 3072, 3840, 341.74
384, 3072, 3840, 341.84
384, 3072, 3840, 341.37
384, 3072, 3840, 341.56
384, 3072, 3840, 341.36
384, 3072, 3840, 342.12
384, 3072, 3840, 341.67
384, 3072, 3840, 341.33
384, 3072, 3840, 341.49
384, 3072, 3840, 341.73
384, 3072, 3840, 341.65
384, 3072, 3840, 341.37
384, 3072, 3840, 341.38
384, 3072, 3840, 341.43
384, 3072, 3840, 341.89
384, 3072, 3840, 341.72
384, 3072, 3840, 341.95
384, 3072, 3840, 341.45
384, 3072, 3840, 341.38
384, 3072, 3840, 342.12
384, 3072, 3840, 341.80
384, 3072, 3840, 341.37
384, 3072, 3840, 341.44
384, 3072, 3840, 341.99
384, 3072, 3840, 341.21
384, 3072, 3840, 342.07
384, 3072, 3840, 342.19
384, 3072, 3840, 341.17
384, 3072, 3840, 341.37
384, 3072, 3840, 342.34
384, 3072, 3840, 342.11
384, 3072, 3840, 342.07
384, 3072, 3840, 342.05
384, 3072, 3840, 341.52
384, 3072, 3840, 341.98
384, 3072, 3840, 341.40
