bli_shgemm performance
MC = 640, KC = 2816, NC = 3072
m, n, k, GFLOPS
640, 3072, 2816, 359.38
640, 3072, 2816, 359.48
640, 3072, 2816, 359.75
640, 3072, 2816, 359.33
640, 3072, 2816, 359.86
640, 3072, 2816, 359.42
640, 3072, 2816, 360.01
640, 3072, 2816, 360.63
640, 3072, 2816, 359.90
640, 3072, 2816, 360.19
640, 3072, 2816, 359.08
640, 3072, 2816, 359.84
640, 3072, 2816, 359.77
640, 3072, 2816, 360.47
640, 3072, 2816, 360.59
640, 3072, 2816, 359.18
640, 3072, 2816, 359.18
640, 3072, 2816, 359.33
640, 3072, 2816, 359.69
640, 3072, 2816, 360.47
640, 3072, 2816, 359.50
640, 3072, 2816, 359.39
640, 3072, 2816, 360.38
640, 3072, 2816, 360.04
640, 3072, 2816, 360.35
640, 3072, 2816, 359.61
640, 3072, 2816, 359.17
640, 3072, 2816, 359.68
640, 3072, 2816, 359.99
640, 3072, 2816, 358.97
640, 3072, 2816, 359.68
640, 3072, 2816, 359.21
640, 3072, 2816, 359.10
640, 3072, 2816, 358.84
640, 3072, 2816, 359.70
640, 3072, 2816, 358.89
640, 3072, 2816, 359.09
640, 3072, 2816, 359.82
640, 3072, 2816, 359.01
640, 3072, 2816, 360.84
640, 3072, 2816, 359.30
640, 3072, 2816, 359.20
640, 3072, 2816, 359.27
640, 3072, 2816, 359.72
640, 3072, 2816, 359.86
640, 3072, 2816, 359.30
640, 3072, 2816, 359.80
640, 3072, 2816, 358.94
640, 3072, 2816, 358.98
640, 3072, 2816, 358.97
