bli_shgemm performance
MC = 640, KC = 2048, NC = 3072
m, n, k, GFLOPS
640, 3072, 80, 175.35
640, 3072, 160, 261.92
640, 3072, 240, 281.19
640, 3072, 320, 306.92
640, 3072, 400, 322.17
640, 3072, 480, 331.39
640, 3072, 560, 339.15
640, 3072, 640, 341.92
640, 3072, 720, 343.10
640, 3072, 800, 351.99
640, 3072, 880, 354.11
640, 3072, 960, 359.57
640, 3072, 1040, 362.93
640, 3072, 1120, 364.73
640, 3072, 1200, 360.61
640, 3072, 1280, 361.42
640, 3072, 1360, 363.49
640, 3072, 1440, 363.59
640, 3072, 1520, 366.07
640, 3072, 1600, 366.95
640, 3072, 1680, 368.20
640, 3072, 1760, 369.71
640, 3072, 1840, 370.06
640, 3072, 1920, 368.91
640, 3072, 2000, 371.05
640, 3072, 2080, 347.49
640, 3072, 2160, 350.05
640, 3072, 2240, 352.13
640, 3072, 2320, 353.25
640, 3072, 2400, 355.32
640, 3072, 2480, 367.92
640, 3072, 2560, 369.12
640, 3072, 2640, 369.03
640, 3072, 2720, 367.26
640, 3072, 2800, 369.77
640, 3072, 2880, 370.05
640, 3072, 2960, 371.09
640, 3072, 3040, 373.09
640, 3072, 3120, 373.24
640, 3072, 3200, 373.61
640, 3072, 3280, 374.11
640, 3072, 3360, 373.31
640, 3072, 3440, 373.30
640, 3072, 3520, 376.02
640, 3072, 3600, 376.66
640, 3072, 3680, 377.04
640, 3072, 3760, 375.50
640, 3072, 3840, 378.05
640, 3072, 3920, 376.12
640, 3072, 4000, 377.43
