bli_shgemm performance
MC = 384, KC = 512, NC = 4096
m, n, k, GFLOPS
384, 4096, 512, 308.01
384, 4096, 512, 307.92
384, 4096, 512, 306.60
384, 4096, 512, 307.65
384, 4096, 512, 307.66
384, 4096, 512, 307.37
384, 4096, 512, 307.78
384, 4096, 512, 307.13
384, 4096, 512, 308.02
384, 4096, 512, 308.12
384, 4096, 512, 308.02
384, 4096, 512, 308.12
384, 4096, 512, 307.64
384, 4096, 512, 308.12
384, 4096, 512, 307.09
384, 4096, 512, 307.54
384, 4096, 512, 307.38
384, 4096, 512, 307.63
384, 4096, 512, 307.17
384, 4096, 512, 307.65
384, 4096, 512, 307.34
384, 4096, 512, 306.77
384, 4096, 512, 307.10
384, 4096, 512, 307.09
384, 4096, 512, 307.47
384, 4096, 512, 307.35
384, 4096, 512, 307.68
384, 4096, 512, 307.57
384, 4096, 512, 307.97
384, 4096, 512, 307.70
384, 4096, 512, 307.32
384, 4096, 512, 307.92
384, 4096, 512, 307.43
384, 4096, 512, 307.63
384, 4096, 512, 307.20
384, 4096, 512, 306.99
384, 4096, 512, 307.34
384, 4096, 512, 307.10
384, 4096, 512, 307.08
384, 4096, 512, 307.09
384, 4096, 512, 307.39
384, 4096, 512, 307.28
384, 4096, 512, 307.50
384, 4096, 512, 307.18
384, 4096, 512, 307.53
384, 4096, 512, 307.11
384, 4096, 512, 306.85
384, 4096, 512, 307.30
384, 4096, 512, 307.51
384, 4096, 512, 307.48
