bli_shgemm performance
MC = 384, KC = 1280, NC = 3072
m, n, k, GFLOPS
384, 3072, 80, 178.60
384, 3072, 160, 253.45
384, 3072, 240, 273.17
384, 3072, 320, 290.07
384, 3072, 400, 302.49
384, 3072, 480, 311.95
384, 3072, 560, 317.57
384, 3072, 640, 322.76
384, 3072, 720, 324.93
384, 3072, 800, 331.83
384, 3072, 880, 327.44
384, 3072, 960, 342.51
384, 3072, 1040, 343.84
384, 3072, 1120, 346.33
384, 3072, 1200, 349.17
384, 3072, 1280, 349.44
384, 3072, 1360, 317.59
384, 3072, 1440, 321.53
384, 3072, 1520, 334.47
384, 3072, 1600, 338.96
384, 3072, 1680, 338.97
384, 3072, 1760, 340.87
384, 3072, 1840, 341.72
384, 3072, 1920, 343.88
384, 3072, 2000, 343.13
384, 3072, 2080, 346.43
384, 3072, 2160, 347.64
384, 3072, 2240, 349.07
384, 3072, 2320, 349.76
384, 3072, 2400, 351.38
384, 3072, 2480, 351.48
384, 3072, 2560, 352.27
384, 3072, 2640, 340.25
384, 3072, 2720, 341.12
384, 3072, 2800, 342.51
384, 3072, 2880, 344.30
384, 3072, 2960, 344.26
384, 3072, 3040, 345.50
384, 3072, 3120, 345.72
384, 3072, 3200, 346.27
384, 3072, 3280, 346.19
384, 3072, 3360, 348.75
384, 3072, 3440, 348.05
384, 3072, 3520, 349.87
384, 3072, 3600, 349.57
384, 3072, 3680, 351.17
384, 3072, 3760, 350.09
384, 3072, 3840, 351.55
384, 3072, 3920, 343.83
384, 3072, 4000, 344.77
