bli_shgemm performance
MC = 384, KC = 3584, NC = 2048
m, n, k, GFLOPS
384, 2048, 3584, 345.20
384, 2048, 3584, 345.99
384, 2048, 3584, 345.64
384, 2048, 3584, 345.31
384, 2048, 3584, 345.33
384, 2048, 3584, 345.67
384, 2048, 3584, 344.92
384, 2048, 3584, 345.56
384, 2048, 3584, 345.51
384, 2048, 3584, 345.58
384, 2048, 3584, 345.61
384, 2048, 3584, 345.36
384, 2048, 3584, 345.60
384, 2048, 3584, 345.54
384, 2048, 3584, 345.33
384, 2048, 3584, 344.89
384, 2048, 3584, 345.14
384, 2048, 3584, 345.41
384, 2048, 3584, 345.83
384, 2048, 3584, 346.25
384, 2048, 3584, 345.90
384, 2048, 3584, 346.03
384, 2048, 3584, 345.51
384, 2048, 3584, 345.45
384, 2048, 3584, 345.43
384, 2048, 3584, 345.57
384, 2048, 3584, 345.53
384, 2048, 3584, 345.39
384, 2048, 3584, 345.57
384, 2048, 3584, 345.55
384, 2048, 3584, 345.21
384, 2048, 3584, 345.74
384, 2048, 3584, 345.29
384, 2048, 3584, 344.99
384, 2048, 3584, 345.38
384, 2048, 3584, 345.59
384, 2048, 3584, 345.67
384, 2048, 3584, 345.75
384, 2048, 3584, 345.53
384, 2048, 3584, 345.39
384, 2048, 3584, 345.63
384, 2048, 3584, 345.33
384, 2048, 3584, 345.23
384, 2048, 3584, 346.50
384, 2048, 3584, 345.40
384, 2048, 3584, 345.32
384, 2048, 3584, 345.63
384, 2048, 3584, 345.72
384, 2048, 3584, 345.62
384, 2048, 3584, 345.26
