bli_shgemm performance
MC = 256, KC = 3328, NC = 5120
m, n, k, GFLOPS
256, 5120, 80, 164.90
256, 5120, 160, 217.29
256, 5120, 240, 239.58
256, 5120, 320, 253.50
256, 5120, 400, 263.42
256, 5120, 480, 278.73
256, 5120, 560, 285.62
256, 5120, 640, 274.09
256, 5120, 720, 290.35
256, 5120, 800, 295.85
256, 5120, 880, 297.08
256, 5120, 960, 299.19
256, 5120, 1040, 300.67
256, 5120, 1120, 303.03
256, 5120, 1200, 304.01
256, 5120, 1280, 306.28
256, 5120, 1360, 305.21
256, 5120, 1440, 306.00
256, 5120, 1520, 307.11
256, 5120, 1600, 308.00
256, 5120, 1680, 308.23
256, 5120, 1760, 307.73
256, 5120, 1840, 307.53
256, 5120, 1920, 307.89
256, 5120, 2000, 306.69
256, 5120, 2080, 308.43
256, 5120, 2160, 308.23
256, 5120, 2240, 309.36
256, 5120, 2320, 308.02
256, 5120, 2400, 308.59
256, 5120, 2480, 308.03
256, 5120, 2560, 308.70
256, 5120, 2640, 307.46
256, 5120, 2720, 307.66
256, 5120, 2800, 307.48
256, 5120, 2880, 307.34
256, 5120, 2960, 306.81
256, 5120, 3040, 309.43
256, 5120, 3120, 308.74
256, 5120, 3200, 308.95
256, 5120, 3280, 308.11
256, 5120, 3360, 302.73
256, 5120, 3440, 303.73
256, 5120, 3520, 304.56
256, 5120, 3600, 304.82
256, 5120, 3680, 306.77
256, 5120, 3760, 307.26
256, 5120, 3840, 308.75
256, 5120, 3920, 308.40
256, 5120, 4000, 309.41
