bli_shgemm performance
MC = 256, KC = 1280, NC = 3072
m, n, k, GFLOPS
256, 3072, 80, 197.44
256, 3072, 160, 241.21
256, 3072, 240, 263.02
256, 3072, 320, 273.53
256, 3072, 400, 281.46
256, 3072, 480, 287.20
256, 3072, 560, 292.59
256, 3072, 640, 296.44
256, 3072, 720, 298.66
256, 3072, 800, 313.26
256, 3072, 880, 314.55
256, 3072, 960, 316.89
256, 3072, 1040, 319.32
256, 3072, 1120, 322.49
256, 3072, 1200, 322.26
256, 3072, 1280, 324.85
256, 3072, 1360, 298.19
256, 3072, 1440, 314.76
256, 3072, 1520, 316.58
256, 3072, 1600, 319.37
256, 3072, 1680, 320.28
256, 3072, 1760, 321.12
256, 3072, 1840, 321.79
256, 3072, 1920, 322.66
256, 3072, 2000, 323.19
256, 3072, 2080, 325.50
256, 3072, 2160, 325.49
256, 3072, 2240, 327.77
256, 3072, 2320, 328.03
256, 3072, 2400, 328.91
256, 3072, 2480, 328.96
256, 3072, 2560, 330.85
256, 3072, 2640, 322.30
256, 3072, 2720, 322.29
256, 3072, 2800, 322.65
256, 3072, 2880, 324.65
256, 3072, 2960, 324.83
256, 3072, 3040, 324.90
256, 3072, 3120, 325.59
256, 3072, 3200, 326.36
256, 3072, 3280, 326.33
256, 3072, 3360, 328.00
256, 3072, 3440, 327.63
256, 3072, 3520, 329.37
256, 3072, 3600, 329.17
256, 3072, 3680, 329.32
256, 3072, 3760, 329.29
256, 3072, 3840, 329.84
256, 3072, 3920, 324.31
256, 3072, 4000, 324.81
