bli_shgemm performance
MC = 512, KC = 2560, NC = 3072
m, n, k, GFLOPS
512, 3072, 80, 172.73
512, 3072, 160, 256.73
512, 3072, 240, 276.97
512, 3072, 320, 306.72
512, 3072, 400, 319.94
512, 3072, 480, 322.46
512, 3072, 560, 330.29
512, 3072, 640, 335.80
512, 3072, 720, 339.05
512, 3072, 800, 348.05
512, 3072, 880, 349.64
512, 3072, 960, 353.77
512, 3072, 1040, 349.52
512, 3072, 1120, 353.73
512, 3072, 1200, 354.52
512, 3072, 1280, 356.74
512, 3072, 1360, 356.75
512, 3072, 1440, 357.52
512, 3072, 1520, 358.20
512, 3072, 1600, 359.34
512, 3072, 1680, 361.30
512, 3072, 1760, 372.62
512, 3072, 1840, 373.87
512, 3072, 1920, 373.43
512, 3072, 2000, 373.50
512, 3072, 2080, 373.82
512, 3072, 2160, 373.83
512, 3072, 2240, 375.86
512, 3072, 2320, 376.28
512, 3072, 2400, 375.81
512, 3072, 2480, 376.27
512, 3072, 2560, 375.61
512, 3072, 2640, 349.35
512, 3072, 2720, 351.57
512, 3072, 2800, 353.70
512, 3072, 2880, 355.26
512, 3072, 2960, 355.63
512, 3072, 3040, 369.03
512, 3072, 3120, 369.79
512, 3072, 3200, 370.24
512, 3072, 3280, 369.94
512, 3072, 3360, 371.46
512, 3072, 3440, 371.12
512, 3072, 3520, 372.67
512, 3072, 3600, 372.54
512, 3072, 3680, 372.94
512, 3072, 3760, 373.19
512, 3072, 3840, 373.74
512, 3072, 3920, 373.72
512, 3072, 4000, 374.17
