bli_shgemm performance
MC = 640, KC = 2560, NC = 3072
m, n, k, GFLOPS
640, 80, 80, 196.39
640, 160, 160, 266.28
640, 240, 240, 304.89
640, 320, 320, 326.24
640, 400, 400, 341.09
640, 480, 480, 349.41
640, 560, 560, 349.49
640, 640, 640, 349.51
640, 720, 720, 352.17
640, 800, 800, 359.47
640, 880, 880, 361.61
640, 960, 960, 367.67
640, 1040, 1040, 373.49
640, 1120, 1120, 371.93
640, 1200, 1200, 378.73
640, 1280, 1280, 369.01
640, 1360, 1360, 381.85
640, 1440, 1440, 381.21
640, 1520, 1520, 384.74
640, 1600, 1600, 386.60
640, 1680, 1680, 389.53
640, 1760, 1760, 390.09
640, 1840, 1840, 392.74
640, 1920, 1920, 385.14
640, 2000, 2000, 392.66
640, 2080, 2080, 386.73
640, 2160, 2160, 346.20
640, 2240, 2240, 386.67
640, 2320, 2320, 341.81
640, 2400, 2400, 387.52
640, 2480, 2480, 336.23
640, 2560, 2560, 370.12
640, 2640, 2640, 315.70
640, 2720, 2720, 377.23
640, 2800, 2800, 312.36
640, 2880, 2880, 374.76
640, 2960, 2960, 309.77
640, 3040, 3040, 379.05
640, 3120, 3120, 295.65
640, 3200, 3200, 364.97
640, 3280, 3280, 288.87
640, 3360, 3360, 373.68
640, 3440, 3440, 285.39
640, 3520, 3520, 372.11
640, 3600, 3600, 281.12
640, 3680, 3680, 375.76
640, 3760, 3760, 280.19
640, 3840, 3840, 364.58
640, 3920, 3920, 278.24
640, 4000, 4000, 377.85
