bli_shgemm performance
MC = 384, KC = 1024, NC = 4096
m, n, k, GFLOPS
384, 4096, 80, 174.72
384, 4096, 160, 231.56
384, 4096, 240, 265.33
384, 4096, 320, 287.64
384, 4096, 400, 300.66
384, 4096, 480, 309.91
384, 4096, 560, 317.53
384, 4096, 640, 321.09
384, 4096, 720, 324.09
384, 4096, 800, 330.19
384, 4096, 880, 330.24
384, 4096, 960, 332.84
384, 4096, 1040, 301.92
384, 4096, 1120, 307.21
384, 4096, 1200, 321.08
384, 4096, 1280, 324.97
384, 4096, 1360, 326.07
384, 4096, 1440, 329.13
384, 4096, 1520, 329.46
384, 4096, 1600, 333.12
384, 4096, 1680, 332.70
384, 4096, 1760, 335.22
384, 4096, 1840, 336.61
384, 4096, 1920, 337.63
384, 4096, 2000, 338.67
384, 4096, 2080, 327.14
384, 4096, 2160, 328.34
384, 4096, 2240, 329.48
384, 4096, 2320, 330.62
384, 4096, 2400, 332.16
384, 4096, 2480, 334.02
384, 4096, 2560, 335.20
384, 4096, 2640, 336.08
384, 4096, 2720, 335.79
384, 4096, 2800, 337.16
384, 4096, 2880, 337.80
384, 4096, 2960, 339.32
384, 4096, 3040, 340.40
384, 4096, 3120, 331.28
384, 4096, 3200, 332.29
384, 4096, 3280, 332.50
384, 4096, 3360, 333.80
384, 4096, 3440, 333.73
384, 4096, 3520, 335.72
384, 4096, 3600, 335.36
384, 4096, 3680, 336.40
384, 4096, 3760, 336.34
384, 4096, 3840, 338.04
384, 4096, 3920, 338.44
384, 4096, 4000, 339.67
