bli_shgemm performance
MC = 384, KC = 2048, NC = 1024
m, n, k, GFLOPS
384, 1024, 2048, 304.25
384, 1024, 2048, 300.80
384, 1024, 2048, 302.13
384, 1024, 2048, 303.30
384, 1024, 2048, 304.61
384, 1024, 2048, 303.29
384, 1024, 2048, 303.38
384, 1024, 2048, 302.82
384, 1024, 2048, 302.94
384, 1024, 2048, 302.24
384, 1024, 2048, 303.04
384, 1024, 2048, 302.48
384, 1024, 2048, 303.81
384, 1024, 2048, 304.92
384, 1024, 2048, 304.78
384, 1024, 2048, 302.94
384, 1024, 2048, 302.84
384, 1024, 2048, 301.86
384, 1024, 2048, 302.87
384, 1024, 2048, 303.44
384, 1024, 2048, 304.04
384, 1024, 2048, 304.31
384, 1024, 2048, 303.03
384, 1024, 2048, 302.26
384, 1024, 2048, 303.40
384, 1024, 2048, 302.51
384, 1024, 2048, 304.11
384, 1024, 2048, 303.27
384, 1024, 2048, 303.63
384, 1024, 2048, 302.55
384, 1024, 2048, 304.97
384, 1024, 2048, 301.48
384, 1024, 2048, 303.03
384, 1024, 2048, 300.99
384, 1024, 2048, 303.67
384, 1024, 2048, 303.28
384, 1024, 2048, 302.19
384, 1024, 2048, 303.48
384, 1024, 2048, 303.30
384, 1024, 2048, 304.03
384, 1024, 2048, 305.14
384, 1024, 2048, 301.58
384, 1024, 2048, 303.26
384, 1024, 2048, 302.67
384, 1024, 2048, 302.60
384, 1024, 2048, 303.78
384, 1024, 2048, 303.58
384, 1024, 2048, 303.82
384, 1024, 2048, 303.20
384, 1024, 2048, 301.70
