bli_shgemm performance
MC = 512, KC = 3584, NC = 5120
m, n, k, GFLOPS
512, 80, 80, 193.64
512, 160, 160, 264.29
512, 240, 240, 299.61
512, 320, 320, 322.55
512, 400, 400, 336.28
512, 480, 480, 346.04
512, 560, 560, 349.56
512, 640, 640, 350.99
512, 720, 720, 353.75
512, 800, 800, 357.25
512, 880, 880, 350.60
512, 960, 960, 359.23
512, 1040, 1040, 361.35
512, 1120, 1120, 366.17
512, 1200, 1200, 365.20
512, 1280, 1280, 363.98
512, 1360, 1360, 373.92
512, 1440, 1440, 377.67
512, 1520, 1520, 374.95
512, 1600, 1600, 379.25
512, 1680, 1680, 379.48
512, 1760, 1760, 381.67
512, 1840, 1840, 358.28
512, 1920, 1920, 356.59
512, 2000, 2000, 358.63
512, 2080, 2080, 360.61
512, 2160, 2160, 351.57
512, 2240, 2240, 363.03
512, 2320, 2320, 351.42
512, 2400, 2400, 361.23
512, 2480, 2480, 349.53
512, 2560, 2560, 350.22
512, 2640, 2640, 347.36
512, 2720, 2720, 360.76
512, 2800, 2800, 343.51
512, 2880, 2880, 363.58
512, 2960, 2960, 341.18
512, 3040, 3040, 358.68
512, 3120, 3120, 339.05
512, 3200, 3200, 357.17
512, 3280, 3280, 335.24
512, 3360, 3360, 351.50
512, 3440, 3440, 329.60
512, 3520, 3520, 348.22
512, 3600, 3600, 310.76
512, 3680, 3680, 343.62
512, 3760, 3760, 334.70
512, 3840, 3840, 355.90
512, 3920, 3920, 341.43
512, 4000, 4000, 360.08
