bli_shgemm performance
MC = 256, KC = 3584, NC = 2048
m, n, k, GFLOPS
256, 80, 80, 183.63
256, 160, 160, 248.45
256, 240, 240, 281.46
256, 320, 320, 301.92
256, 400, 400, 316.14
256, 480, 480, 324.32
256, 560, 560, 329.04
256, 640, 640, 332.78
256, 720, 720, 338.30
256, 800, 800, 341.75
256, 880, 880, 338.01
256, 960, 960, 338.42
256, 1040, 1040, 338.64
256, 1120, 1120, 341.40
256, 1200, 1200, 340.75
256, 1280, 1280, 323.73
256, 1360, 1360, 347.00
256, 1440, 1440, 348.72
256, 1520, 1520, 350.53
256, 1600, 1600, 348.15
256, 1680, 1680, 351.59
256, 1760, 1760, 351.88
256, 1840, 1840, 352.94
256, 1920, 1920, 338.11
256, 2000, 2000, 350.23
256, 2080, 2080, 344.43
256, 2160, 2160, 272.47
256, 2240, 2240, 343.00
256, 2320, 2320, 273.91
256, 2400, 2400, 346.49
256, 2480, 2480, 268.51
256, 2560, 2560, 319.75
256, 2640, 2640, 262.75
256, 2720, 2720, 341.19
256, 2800, 2800, 252.17
256, 2880, 2880, 341.15
256, 2960, 2960, 262.32
256, 3040, 3040, 348.19
256, 3120, 3120, 265.20
256, 3200, 3200, 338.54
256, 3280, 3280, 254.93
256, 3360, 3360, 347.23
256, 3440, 3440, 249.41
256, 3520, 3520, 340.65
256, 3600, 3600, 236.47
256, 3680, 3680, 338.74
256, 3760, 3760, 318.80
256, 3840, 3840, 334.59
256, 3920, 3920, 326.82
256, 4000, 4000, 339.95
