bli_shgemm performance
MC = 384, KC = 3072, NC = 1024
m, n, k, GFLOPS
384, 1024, 3072, 343.29
384, 1024, 3072, 344.22
384, 1024, 3072, 344.20
384, 1024, 3072, 343.63
384, 1024, 3072, 342.99
384, 1024, 3072, 343.37
384, 1024, 3072, 343.72
384, 1024, 3072, 343.41
384, 1024, 3072, 342.60
384, 1024, 3072, 342.52
384, 1024, 3072, 343.14
384, 1024, 3072, 343.84
384, 1024, 3072, 343.07
384, 1024, 3072, 343.08
384, 1024, 3072, 343.55
384, 1024, 3072, 342.23
384, 1024, 3072, 343.60
384, 1024, 3072, 342.97
384, 1024, 3072, 342.61
384, 1024, 3072, 343.37
384, 1024, 3072, 342.66
384, 1024, 3072, 342.69
384, 1024, 3072, 342.96
384, 1024, 3072, 342.16
384, 1024, 3072, 342.23
384, 1024, 3072, 342.81
384, 1024, 3072, 343.18
384, 1024, 3072, 342.88
384, 1024, 3072, 341.95
384, 1024, 3072, 343.24
384, 1024, 3072, 342.92
384, 1024, 3072, 343.58
384, 1024, 3072, 342.91
384, 1024, 3072, 342.51
384, 1024, 3072, 342.98
384, 1024, 3072, 342.78
384, 1024, 3072, 342.16
384, 1024, 3072, 341.95
384, 1024, 3072, 342.72
384, 1024, 3072, 343.21
384, 1024, 3072, 343.64
384, 1024, 3072, 342.37
384, 1024, 3072, 342.71
384, 1024, 3072, 343.10
384, 1024, 3072, 341.93
384, 1024, 3072, 343.10
384, 1024, 3072, 343.25
384, 1024, 3072, 342.58
384, 1024, 3072, 342.72
384, 1024, 3072, 342.89
