bli_shgemm performance
MC = 512, KC = 1024, NC = 1024
m, n, k, GFLOPS
512, 1024, 1024, 343.05
512, 1024, 1024, 343.12
512, 1024, 1024, 343.52
512, 1024, 1024, 343.67
512, 1024, 1024, 342.55
512, 1024, 1024, 342.01
512, 1024, 1024, 343.34
512, 1024, 1024, 342.57
512, 1024, 1024, 341.73
512, 1024, 1024, 343.19
512, 1024, 1024, 343.88
512, 1024, 1024, 341.93
512, 1024, 1024, 343.36
512, 1024, 1024, 342.93
512, 1024, 1024, 342.53
512, 1024, 1024, 342.97
512, 1024, 1024, 342.72
512, 1024, 1024, 343.13
512, 1024, 1024, 343.64
512, 1024, 1024, 342.38
512, 1024, 1024, 341.71
512, 1024, 1024, 342.61
512, 1024, 1024, 343.03
512, 1024, 1024, 342.06
512, 1024, 1024, 342.54
512, 1024, 1024, 342.72
512, 1024, 1024, 342.38
512, 1024, 1024, 341.83
512, 1024, 1024, 341.94
512, 1024, 1024, 342.88
512, 1024, 1024, 342.34
512, 1024, 1024, 342.54
512, 1024, 1024, 342.11
512, 1024, 1024, 343.40
512, 1024, 1024, 342.93
512, 1024, 1024, 342.05
512, 1024, 1024, 342.00
512, 1024, 1024, 342.62
512, 1024, 1024, 343.18
512, 1024, 1024, 341.93
512, 1024, 1024, 342.13
512, 1024, 1024, 343.04
512, 1024, 1024, 343.16
512, 1024, 1024, 343.14
512, 1024, 1024, 343.62
512, 1024, 1024, 342.51
512, 1024, 1024, 342.92
512, 1024, 1024, 342.80
512, 1024, 1024, 343.63
512, 1024, 1024, 342.55
