bli_shgemm performance
MC = 512, KC = 256, NC = 5120
m, n, k, GFLOPS
512, 5120, 80, 177.96
512, 5120, 160, 238.48
512, 5120, 240, 277.78
512, 5120, 320, 239.02
512, 5120, 400, 257.00
512, 5120, 480, 271.75
512, 5120, 560, 249.33
512, 5120, 640, 260.22
512, 5120, 720, 268.93
512, 5120, 800, 253.69
512, 5120, 880, 260.66
512, 5120, 960, 268.22
512, 5120, 1040, 255.71
512, 5120, 1120, 262.81
512, 5120, 1200, 266.98
512, 5120, 1280, 284.63
512, 5120, 1360, 273.87
512, 5120, 1440, 280.15
512, 5120, 1520, 283.99
512, 5120, 1600, 276.25
512, 5120, 1680, 278.23
512, 5120, 1760, 284.83
512, 5120, 1840, 275.25
512, 5120, 1920, 278.95
512, 5120, 2000, 281.06
512, 5120, 2080, 276.73
512, 5120, 2160, 279.35
512, 5120, 2240, 283.40
512, 5120, 2320, 275.89
512, 5120, 2400, 279.93
512, 5120, 2480, 282.95
512, 5120, 2560, 284.87
512, 5120, 2640, 277.77
512, 5120, 2720, 281.44
512, 5120, 2800, 283.94
512, 5120, 2880, 280.91
512, 5120, 2960, 281.11
512, 5120, 3040, 284.05
512, 5120, 3120, 277.96
512, 5120, 3200, 282.63
512, 5120, 3280, 282.91
512, 5120, 3360, 279.91
512, 5120, 3440, 279.94
512, 5120, 3520, 285.07
512, 5120, 3600, 279.50
512, 5120, 3680, 282.01
512, 5120, 3760, 281.70
512, 5120, 3840, 286.25
512, 5120, 3920, 280.65
512, 5120, 4000, 283.82
