bli_shgemm performance
MC = 384, KC = 1024, NC = 5120
m, n, k, GFLOPS
384, 5120, 80, 178.60
384, 5120, 160, 235.61
384, 5120, 240, 270.76
384, 5120, 320, 299.15
384, 5120, 400, 301.34
384, 5120, 480, 309.44
384, 5120, 560, 317.36
384, 5120, 640, 317.13
384, 5120, 720, 320.48
384, 5120, 800, 325.90
384, 5120, 880, 344.16
384, 5120, 960, 347.14
384, 5120, 1040, 306.60
384, 5120, 1120, 329.93
384, 5120, 1200, 332.05
384, 5120, 1280, 336.61
384, 5120, 1360, 338.09
384, 5120, 1440, 342.25
384, 5120, 1520, 342.39
384, 5120, 1600, 344.40
384, 5120, 1680, 344.04
384, 5120, 1760, 347.77
384, 5120, 1840, 348.46
384, 5120, 1920, 350.54
384, 5120, 2000, 351.73
384, 5120, 2080, 337.51
384, 5120, 2160, 339.41
384, 5120, 2240, 341.55
384, 5120, 2320, 342.67
384, 5120, 2400, 343.74
384, 5120, 2480, 344.43
384, 5120, 2560, 345.37
384, 5120, 2640, 346.67
384, 5120, 2720, 346.99
384, 5120, 2800, 347.80
384, 5120, 2880, 349.07
384, 5120, 2960, 349.75
384, 5120, 3040, 350.06
384, 5120, 3120, 341.18
384, 5120, 3200, 341.59
384, 5120, 3280, 342.38
384, 5120, 3360, 346.23
384, 5120, 3440, 345.31
384, 5120, 3520, 347.57
384, 5120, 3600, 347.31
384, 5120, 3680, 347.26
384, 5120, 3760, 347.72
384, 5120, 3840, 348.44
384, 5120, 3920, 348.51
384, 5120, 4000, 350.45
