bli_shgemm performance
MC = 256, KC = 3072, NC = 3072
m, n, k, GFLOPS
256, 80, 80, 184.33
256, 160, 160, 248.05
256, 240, 240, 282.73
256, 320, 320, 302.71
256, 400, 400, 315.61
256, 480, 480, 320.80
256, 560, 560, 326.14
256, 640, 640, 331.57
256, 720, 720, 338.83
256, 800, 800, 342.81
256, 880, 880, 339.11
256, 960, 960, 337.90
256, 1040, 1040, 337.35
256, 1120, 1120, 340.88
256, 1200, 1200, 336.57
256, 1280, 1280, 324.94
256, 1360, 1360, 339.20
256, 1440, 1440, 347.78
256, 1520, 1520, 346.50
256, 1600, 1600, 347.13
256, 1680, 1680, 349.65
256, 1760, 1760, 350.94
256, 1840, 1840, 351.69
256, 1920, 1920, 337.85
256, 2000, 2000, 351.25
256, 2080, 2080, 352.21
256, 2160, 2160, 280.59
256, 2240, 2240, 346.32
256, 2320, 2320, 272.81
256, 2400, 2400, 351.14
256, 2480, 2480, 266.58
256, 2560, 2560, 323.09
256, 2640, 2640, 328.75
256, 2720, 2720, 356.02
256, 2800, 2800, 344.89
256, 2880, 2880, 354.77
256, 2960, 2960, 329.78
256, 3040, 3040, 349.73
256, 3120, 3120, 237.45
256, 3200, 3200, 325.73
256, 3280, 3280, 234.50
256, 3360, 3360, 339.29
256, 3440, 3440, 228.64
256, 3520, 3520, 338.55
256, 3600, 3600, 222.52
256, 3680, 3680, 341.54
256, 3760, 3760, 213.35
256, 3840, 3840, 318.09
256, 3920, 3920, 210.82
256, 4000, 4000, 339.05
