bli_shgemm performance
MC = 640, KC = 1280, NC = 3072
m, n, k, GFLOPS
640, 3072, 80, 173.32
640, 3072, 160, 261.24
640, 3072, 240, 283.11
640, 3072, 320, 303.64
640, 3072, 400, 317.70
640, 3072, 480, 326.74
640, 3072, 560, 335.97
640, 3072, 640, 341.86
640, 3072, 720, 345.29
640, 3072, 800, 349.20
640, 3072, 880, 349.74
640, 3072, 960, 355.01
640, 3072, 1040, 356.01
640, 3072, 1120, 357.24
640, 3072, 1200, 359.12
640, 3072, 1280, 359.80
640, 3072, 1360, 337.80
640, 3072, 1440, 340.23
640, 3072, 1520, 342.71
640, 3072, 1600, 356.02
640, 3072, 1680, 357.34
640, 3072, 1760, 359.56
640, 3072, 1840, 360.75
640, 3072, 1920, 361.78
640, 3072, 2000, 362.49
640, 3072, 2080, 365.46
640, 3072, 2160, 365.77
640, 3072, 2240, 368.48
640, 3072, 2320, 368.63
640, 3072, 2400, 369.06
640, 3072, 2480, 370.25
640, 3072, 2560, 371.01
640, 3072, 2640, 358.04
640, 3072, 2720, 359.94
640, 3072, 2800, 361.37
640, 3072, 2880, 362.17
640, 3072, 2960, 362.79
640, 3072, 3040, 363.19
640, 3072, 3120, 364.71
640, 3072, 3200, 365.00
640, 3072, 3280, 364.67
640, 3072, 3360, 366.84
640, 3072, 3440, 366.40
640, 3072, 3520, 367.82
640, 3072, 3600, 368.54
640, 3072, 3680, 368.85
640, 3072, 3760, 369.44
640, 3072, 3840, 370.43
640, 3072, 3920, 362.21
640, 3072, 4000, 363.48
