bli_shgemm performance
MC = 512, KC = 3328, NC = 3072
m, n, k, GFLOPS
512, 3072, 3328, 315.12
512, 3072, 3328, 321.07
512, 3072, 3328, 320.17
512, 3072, 3328, 320.45
512, 3072, 3328, 320.42
512, 3072, 3328, 320.40
512, 3072, 3328, 319.94
512, 3072, 3328, 320.02
512, 3072, 3328, 320.54
512, 3072, 3328, 320.48
512, 3072, 3328, 320.02
512, 3072, 3328, 320.40
512, 3072, 3328, 320.71
512, 3072, 3328, 320.59
512, 3072, 3328, 320.51
512, 3072, 3328, 320.76
512, 3072, 3328, 320.52
512, 3072, 3328, 320.01
512, 3072, 3328, 320.37
512, 3072, 3328, 321.44
512, 3072, 3328, 320.32
512, 3072, 3328, 319.77
512, 3072, 3328, 320.22
512, 3072, 3328, 319.47
512, 3072, 3328, 320.11
512, 3072, 3328, 320.28
512, 3072, 3328, 320.52
512, 3072, 3328, 319.77
512, 3072, 3328, 319.81
512, 3072, 3328, 320.14
512, 3072, 3328, 319.64
512, 3072, 3328, 319.95
512, 3072, 3328, 320.75
512, 3072, 3328, 319.95
512, 3072, 3328, 320.36
512, 3072, 3328, 320.26
512, 3072, 3328, 320.65
512, 3072, 3328, 320.34
512, 3072, 3328, 319.82
512, 3072, 3328, 320.28
512, 3072, 3328, 320.55
512, 3072, 3328, 320.27
512, 3072, 3328, 320.43
512, 3072, 3328, 320.41
512, 3072, 3328, 320.07
512, 3072, 3328, 320.66
512, 3072, 3328, 320.45
512, 3072, 3328, 319.77
512, 3072, 3328, 320.27
512, 3072, 3328, 320.16
