bli_shgemm performance
MC = 384, KC = 3840, NC = 3072
m, n, k, GFLOPS
384, 80, 80, 189.90
384, 160, 160, 258.14
384, 240, 240, 293.29
384, 320, 320, 315.09
384, 400, 400, 332.03
384, 480, 480, 336.17
384, 560, 560, 342.81
384, 640, 640, 347.02
384, 720, 720, 350.51
384, 800, 800, 352.65
384, 880, 880, 347.21
384, 960, 960, 352.44
384, 1040, 1040, 354.08
384, 1120, 1120, 355.32
384, 1200, 1200, 355.26
384, 1280, 1280, 348.39
384, 1360, 1360, 363.69
384, 1440, 1440, 365.89
384, 1520, 1520, 365.06
384, 1600, 1600, 368.12
384, 1680, 1680, 369.07
384, 1760, 1760, 371.07
384, 1840, 1840, 370.39
384, 1920, 1920, 362.91
384, 2000, 2000, 370.41
384, 2080, 2080, 370.81
384, 2160, 2160, 313.67
384, 2240, 2240, 375.51
384, 2320, 2320, 316.31
384, 2400, 2400, 373.91
384, 2480, 2480, 306.61
384, 2560, 2560, 352.97
384, 2640, 2640, 302.27
384, 2720, 2720, 377.18
384, 2800, 2800, 298.97
384, 2880, 2880, 372.89
384, 2960, 2960, 294.67
384, 3040, 3040, 376.60
384, 3120, 3120, 283.03
384, 3200, 3200, 362.48
384, 3280, 3280, 278.81
384, 3360, 3360, 370.64
384, 3440, 3440, 268.93
384, 3520, 3520, 366.10
384, 3600, 3600, 262.67
384, 3680, 3680, 366.76
384, 3760, 3760, 273.12
384, 3840, 3840, 354.44
384, 3920, 3920, 275.25
384, 4000, 4000, 368.20
