bli_shgemm performance
MC = 640, KC = 1536, NC = 3072
m, n, k, GFLOPS
640, 80, 80, 196.66
640, 160, 160, 264.38
640, 240, 240, 304.03
640, 320, 320, 327.05
640, 400, 400, 341.91
640, 480, 480, 347.09
640, 560, 560, 349.10
640, 640, 640, 350.45
640, 720, 720, 351.34
640, 800, 800, 356.54
640, 880, 880, 359.86
640, 960, 960, 365.98
640, 1040, 1040, 372.68
640, 1120, 1120, 373.49
640, 1200, 1200, 379.96
640, 1280, 1280, 370.04
640, 1360, 1360, 385.38
640, 1440, 1440, 383.48
640, 1520, 1520, 388.53
640, 1600, 1600, 372.05
640, 1680, 1680, 379.44
640, 1760, 1760, 379.71
640, 1840, 1840, 380.00
640, 1920, 1920, 376.96
640, 2000, 2000, 382.32
640, 2080, 2080, 377.56
640, 2160, 2160, 349.06
640, 2240, 2240, 372.45
640, 2320, 2320, 325.99
640, 2400, 2400, 376.14
640, 2480, 2480, 322.78
640, 2560, 2560, 364.05
640, 2640, 2640, 323.06
640, 2720, 2720, 380.11
640, 2800, 2800, 321.18
640, 2880, 2880, 377.96
640, 2960, 2960, 315.34
640, 3040, 3040, 390.39
640, 3120, 3120, 345.59
640, 3200, 3200, 371.43
640, 3280, 3280, 347.59
640, 3360, 3360, 375.35
640, 3440, 3440, 347.44
640, 3520, 3520, 379.26
640, 3600, 3600, 349.76
640, 3680, 3680, 377.69
640, 3760, 3760, 352.35
640, 3840, 3840, 375.82
640, 3920, 3920, 353.49
640, 4000, 4000, 380.39
