bli_shgemm performance
MC = 384, KC = 2816, NC = 1024
m, n, k, GFLOPS
384, 80, 80, 188.63
384, 160, 160, 257.72
384, 240, 240, 289.96
384, 320, 320, 311.99
384, 400, 400, 327.50
384, 480, 480, 336.74
384, 560, 560, 343.16
384, 640, 640, 343.55
384, 720, 720, 345.44
384, 800, 800, 347.04
384, 880, 880, 348.36
384, 960, 960, 351.23
384, 1040, 1040, 338.73
384, 1120, 1120, 341.67
384, 1200, 1200, 341.33
384, 1280, 1280, 337.54
384, 1360, 1360, 354.26
384, 1440, 1440, 358.32
384, 1520, 1520, 359.57
384, 1600, 1600, 361.35
384, 1680, 1680, 363.42
384, 1760, 1760, 364.86
384, 1840, 1840, 365.81
384, 1920, 1920, 359.35
384, 2000, 2000, 369.01
384, 2080, 2080, 362.51
384, 2160, 2160, 307.89
384, 2240, 2240, 363.34
384, 2320, 2320, 299.98
384, 2400, 2400, 364.81
384, 2480, 2480, 296.97
384, 2560, 2560, 345.95
384, 2640, 2640, 291.90
384, 2720, 2720, 368.63
384, 2800, 2800, 285.67
384, 2880, 2880, 359.37
384, 2960, 2960, 279.89
384, 3040, 3040, 363.47
384, 3120, 3120, 277.16
384, 3200, 3200, 353.44
384, 3280, 3280, 277.91
384, 3360, 3360, 362.17
384, 3440, 3440, 279.57
384, 3520, 3520, 360.68
384, 3600, 3600, 281.27
384, 3680, 3680, 362.46
384, 3760, 3760, 284.36
384, 3840, 3840, 356.37
384, 3920, 3920, 286.46
384, 4000, 4000, 365.49
