bli_shgemm performance
MC = 384, KC = 3072, NC = 4096
m, n, k, GFLOPS
384, 4096, 80, 175.21
384, 4096, 160, 240.42
384, 4096, 240, 270.74
384, 4096, 320, 284.30
384, 4096, 400, 300.41
384, 4096, 480, 303.77
384, 4096, 560, 311.35
384, 4096, 640, 315.10
384, 4096, 720, 316.88
384, 4096, 800, 323.17
384, 4096, 880, 323.67
384, 4096, 960, 326.35
384, 4096, 1040, 327.56
384, 4096, 1120, 327.79
384, 4096, 1200, 329.06
384, 4096, 1280, 331.12
384, 4096, 1360, 330.10
384, 4096, 1440, 329.87
384, 4096, 1520, 329.26
384, 4096, 1600, 329.94
384, 4096, 1680, 332.89
384, 4096, 1760, 330.88
384, 4096, 1840, 333.50
384, 4096, 1920, 332.20
384, 4096, 2000, 333.49
384, 4096, 2080, 340.30
384, 4096, 2160, 339.97
384, 4096, 2240, 339.93
384, 4096, 2320, 340.95
384, 4096, 2400, 340.21
384, 4096, 2480, 339.84
384, 4096, 2560, 341.64
384, 4096, 2640, 340.79
384, 4096, 2720, 340.72
384, 4096, 2800, 340.25
384, 4096, 2880, 339.90
384, 4096, 2960, 339.02
384, 4096, 3040, 338.58
384, 4096, 3120, 319.51
384, 4096, 3200, 322.28
384, 4096, 3280, 322.83
384, 4096, 3360, 323.80
384, 4096, 3440, 344.56
384, 4096, 3520, 344.96
384, 4096, 3600, 346.04
384, 4096, 3680, 345.74
384, 4096, 3760, 345.43
384, 4096, 3840, 346.07
384, 4096, 3920, 345.53
384, 4096, 4000, 347.06
