bli_shgemm performance
MC = 384, KC = 256, NC = 2048
m, n, k, GFLOPS
384, 2048, 80, 203.75
384, 2048, 160, 254.79
384, 2048, 240, 274.84
384, 2048, 320, 247.17
384, 2048, 400, 256.95
384, 2048, 480, 270.96
384, 2048, 560, 253.95
384, 2048, 640, 263.10
384, 2048, 720, 267.37
384, 2048, 800, 260.45
384, 2048, 880, 277.41
384, 2048, 960, 283.68
384, 2048, 1040, 273.81
384, 2048, 1120, 280.37
384, 2048, 1200, 283.39
384, 2048, 1280, 288.47
384, 2048, 1360, 280.30
384, 2048, 1440, 284.45
384, 2048, 1520, 284.72
384, 2048, 1600, 281.30
384, 2048, 1680, 281.42
384, 2048, 1760, 287.12
384, 2048, 1840, 279.86
384, 2048, 1920, 284.51
384, 2048, 2000, 282.81
384, 2048, 2080, 281.51
384, 2048, 2160, 282.52
384, 2048, 2240, 287.72
384, 2048, 2320, 279.54
384, 2048, 2400, 284.58
384, 2048, 2480, 284.18
384, 2048, 2560, 289.05
384, 2048, 2640, 281.36
384, 2048, 2720, 286.00
384, 2048, 2800, 285.92
384, 2048, 2880, 285.62
384, 2048, 2960, 282.70
384, 2048, 3040, 287.62
384, 2048, 3120, 282.51
384, 2048, 3200, 286.90
384, 2048, 3280, 284.23
384, 2048, 3360, 284.57
384, 2048, 3440, 283.85
384, 2048, 3520, 288.52
384, 2048, 3600, 281.59
384, 2048, 3680, 283.29
384, 2048, 3760, 281.66
384, 2048, 3840, 286.74
384, 2048, 3920, 280.49
384, 2048, 4000, 284.51
