bli_shgemm performance
MC = 512, KC = 768, NC = 3072
m, n, k, GFLOPS
512, 3072, 768, 344.04
512, 3072, 768, 344.67
512, 3072, 768, 343.26
512, 3072, 768, 343.28
512, 3072, 768, 342.83
512, 3072, 768, 342.33
512, 3072, 768, 343.07
512, 3072, 768, 342.86
512, 3072, 768, 343.93
512, 3072, 768, 343.77
512, 3072, 768, 344.69
512, 3072, 768, 343.86
512, 3072, 768, 342.88
512, 3072, 768, 343.15
512, 3072, 768, 343.22
512, 3072, 768, 343.62
512, 3072, 768, 342.74
512, 3072, 768, 343.57
512, 3072, 768, 343.42
512, 3072, 768, 344.09
512, 3072, 768, 343.73
512, 3072, 768, 344.50
512, 3072, 768, 343.83
512, 3072, 768, 343.04
512, 3072, 768, 343.08
512, 3072, 768, 343.48
512, 3072, 768, 342.86
512, 3072, 768, 343.54
512, 3072, 768, 344.06
512, 3072, 768, 344.19
512, 3072, 768, 343.91
512, 3072, 768, 343.95
512, 3072, 768, 344.07
512, 3072, 768, 343.50
512, 3072, 768, 343.75
512, 3072, 768, 343.76
512, 3072, 768, 343.81
512, 3072, 768, 343.91
512, 3072, 768, 343.46
512, 3072, 768, 344.24
512, 3072, 768, 343.51
512, 3072, 768, 343.88
512, 3072, 768, 343.89
512, 3072, 768, 343.95
512, 3072, 768, 343.27
512, 3072, 768, 343.95
512, 3072, 768, 343.77
512, 3072, 768, 343.53
512, 3072, 768, 344.00
512, 3072, 768, 343.22
