bli_shgemm performance
MC = 640, KC = 1792, NC = 5120
m, n, k, GFLOPS
640, 80, 80, 195.46
640, 160, 160, 265.61
640, 240, 240, 302.39
640, 320, 320, 326.73
640, 400, 400, 341.87
640, 480, 480, 350.15
640, 560, 560, 355.43
640, 640, 640, 351.97
640, 720, 720, 357.00
640, 800, 800, 357.43
640, 880, 880, 360.91
640, 960, 960, 365.89
640, 1040, 1040, 371.09
640, 1120, 1120, 371.59
640, 1200, 1200, 376.07
640, 1280, 1280, 370.77
640, 1360, 1360, 382.86
640, 1440, 1440, 382.57
640, 1520, 1520, 386.23
640, 1600, 1600, 385.79
640, 1680, 1680, 389.48
640, 1760, 1760, 388.75
640, 1840, 1840, 380.77
640, 1920, 1920, 373.16
640, 2000, 2000, 382.58
640, 2080, 2080, 377.43
640, 2160, 2160, 329.85
640, 2240, 2240, 377.89
640, 2320, 2320, 329.47
640, 2400, 2400, 381.55
640, 2480, 2480, 325.90
640, 2560, 2560, 369.60
640, 2640, 2640, 321.45
640, 2720, 2720, 385.43
640, 2800, 2800, 317.94
640, 2880, 2880, 377.89
640, 2960, 2960, 315.92
640, 3040, 3040, 378.87
640, 3120, 3120, 308.28
640, 3200, 3200, 374.69
640, 3280, 3280, 303.45
640, 3360, 3360, 381.83
640, 3440, 3440, 298.58
640, 3520, 3520, 379.11
640, 3600, 3600, 287.94
640, 3680, 3680, 375.18
640, 3760, 3760, 281.84
640, 3840, 3840, 364.40
640, 3920, 3920, 277.92
640, 4000, 4000, 377.46
