bli_shgemm performance
MC = 640, KC = 2560, NC = 4096
m, n, k, GFLOPS
640, 80, 80, 196.84
640, 160, 160, 265.94
640, 240, 240, 304.28
640, 320, 320, 327.81
640, 400, 400, 345.15
640, 480, 480, 353.48
640, 560, 560, 354.40
640, 640, 640, 347.62
640, 720, 720, 352.22
640, 800, 800, 358.20
640, 880, 880, 360.42
640, 960, 960, 365.84
640, 1040, 1040, 370.17
640, 1120, 1120, 372.39
640, 1200, 1200, 377.25
640, 1280, 1280, 370.26
640, 1360, 1360, 379.94
640, 1440, 1440, 381.73
640, 1520, 1520, 383.46
640, 1600, 1600, 386.03
640, 1680, 1680, 387.60
640, 1760, 1760, 388.04
640, 1840, 1840, 389.98
640, 1920, 1920, 386.17
640, 2000, 2000, 393.17
640, 2080, 2080, 390.73
640, 2160, 2160, 336.86
640, 2240, 2240, 388.24
640, 2320, 2320, 340.97
640, 2400, 2400, 382.48
640, 2480, 2480, 324.64
640, 2560, 2560, 360.48
640, 2640, 2640, 321.32
640, 2720, 2720, 380.51
640, 2800, 2800, 312.05
640, 2880, 2880, 380.37
640, 2960, 2960, 315.90
640, 3040, 3040, 381.43
640, 3120, 3120, 293.23
640, 3200, 3200, 352.93
640, 3280, 3280, 286.77
640, 3360, 3360, 360.59
640, 3440, 3440, 283.32
640, 3520, 3520, 360.10
640, 3600, 3600, 280.40
640, 3680, 3680, 364.15
640, 3760, 3760, 277.80
640, 3840, 3840, 353.74
640, 3920, 3920, 274.60
640, 4000, 4000, 373.08
