bli_shgemm performance
MC = 256, KC = 3072, NC = 1024
m, n, k, GFLOPS
256, 1024, 3072, 315.33
256, 1024, 3072, 315.63
256, 1024, 3072, 315.86
256, 1024, 3072, 315.46
256, 1024, 3072, 316.34
256, 1024, 3072, 315.36
256, 1024, 3072, 315.73
256, 1024, 3072, 315.55
256, 1024, 3072, 315.86
256, 1024, 3072, 315.03
256, 1024, 3072, 315.71
256, 1024, 3072, 316.04
256, 1024, 3072, 315.60
256, 1024, 3072, 315.32
256, 1024, 3072, 315.72
256, 1024, 3072, 315.57
256, 1024, 3072, 315.33
256, 1024, 3072, 315.13
256, 1024, 3072, 315.43
256, 1024, 3072, 315.21
256, 1024, 3072, 314.78
256, 1024, 3072, 313.69
256, 1024, 3072, 314.59
256, 1024, 3072, 314.96
256, 1024, 3072, 314.79
256, 1024, 3072, 314.92
256, 1024, 3072, 314.47
256, 1024, 3072, 314.78
256, 1024, 3072, 314.66
256, 1024, 3072, 315.13
256, 1024, 3072, 315.17
256, 1024, 3072, 314.49
256, 1024, 3072, 314.41
256, 1024, 3072, 314.88
256, 1024, 3072, 315.11
256, 1024, 3072, 315.55
256, 1024, 3072, 314.95
256, 1024, 3072, 314.91
256, 1024, 3072, 314.14
256, 1024, 3072, 313.06
256, 1024, 3072, 314.25
256, 1024, 3072, 314.32
256, 1024, 3072, 314.49
256, 1024, 3072, 314.65
256, 1024, 3072, 314.63
256, 1024, 3072, 314.30
256, 1024, 3072, 314.73
256, 1024, 3072, 315.53
256, 1024, 3072, 314.74
256, 1024, 3072, 314.70
