bli_shgemm performance
MC = 512, KC = 2816, NC = 5120
m, n, k, GFLOPS
512, 5120, 2816, 347.28
512, 5120, 2816, 347.33
512, 5120, 2816, 347.14
512, 5120, 2816, 348.55
512, 5120, 2816, 346.97
512, 5120, 2816, 347.05
512, 5120, 2816, 346.79
512, 5120, 2816, 347.42
512, 5120, 2816, 346.59
512, 5120, 2816, 347.21
512, 5120, 2816, 347.20
512, 5120, 2816, 347.52
512, 5120, 2816, 347.13
512, 5120, 2816, 347.00
512, 5120, 2816, 347.54
512, 5120, 2816, 347.76
512, 5120, 2816, 347.24
512, 5120, 2816, 346.73
512, 5120, 2816, 347.18
512, 5120, 2816, 347.48
512, 5120, 2816, 347.18
512, 5120, 2816, 346.66
512, 5120, 2816, 346.98
512, 5120, 2816, 347.45
512, 5120, 2816, 346.54
512, 5120, 2816, 346.86
512, 5120, 2816, 346.74
512, 5120, 2816, 347.33
512, 5120, 2816, 346.50
512, 5120, 2816, 346.42
512, 5120, 2816, 346.70
512, 5120, 2816, 346.97
512, 5120, 2816, 347.86
512, 5120, 2816, 347.32
512, 5120, 2816, 347.81
512, 5120, 2816, 347.11
512, 5120, 2816, 347.69
512, 5120, 2816, 347.19
512, 5120, 2816, 347.12
512, 5120, 2816, 347.19
512, 5120, 2816, 347.77
512, 5120, 2816, 347.78
512, 5120, 2816, 347.19
512, 5120, 2816, 347.66
512, 5120, 2816, 346.94
512, 5120, 2816, 347.15
512, 5120, 2816, 347.25
512, 5120, 2816, 346.83
512, 5120, 2816, 346.75
512, 5120, 2816, 346.98
