bli_shgemm performance
MC = 384, KC = 2560, NC = 2048
m, n, k, GFLOPS
384, 2048, 2560, 344.69
384, 2048, 2560, 344.47
384, 2048, 2560, 344.34
384, 2048, 2560, 345.72
384, 2048, 2560, 344.98
384, 2048, 2560, 345.39
384, 2048, 2560, 344.62
384, 2048, 2560, 344.26
384, 2048, 2560, 344.15
384, 2048, 2560, 344.85
384, 2048, 2560, 344.30
384, 2048, 2560, 344.09
384, 2048, 2560, 345.04
384, 2048, 2560, 343.88
384, 2048, 2560, 344.12
384, 2048, 2560, 343.67
384, 2048, 2560, 344.83
384, 2048, 2560, 344.44
384, 2048, 2560, 345.21
384, 2048, 2560, 343.71
384, 2048, 2560, 345.15
384, 2048, 2560, 344.41
384, 2048, 2560, 344.60
384, 2048, 2560, 344.65
384, 2048, 2560, 344.16
384, 2048, 2560, 344.24
384, 2048, 2560, 343.95
384, 2048, 2560, 344.52
384, 2048, 2560, 343.54
384, 2048, 2560, 343.89
384, 2048, 2560, 343.59
384, 2048, 2560, 345.21
384, 2048, 2560, 344.29
384, 2048, 2560, 344.40
384, 2048, 2560, 343.50
384, 2048, 2560, 344.65
384, 2048, 2560, 344.40
384, 2048, 2560, 344.95
384, 2048, 2560, 343.97
384, 2048, 2560, 344.53
384, 2048, 2560, 344.58
384, 2048, 2560, 343.97
384, 2048, 2560, 343.70
384, 2048, 2560, 344.43
384, 2048, 2560, 344.18
384, 2048, 2560, 344.23
384, 2048, 2560, 344.81
384, 2048, 2560, 344.29
384, 2048, 2560, 344.79
384, 2048, 2560, 344.52
