bli_shgemm performance
MC = 384, KC = 768, NC = 4096
m, n, k, GFLOPS
384, 80, 80, 191.20
384, 160, 160, 256.58
384, 240, 240, 293.98
384, 320, 320, 315.05
384, 400, 400, 328.12
384, 480, 480, 336.54
384, 560, 560, 345.66
384, 640, 640, 347.88
384, 720, 720, 349.34
384, 800, 800, 337.36
384, 880, 880, 343.79
384, 960, 960, 342.35
384, 1040, 1040, 336.14
384, 1120, 1120, 341.99
384, 1200, 1200, 337.01
384, 1280, 1280, 335.75
384, 1360, 1360, 340.00
384, 1440, 1440, 345.03
384, 1520, 1520, 350.31
384, 1600, 1600, 344.46
384, 1680, 1680, 343.71
384, 1760, 1760, 353.63
384, 1840, 1840, 349.67
384, 1920, 1920, 344.67
384, 2000, 2000, 347.75
384, 2080, 2080, 352.10
384, 2160, 2160, 334.78
384, 2240, 2240, 352.63
384, 2320, 2320, 326.42
384, 2400, 2400, 347.95
384, 2480, 2480, 324.10
384, 2560, 2560, 325.44
384, 2640, 2640, 326.75
384, 2720, 2720, 351.25
384, 2800, 2800, 326.92
384, 2880, 2880, 350.30
384, 2960, 2960, 323.74
384, 3040, 3040, 351.55
384, 3120, 3120, 316.65
384, 3200, 3200, 340.01
384, 3280, 3280, 318.29
384, 3360, 3360, 348.00
384, 3440, 3440, 314.37
384, 3520, 3520, 350.02
384, 3600, 3600, 313.17
384, 3680, 3680, 347.34
384, 3760, 3760, 312.32
384, 3840, 3840, 339.43
384, 3920, 3920, 305.02
384, 4000, 4000, 341.03
