bli_shgemm performance
MC = 384, KC = 3328, NC = 4096
m, n, k, GFLOPS
384, 4096, 80, 172.11
384, 4096, 160, 238.97
384, 4096, 240, 270.11
384, 4096, 320, 283.51
384, 4096, 400, 298.26
384, 4096, 480, 303.76
384, 4096, 560, 311.22
384, 4096, 640, 313.55
384, 4096, 720, 316.06
384, 4096, 800, 321.93
384, 4096, 880, 323.31
384, 4096, 960, 325.11
384, 4096, 1040, 327.39
384, 4096, 1120, 326.90
384, 4096, 1200, 329.04
384, 4096, 1280, 328.86
384, 4096, 1360, 327.86
384, 4096, 1440, 328.32
384, 4096, 1520, 328.45
384, 4096, 1600, 328.98
384, 4096, 1680, 329.83
384, 4096, 1760, 330.77
384, 4096, 1840, 331.47
384, 4096, 1920, 330.76
384, 4096, 2000, 331.42
384, 4096, 2080, 331.89
384, 4096, 2160, 330.22
384, 4096, 2240, 331.62
384, 4096, 2320, 341.33
384, 4096, 2400, 341.37
384, 4096, 2480, 343.98
384, 4096, 2560, 343.21
384, 4096, 2640, 342.56
384, 4096, 2720, 340.76
384, 4096, 2800, 341.99
384, 4096, 2880, 341.46
384, 4096, 2960, 341.01
384, 4096, 3040, 340.25
384, 4096, 3120, 340.87
384, 4096, 3200, 341.15
384, 4096, 3280, 339.87
384, 4096, 3360, 320.16
384, 4096, 3440, 321.99
384, 4096, 3520, 322.91
384, 4096, 3600, 324.06
384, 4096, 3680, 344.74
384, 4096, 3760, 344.03
384, 4096, 3840, 344.13
384, 4096, 3920, 344.70
384, 4096, 4000, 344.45
