bli_shgemm performance
MC = 256, KC = 4096, NC = 5120
m, n, k, GFLOPS
256, 80, 80, 183.84
256, 160, 160, 249.11
256, 240, 240, 282.20
256, 320, 320, 301.58
256, 400, 400, 313.22
256, 480, 480, 321.43
256, 560, 560, 327.18
256, 640, 640, 330.83
256, 720, 720, 335.92
256, 800, 800, 329.07
256, 880, 880, 309.89
256, 960, 960, 303.98
256, 1040, 1040, 310.43
256, 1120, 1120, 310.74
256, 1200, 1200, 309.36
256, 1280, 1280, 296.49
256, 1360, 1360, 315.86
256, 1440, 1440, 314.22
256, 1520, 1520, 287.84
256, 1600, 1600, 319.52
256, 1680, 1680, 289.09
256, 1760, 1760, 317.46
256, 1840, 1840, 287.43
256, 1920, 1920, 319.23
256, 2000, 2000, 288.71
256, 2080, 2080, 315.53
256, 2160, 2160, 270.89
256, 2240, 2240, 328.29
256, 2320, 2320, 282.58
256, 2400, 2400, 319.01
256, 2480, 2480, 252.45
256, 2560, 2560, 295.35
256, 2640, 2640, 248.48
256, 2720, 2720, 315.15
256, 2800, 2800, 243.48
256, 2880, 2880, 311.81
256, 2960, 2960, 234.18
256, 3040, 3040, 313.88
256, 3120, 3120, 229.85
256, 3200, 3200, 306.62
256, 3280, 3280, 225.64
256, 3360, 3360, 313.77
256, 3440, 3440, 217.69
256, 3520, 3520, 310.38
256, 3600, 3600, 213.94
256, 3680, 3680, 312.13
256, 3760, 3760, 207.13
256, 3840, 3840, 296.27
256, 3920, 3920, 202.32
256, 4000, 4000, 312.03
