bli_shgemm performance
MC = 512, KC = 1536, NC = 5120
m, n, k, GFLOPS
512, 80, 80, 194.23
512, 160, 160, 263.99
512, 240, 240, 300.40
512, 320, 320, 322.05
512, 400, 400, 336.84
512, 480, 480, 344.22
512, 560, 560, 348.18
512, 640, 640, 327.11
512, 720, 720, 333.39
512, 800, 800, 344.58
512, 880, 880, 325.16
512, 960, 960, 336.63
512, 1040, 1040, 337.21
512, 1120, 1120, 335.05
512, 1200, 1200, 329.00
512, 1280, 1280, 331.52
512, 1360, 1360, 354.90
512, 1440, 1440, 350.33
512, 1520, 1520, 359.57
512, 1600, 1600, 343.26
512, 1680, 1680, 340.92
512, 1760, 1760, 346.93
512, 1840, 1840, 342.96
512, 1920, 1920, 345.65
512, 2000, 2000, 347.86
512, 2080, 2080, 335.91
512, 2160, 2160, 305.04
512, 2240, 2240, 361.75
512, 2320, 2320, 303.92
512, 2400, 2400, 362.63
512, 2480, 2480, 293.39
512, 2560, 2560, 343.52
512, 2640, 2640, 285.77
512, 2720, 2720, 362.21
512, 2800, 2800, 289.61
512, 2880, 2880, 361.49
512, 2960, 2960, 281.84
512, 3040, 3040, 364.50
512, 3120, 3120, 278.59
512, 3200, 3200, 350.08
512, 3280, 3280, 271.45
512, 3360, 3360, 359.49
512, 3440, 3440, 261.97
512, 3520, 3520, 358.40
512, 3600, 3600, 260.37
512, 3680, 3680, 360.62
512, 3760, 3760, 260.03
512, 3840, 3840, 351.00
512, 3920, 3920, 239.75
512, 4000, 4000, 360.98
