bli_shgemm performance
MC = 256, KC = 768, NC = 5120
m, n, k, GFLOPS
256, 5120, 80, 179.12
256, 5120, 160, 226.98
256, 5120, 240, 254.24
256, 5120, 320, 279.37
256, 5120, 400, 281.32
256, 5120, 480, 288.46
256, 5120, 560, 295.62
256, 5120, 640, 299.99
256, 5120, 720, 303.71
256, 5120, 800, 277.76
256, 5120, 880, 301.67
256, 5120, 960, 306.14
256, 5120, 1040, 308.88
256, 5120, 1120, 312.75
256, 5120, 1200, 316.07
256, 5120, 1280, 319.54
256, 5120, 1360, 319.77
256, 5120, 1440, 321.47
256, 5120, 1520, 323.87
256, 5120, 1600, 311.20
256, 5120, 1680, 312.24
256, 5120, 1760, 314.75
256, 5120, 1840, 316.20
256, 5120, 1920, 318.27
256, 5120, 2000, 319.80
256, 5120, 2080, 321.15
256, 5120, 2160, 322.17
256, 5120, 2240, 322.56
256, 5120, 2320, 315.00
256, 5120, 2400, 316.00
256, 5120, 2480, 316.22
256, 5120, 2560, 317.65
256, 5120, 2640, 318.76
256, 5120, 2720, 321.10
256, 5120, 2800, 320.57
256, 5120, 2880, 322.41
256, 5120, 2960, 322.63
256, 5120, 3040, 324.22
256, 5120, 3120, 316.82
256, 5120, 3200, 317.39
256, 5120, 3280, 318.45
256, 5120, 3360, 320.03
256, 5120, 3440, 320.15
256, 5120, 3520, 321.43
256, 5120, 3600, 322.80
256, 5120, 3680, 322.99
256, 5120, 3760, 322.35
256, 5120, 3840, 324.19
256, 5120, 3920, 318.70
256, 5120, 4000, 319.26
