bli_shgemm performance
MC = 256, KC = 1536, NC = 4096
m, n, k, GFLOPS
256, 80, 80, 183.36
256, 160, 160, 248.11
256, 240, 240, 282.07
256, 320, 320, 299.81
256, 400, 400, 313.39
256, 480, 480, 319.96
256, 560, 560, 326.72
256, 640, 640, 331.34
256, 720, 720, 339.39
256, 800, 800, 340.49
256, 880, 880, 341.35
256, 960, 960, 343.71
256, 1040, 1040, 339.08
256, 1120, 1120, 344.79
256, 1200, 1200, 345.03
256, 1280, 1280, 328.44
256, 1360, 1360, 349.61
256, 1440, 1440, 347.32
256, 1520, 1520, 347.80
256, 1600, 1600, 338.69
256, 1680, 1680, 336.96
256, 1760, 1760, 340.52
256, 1840, 1840, 343.13
256, 1920, 1920, 332.00
256, 2000, 2000, 342.85
256, 2080, 2080, 344.04
256, 2160, 2160, 271.75
256, 2240, 2240, 340.48
256, 2320, 2320, 269.29
256, 2400, 2400, 345.29
256, 2480, 2480, 332.02
256, 2560, 2560, 317.13
256, 2640, 2640, 256.98
256, 2720, 2720, 343.67
256, 2800, 2800, 256.06
256, 2880, 2880, 340.81
256, 2960, 2960, 248.80
256, 3040, 3040, 344.47
256, 3120, 3120, 238.02
256, 3200, 3200, 327.51
256, 3280, 3280, 232.99
256, 3360, 3360, 340.28
256, 3440, 3440, 226.12
256, 3520, 3520, 336.01
256, 3600, 3600, 221.11
256, 3680, 3680, 340.04
256, 3760, 3760, 214.86
256, 3840, 3840, 323.47
256, 3920, 3920, 209.44
256, 4000, 4000, 340.77
