bli_shgemm performance
MC = 512, KC = 1792, NC = 2048
m, n, k, GFLOPS
512, 2048, 1792, 359.96
512, 2048, 1792, 359.23
512, 2048, 1792, 358.42
512, 2048, 1792, 358.24
512, 2048, 1792, 357.73
512, 2048, 1792, 357.15
512, 2048, 1792, 356.84
512, 2048, 1792, 356.16
512, 2048, 1792, 356.61
512, 2048, 1792, 356.12
512, 2048, 1792, 356.14
512, 2048, 1792, 356.37
512, 2048, 1792, 356.15
512, 2048, 1792, 356.16
512, 2048, 1792, 355.55
512, 2048, 1792, 355.85
512, 2048, 1792, 355.66
512, 2048, 1792, 355.84
512, 2048, 1792, 355.58
512, 2048, 1792, 355.74
512, 2048, 1792, 355.75
512, 2048, 1792, 355.74
512, 2048, 1792, 355.73
512, 2048, 1792, 351.54
512, 2048, 1792, 352.35
512, 2048, 1792, 353.20
512, 2048, 1792, 354.21
512, 2048, 1792, 352.37
512, 2048, 1792, 354.38
512, 2048, 1792, 357.49
512, 2048, 1792, 358.42
512, 2048, 1792, 356.25
512, 2048, 1792, 354.75
512, 2048, 1792, 356.37
512, 2048, 1792, 354.95
512, 2048, 1792, 357.24
512, 2048, 1792, 357.33
512, 2048, 1792, 357.20
512, 2048, 1792, 352.16
512, 2048, 1792, 354.24
512, 2048, 1792, 356.00
512, 2048, 1792, 352.59
512, 2048, 1792, 353.91
512, 2048, 1792, 352.91
512, 2048, 1792, 357.60
512, 2048, 1792, 358.72
512, 2048, 1792, 358.74
512, 2048, 1792, 357.82
512, 2048, 1792, 358.86
512, 2048, 1792, 357.90
