bli_shgemm performance
MC = 256, KC = 3840, NC = 1024
m, n, k, GFLOPS
256, 1024, 3840, 314.38
256, 1024, 3840, 314.17
256, 1024, 3840, 314.75
256, 1024, 3840, 314.24
256, 1024, 3840, 314.71
256, 1024, 3840, 314.47
256, 1024, 3840, 314.00
256, 1024, 3840, 314.14
256, 1024, 3840, 314.11
256, 1024, 3840, 314.52
256, 1024, 3840, 314.85
256, 1024, 3840, 313.91
256, 1024, 3840, 313.74
256, 1024, 3840, 313.65
256, 1024, 3840, 314.13
256, 1024, 3840, 313.99
256, 1024, 3840, 313.48
256, 1024, 3840, 314.28
256, 1024, 3840, 313.79
256, 1024, 3840, 313.51
256, 1024, 3840, 313.61
256, 1024, 3840, 313.33
256, 1024, 3840, 313.96
256, 1024, 3840, 313.73
256, 1024, 3840, 313.52
256, 1024, 3840, 313.03
256, 1024, 3840, 313.92
256, 1024, 3840, 313.20
256, 1024, 3840, 313.68
256, 1024, 3840, 313.82
256, 1024, 3840, 313.63
256, 1024, 3840, 313.88
256, 1024, 3840, 314.11
256, 1024, 3840, 313.68
256, 1024, 3840, 313.65
256, 1024, 3840, 312.89
256, 1024, 3840, 312.84
256, 1024, 3840, 313.73
256, 1024, 3840, 313.58
256, 1024, 3840, 313.37
256, 1024, 3840, 313.95
256, 1024, 3840, 314.25
256, 1024, 3840, 313.52
256, 1024, 3840, 313.41
256, 1024, 3840, 313.62
256, 1024, 3840, 314.04
256, 1024, 3840, 313.24
256, 1024, 3840, 314.03
256, 1024, 3840, 313.78
256, 1024, 3840, 313.29
