bli_shgemm performance
MC = 512, KC = 1280, NC = 4096
m, n, k, GFLOPS
512, 4096, 80, 175.68
512, 4096, 160, 241.85
512, 4096, 240, 273.95
512, 4096, 320, 296.62
512, 4096, 400, 310.56
512, 4096, 480, 318.63
512, 4096, 560, 326.75
512, 4096, 640, 329.54
512, 4096, 720, 333.62
512, 4096, 800, 339.81
512, 4096, 880, 341.74
512, 4096, 960, 340.76
512, 4096, 1040, 342.46
512, 4096, 1120, 342.26
512, 4096, 1200, 353.73
512, 4096, 1280, 354.94
512, 4096, 1360, 321.17
512, 4096, 1440, 324.43
512, 4096, 1520, 339.53
512, 4096, 1600, 342.61
512, 4096, 1680, 343.79
512, 4096, 1760, 345.50
512, 4096, 1840, 346.91
512, 4096, 1920, 347.53
512, 4096, 2000, 348.34
512, 4096, 2080, 351.35
512, 4096, 2160, 351.26
512, 4096, 2240, 354.00
512, 4096, 2320, 354.42
512, 4096, 2400, 354.94
512, 4096, 2480, 355.52
512, 4096, 2560, 355.90
512, 4096, 2640, 344.35
512, 4096, 2720, 345.68
512, 4096, 2800, 346.35
512, 4096, 2880, 348.30
512, 4096, 2960, 348.81
512, 4096, 3040, 348.82
512, 4096, 3120, 351.22
512, 4096, 3200, 350.42
512, 4096, 3280, 349.69
512, 4096, 3360, 352.59
512, 4096, 3440, 352.29
512, 4096, 3520, 353.76
512, 4096, 3600, 353.42
512, 4096, 3680, 354.16
512, 4096, 3760, 354.24
512, 4096, 3840, 354.96
512, 4096, 3920, 347.74
512, 4096, 4000, 348.15
