bli_shgemm performance
MC = 256, KC = 1792, NC = 3072
m, n, k, GFLOPS
256, 3072, 80, 200.99
256, 3072, 160, 237.91
256, 3072, 240, 263.03
256, 3072, 320, 274.58
256, 3072, 400, 280.95
256, 3072, 480, 287.75
256, 3072, 560, 292.04
256, 3072, 640, 296.00
256, 3072, 720, 299.13
256, 3072, 800, 305.78
256, 3072, 880, 306.52
256, 3072, 960, 310.35
256, 3072, 1040, 310.59
256, 3072, 1120, 311.96
256, 3072, 1200, 313.23
256, 3072, 1280, 325.34
256, 3072, 1360, 324.62
256, 3072, 1440, 325.93
256, 3072, 1520, 328.27
256, 3072, 1600, 328.41
256, 3072, 1680, 329.70
256, 3072, 1760, 329.28
256, 3072, 1840, 301.85
256, 3072, 1920, 303.62
256, 3072, 2000, 324.02
256, 3072, 2080, 324.67
256, 3072, 2160, 325.29
256, 3072, 2240, 326.61
256, 3072, 2320, 326.36
256, 3072, 2400, 327.60
256, 3072, 2480, 326.59
256, 3072, 2560, 329.14
256, 3072, 2640, 328.48
256, 3072, 2720, 330.08
256, 3072, 2800, 330.25
256, 3072, 2880, 330.85
256, 3072, 2960, 331.48
256, 3072, 3040, 331.92
256, 3072, 3120, 331.43
256, 3072, 3200, 333.16
256, 3072, 3280, 332.98
256, 3072, 3360, 333.63
256, 3072, 3440, 333.05
256, 3072, 3520, 333.93
256, 3072, 3600, 327.25
256, 3072, 3680, 328.53
256, 3072, 3760, 328.36
256, 3072, 3840, 328.95
256, 3072, 3920, 329.14
256, 3072, 4000, 329.55
