bli_shgemm performance
MC = 640, KC = 2304, NC = 5120
m, n, k, GFLOPS
640, 5120, 2304, 356.84
640, 5120, 2304, 356.33
640, 5120, 2304, 357.31
640, 5120, 2304, 356.07
640, 5120, 2304, 356.36
640, 5120, 2304, 356.61
640, 5120, 2304, 356.22
640, 5120, 2304, 356.92
640, 5120, 2304, 356.17
640, 5120, 2304, 356.84
640, 5120, 2304, 356.80
640, 5120, 2304, 356.72
640, 5120, 2304, 356.31
640, 5120, 2304, 356.36
640, 5120, 2304, 356.88
640, 5120, 2304, 356.39
640, 5120, 2304, 356.63
640, 5120, 2304, 356.39
640, 5120, 2304, 356.49
640, 5120, 2304, 356.34
640, 5120, 2304, 356.39
640, 5120, 2304, 356.25
640, 5120, 2304, 356.29
640, 5120, 2304, 356.40
640, 5120, 2304, 356.87
640, 5120, 2304, 357.15
640, 5120, 2304, 356.46
640, 5120, 2304, 356.68
640, 5120, 2304, 357.22
640, 5120, 2304, 356.24
640, 5120, 2304, 356.41
640, 5120, 2304, 356.62
640, 5120, 2304, 356.02
640, 5120, 2304, 356.73
640, 5120, 2304, 356.86
640, 5120, 2304, 356.58
640, 5120, 2304, 356.11
640, 5120, 2304, 356.55
640, 5120, 2304, 356.43
640, 5120, 2304, 356.62
640, 5120, 2304, 356.40
640, 5120, 2304, 356.26
640, 5120, 2304, 356.60
640, 5120, 2304, 357.12
640, 5120, 2304, 356.41
640, 5120, 2304, 356.45
640, 5120, 2304, 356.89
640, 5120, 2304, 356.60
640, 5120, 2304, 356.28
640, 5120, 2304, 356.26
