bli_shgemm performance
MC = 512, KC = 3584, NC = 3072
m, n, k, GFLOPS
512, 3072, 3584, 345.60
512, 3072, 3584, 344.80
512, 3072, 3584, 344.87
512, 3072, 3584, 344.59
512, 3072, 3584, 345.53
512, 3072, 3584, 345.19
512, 3072, 3584, 345.06
512, 3072, 3584, 344.86
512, 3072, 3584, 344.86
512, 3072, 3584, 345.18
512, 3072, 3584, 344.79
512, 3072, 3584, 344.31
512, 3072, 3584, 345.44
512, 3072, 3584, 344.70
512, 3072, 3584, 344.55
512, 3072, 3584, 345.13
512, 3072, 3584, 345.12
512, 3072, 3584, 344.72
512, 3072, 3584, 344.91
512, 3072, 3584, 345.08
512, 3072, 3584, 344.69
512, 3072, 3584, 344.75
512, 3072, 3584, 344.65
512, 3072, 3584, 344.84
512, 3072, 3584, 344.92
512, 3072, 3584, 345.40
512, 3072, 3584, 344.55
512, 3072, 3584, 344.61
512, 3072, 3584, 344.88
512, 3072, 3584, 345.24
512, 3072, 3584, 344.55
512, 3072, 3584, 345.36
512, 3072, 3584, 344.55
512, 3072, 3584, 344.50
512, 3072, 3584, 344.28
512, 3072, 3584, 344.92
512, 3072, 3584, 344.92
512, 3072, 3584, 344.76
512, 3072, 3584, 344.65
512, 3072, 3584, 344.37
512, 3072, 3584, 345.15
512, 3072, 3584, 344.74
512, 3072, 3584, 344.91
512, 3072, 3584, 345.17
512, 3072, 3584, 345.12
512, 3072, 3584, 345.26
512, 3072, 3584, 344.42
512, 3072, 3584, 345.19
512, 3072, 3584, 344.46
512, 3072, 3584, 344.53
