bli_shgemm performance
MC = 384, KC = 3584, NC = 5120
m, n, k, GFLOPS
384, 5120, 80, 170.72
384, 5120, 160, 229.41
384, 5120, 240, 258.41
384, 5120, 320, 276.28
384, 5120, 400, 287.73
384, 5120, 480, 294.08
384, 5120, 560, 310.05
384, 5120, 640, 312.99
384, 5120, 720, 316.79
384, 5120, 800, 323.09
384, 5120, 880, 307.73
384, 5120, 960, 328.29
384, 5120, 1040, 313.67
384, 5120, 1120, 331.34
384, 5120, 1200, 332.37
384, 5120, 1280, 333.52
384, 5120, 1360, 334.23
384, 5120, 1440, 334.79
384, 5120, 1520, 335.71
384, 5120, 1600, 336.12
384, 5120, 1680, 334.05
384, 5120, 1760, 335.72
384, 5120, 1840, 336.04
384, 5120, 1920, 335.54
384, 5120, 2000, 335.95
384, 5120, 2080, 337.24
384, 5120, 2160, 336.28
384, 5120, 2240, 336.57
384, 5120, 2320, 337.60
384, 5120, 2400, 336.49
384, 5120, 2480, 338.53
384, 5120, 2560, 337.20
384, 5120, 2640, 338.15
384, 5120, 2720, 337.81
384, 5120, 2800, 339.62
384, 5120, 2880, 337.36
384, 5120, 2960, 337.73
384, 5120, 3040, 337.75
384, 5120, 3120, 339.20
384, 5120, 3200, 339.57
384, 5120, 3280, 338.94
384, 5120, 3360, 339.17
384, 5120, 3440, 338.99
384, 5120, 3520, 339.10
384, 5120, 3600, 330.51
384, 5120, 3680, 333.13
384, 5120, 3760, 332.90
384, 5120, 3840, 334.03
384, 5120, 3920, 334.63
384, 5120, 4000, 335.68
