bli_shgemm performance
MC = 256, KC = 2304, NC = 3072
m, n, k, GFLOPS
256, 3072, 80, 198.49
256, 3072, 160, 251.61
256, 3072, 240, 263.63
256, 3072, 320, 274.90
256, 3072, 400, 282.23
256, 3072, 480, 288.06
256, 3072, 560, 291.96
256, 3072, 640, 296.20
256, 3072, 720, 298.59
256, 3072, 800, 305.89
256, 3072, 880, 306.14
256, 3072, 960, 309.44
256, 3072, 1040, 310.33
256, 3072, 1120, 311.91
256, 3072, 1200, 312.67
256, 3072, 1280, 314.27
256, 3072, 1360, 313.19
256, 3072, 1440, 314.99
256, 3072, 1520, 314.27
256, 3072, 1600, 316.60
256, 3072, 1680, 330.20
256, 3072, 1760, 330.14
256, 3072, 1840, 329.68
256, 3072, 1920, 331.65
256, 3072, 2000, 331.49
256, 3072, 2080, 330.29
256, 3072, 2160, 332.05
256, 3072, 2240, 333.13
256, 3072, 2320, 304.76
256, 3072, 2400, 305.61
256, 3072, 2480, 306.49
256, 3072, 2560, 328.44
256, 3072, 2640, 328.42
256, 3072, 2720, 328.95
256, 3072, 2800, 328.71
256, 3072, 2880, 329.69
256, 3072, 2960, 329.76
256, 3072, 3040, 331.14
256, 3072, 3120, 331.51
256, 3072, 3200, 331.92
256, 3072, 3280, 332.25
256, 3072, 3360, 332.61
256, 3072, 3440, 332.74
256, 3072, 3520, 334.07
256, 3072, 3600, 333.93
256, 3072, 3680, 333.61
256, 3072, 3760, 333.83
256, 3072, 3840, 334.20
256, 3072, 3920, 334.42
256, 3072, 4000, 334.78
