bli_shgemm performance
MC = 640, KC = 1536, NC = 4096
m, n, k, GFLOPS
640, 4096, 80, 174.67
640, 4096, 160, 248.04
640, 4096, 240, 280.65
640, 4096, 320, 304.45
640, 4096, 400, 318.08
640, 4096, 480, 326.29
640, 4096, 560, 334.19
640, 4096, 640, 336.53
640, 4096, 720, 339.77
640, 4096, 800, 345.50
640, 4096, 880, 347.89
640, 4096, 960, 349.94
640, 4096, 1040, 351.50
640, 4096, 1120, 346.27
640, 4096, 1200, 348.20
640, 4096, 1280, 348.40
640, 4096, 1360, 350.66
640, 4096, 1440, 349.84
640, 4096, 1520, 349.37
640, 4096, 1600, 329.81
640, 4096, 1680, 334.12
640, 4096, 1760, 338.19
640, 4096, 1840, 352.64
640, 4096, 1920, 354.41
640, 4096, 2000, 354.28
640, 4096, 2080, 356.02
640, 4096, 2160, 357.25
640, 4096, 2240, 356.97
640, 4096, 2320, 357.67
640, 4096, 2400, 358.49
640, 4096, 2480, 359.13
640, 4096, 2560, 360.15
640, 4096, 2640, 360.46
640, 4096, 2720, 363.44
640, 4096, 2800, 364.17
640, 4096, 2880, 364.11
640, 4096, 2960, 364.02
640, 4096, 3040, 364.64
640, 4096, 3120, 353.35
640, 4096, 3200, 354.80
640, 4096, 3280, 356.48
640, 4096, 3360, 357.47
640, 4096, 3440, 357.85
640, 4096, 3520, 356.95
640, 4096, 3600, 359.40
640, 4096, 3680, 359.90
640, 4096, 3760, 358.65
640, 4096, 3840, 359.41
640, 4096, 3920, 360.15
640, 4096, 4000, 361.50
