bli_shgemm performance
MC = 512, KC = 2304, NC = 3072
m, n, k, GFLOPS
512, 80, 80, 193.84
512, 160, 160, 261.73
512, 240, 240, 298.63
512, 320, 320, 321.38
512, 400, 400, 335.84
512, 480, 480, 344.81
512, 560, 560, 350.05
512, 640, 640, 349.52
512, 720, 720, 349.72
512, 800, 800, 353.84
512, 880, 880, 349.68
512, 960, 960, 358.10
512, 1040, 1040, 364.24
512, 1120, 1120, 366.72
512, 1200, 1200, 368.79
512, 1280, 1280, 365.87
512, 1360, 1360, 373.46
512, 1440, 1440, 379.55
512, 1520, 1520, 377.15
512, 1600, 1600, 377.61
512, 1680, 1680, 382.60
512, 1760, 1760, 383.69
512, 1840, 1840, 385.71
512, 1920, 1920, 377.09
512, 2000, 2000, 386.87
512, 2080, 2080, 386.21
512, 2160, 2160, 333.85
512, 2240, 2240, 385.11
512, 2320, 2320, 320.88
512, 2400, 2400, 378.26
512, 2480, 2480, 316.88
512, 2560, 2560, 359.07
512, 2640, 2640, 313.90
512, 2720, 2720, 372.53
512, 2800, 2800, 307.06
512, 2880, 2880, 369.71
512, 2960, 2960, 302.67
512, 3040, 3040, 374.41
512, 3120, 3120, 295.42
512, 3200, 3200, 362.39
512, 3280, 3280, 285.72
512, 3360, 3360, 370.06
512, 3440, 3440, 278.40
512, 3520, 3520, 368.81
512, 3600, 3600, 274.17
512, 3680, 3680, 372.30
512, 3760, 3760, 270.56
512, 3840, 3840, 360.63
512, 3920, 3920, 268.06
512, 4000, 4000, 373.68
