bli_shgemm performance
MC = 512, KC = 2304, NC = 4096
m, n, k, GFLOPS
512, 4096, 80, 176.34
512, 4096, 160, 244.30
512, 4096, 240, 278.98
512, 4096, 320, 298.76
512, 4096, 400, 311.90
512, 4096, 480, 319.95
512, 4096, 560, 326.23
512, 4096, 640, 329.52
512, 4096, 720, 332.83
512, 4096, 800, 340.83
512, 4096, 880, 342.17
512, 4096, 960, 345.58
512, 4096, 1040, 341.47
512, 4096, 1120, 341.37
512, 4096, 1200, 343.88
512, 4096, 1280, 345.10
512, 4096, 1360, 343.91
512, 4096, 1440, 344.75
512, 4096, 1520, 344.92
512, 4096, 1600, 346.27
512, 4096, 1680, 347.99
512, 4096, 1760, 359.76
512, 4096, 1840, 360.39
512, 4096, 1920, 360.44
512, 4096, 2000, 360.42
512, 4096, 2080, 361.70
512, 4096, 2160, 361.08
512, 4096, 2240, 361.26
512, 4096, 2320, 329.94
512, 4096, 2400, 334.49
512, 4096, 2480, 336.34
512, 4096, 2560, 338.78
512, 4096, 2640, 354.28
512, 4096, 2720, 355.88
512, 4096, 2800, 356.16
512, 4096, 2880, 356.93
512, 4096, 2960, 356.69
512, 4096, 3040, 357.73
512, 4096, 3120, 358.52
512, 4096, 3200, 358.49
512, 4096, 3280, 358.08
512, 4096, 3360, 358.62
512, 4096, 3440, 358.98
512, 4096, 3520, 359.25
512, 4096, 3600, 359.36
512, 4096, 3680, 359.98
512, 4096, 3760, 360.17
512, 4096, 3840, 360.40
512, 4096, 3920, 360.70
512, 4096, 4000, 360.17
