bli_shgemm performance
MC = 640, KC = 256, NC = 3072
m, n, k, GFLOPS
640, 3072, 256, 296.62
640, 3072, 256, 296.29
640, 3072, 256, 296.41
640, 3072, 256, 297.18
640, 3072, 256, 297.27
640, 3072, 256, 297.51
640, 3072, 256, 296.42
640, 3072, 256, 297.06
640, 3072, 256, 296.43
640, 3072, 256, 297.45
640, 3072, 256, 296.93
640, 3072, 256, 297.02
640, 3072, 256, 297.02
640, 3072, 256, 296.48
640, 3072, 256, 297.31
640, 3072, 256, 297.14
640, 3072, 256, 296.72
640, 3072, 256, 297.09
640, 3072, 256, 295.97
640, 3072, 256, 297.52
640, 3072, 256, 297.00
640, 3072, 256, 296.80
640, 3072, 256, 296.33
640, 3072, 256, 296.37
640, 3072, 256, 296.63
640, 3072, 256, 296.68
640, 3072, 256, 297.12
640, 3072, 256, 296.28
640, 3072, 256, 297.09
640, 3072, 256, 296.67
640, 3072, 256, 296.98
640, 3072, 256, 297.17
640, 3072, 256, 297.24
640, 3072, 256, 297.74
640, 3072, 256, 297.06
640, 3072, 256, 296.80
640, 3072, 256, 296.77
640, 3072, 256, 296.80
640, 3072, 256, 296.81
640, 3072, 256, 297.67
640, 3072, 256, 296.67
640, 3072, 256, 297.21
640, 3072, 256, 297.00
640, 3072, 256, 296.98
640, 3072, 256, 296.53
640, 3072, 256, 296.64
640, 3072, 256, 297.65
640, 3072, 256, 296.83
640, 3072, 256, 297.02
640, 3072, 256, 296.78
