bli_shgemm performance
MC = 512, KC = 512, NC = 4096
m, n, k, GFLOPS
512, 4096, 512, 320.34
512, 4096, 512, 320.85
512, 4096, 512, 321.02
512, 4096, 512, 320.80
512, 4096, 512, 320.55
512, 4096, 512, 320.20
512, 4096, 512, 320.68
512, 4096, 512, 319.94
512, 4096, 512, 320.56
512, 4096, 512, 320.50
512, 4096, 512, 320.59
512, 4096, 512, 320.03
512, 4096, 512, 321.40
512, 4096, 512, 321.23
512, 4096, 512, 321.34
512, 4096, 512, 321.18
512, 4096, 512, 320.37
512, 4096, 512, 320.38
512, 4096, 512, 320.49
512, 4096, 512, 320.82
512, 4096, 512, 320.44
512, 4096, 512, 320.56
512, 4096, 512, 320.51
512, 4096, 512, 320.77
512, 4096, 512, 320.07
512, 4096, 512, 319.59
512, 4096, 512, 320.21
512, 4096, 512, 320.28
512, 4096, 512, 320.70
512, 4096, 512, 320.02
512, 4096, 512, 320.80
512, 4096, 512, 320.34
512, 4096, 512, 320.15
512, 4096, 512, 320.32
512, 4096, 512, 319.96
512, 4096, 512, 320.89
512, 4096, 512, 320.10
512, 4096, 512, 319.97
512, 4096, 512, 320.06
512, 4096, 512, 319.99
512, 4096, 512, 319.69
512, 4096, 512, 320.05
512, 4096, 512, 320.54
512, 4096, 512, 320.72
512, 4096, 512, 320.23
512, 4096, 512, 319.80
512, 4096, 512, 319.85
512, 4096, 512, 320.30
512, 4096, 512, 320.38
512, 4096, 512, 320.45
