bli_shgemm performance
MC = 384, KC = 3840, NC = 4096
m, n, k, GFLOPS
384, 4096, 3840, 330.00
384, 4096, 3840, 330.18
384, 4096, 3840, 329.84
384, 4096, 3840, 330.04
384, 4096, 3840, 330.31
384, 4096, 3840, 330.19
384, 4096, 3840, 331.03
384, 4096, 3840, 330.48
384, 4096, 3840, 330.40
384, 4096, 3840, 330.25
384, 4096, 3840, 329.94
384, 4096, 3840, 329.98
384, 4096, 3840, 329.75
384, 4096, 3840, 329.83
384, 4096, 3840, 330.16
384, 4096, 3840, 330.35
384, 4096, 3840, 329.87
384, 4096, 3840, 329.87
384, 4096, 3840, 329.86
384, 4096, 3840, 329.96
384, 4096, 3840, 330.08
384, 4096, 3840, 330.08
384, 4096, 3840, 329.98
384, 4096, 3840, 330.46
384, 4096, 3840, 330.44
384, 4096, 3840, 329.85
384, 4096, 3840, 330.22
384, 4096, 3840, 330.19
384, 4096, 3840, 330.42
384, 4096, 3840, 330.27
384, 4096, 3840, 330.03
384, 4096, 3840, 330.31
384, 4096, 3840, 329.68
384, 4096, 3840, 330.06
384, 4096, 3840, 330.36
384, 4096, 3840, 330.18
384, 4096, 3840, 329.92
384, 4096, 3840, 330.02
384, 4096, 3840, 330.15
384, 4096, 3840, 330.03
384, 4096, 3840, 330.14
384, 4096, 3840, 329.95
384, 4096, 3840, 329.82
384, 4096, 3840, 330.01
384, 4096, 3840, 330.03
384, 4096, 3840, 329.98
384, 4096, 3840, 329.94
384, 4096, 3840, 329.81
384, 4096, 3840, 329.86
384, 4096, 3840, 329.98
