bli_shgemm performance
MC = 512, KC = 1280, NC = 5120
m, n, k, GFLOPS
512, 5120, 1280, 341.39
512, 5120, 1280, 342.80
512, 5120, 1280, 344.66
512, 5120, 1280, 342.39
512, 5120, 1280, 342.91
512, 5120, 1280, 342.21
512, 5120, 1280, 344.69
512, 5120, 1280, 340.58
512, 5120, 1280, 342.75
512, 5120, 1280, 344.53
512, 5120, 1280, 340.59
512, 5120, 1280, 344.63
512, 5120, 1280, 343.69
512, 5120, 1280, 343.60
512, 5120, 1280, 342.41
512, 5120, 1280, 342.81
512, 5120, 1280, 344.94
512, 5120, 1280, 344.69
512, 5120, 1280, 340.39
512, 5120, 1280, 342.38
512, 5120, 1280, 340.89
512, 5120, 1280, 340.59
512, 5120, 1280, 345.17
512, 5120, 1280, 345.52
512, 5120, 1280, 340.35
512, 5120, 1280, 343.92
512, 5120, 1280, 341.57
512, 5120, 1280, 344.53
512, 5120, 1280, 344.27
512, 5120, 1280, 343.92
512, 5120, 1280, 341.18
512, 5120, 1280, 340.73
512, 5120, 1280, 344.50
512, 5120, 1280, 340.13
512, 5120, 1280, 343.24
512, 5120, 1280, 342.21
512, 5120, 1280, 341.43
512, 5120, 1280, 342.78
512, 5120, 1280, 341.57
512, 5120, 1280, 341.38
512, 5120, 1280, 343.90
512, 5120, 1280, 344.62
512, 5120, 1280, 344.70
512, 5120, 1280, 344.10
512, 5120, 1280, 341.25
512, 5120, 1280, 342.10
512, 5120, 1280, 341.25
512, 5120, 1280, 345.21
512, 5120, 1280, 341.77
512, 5120, 1280, 341.85
