bli_shgemm performance
MC = 384, KC = 1280, NC = 4096
m, n, k, GFLOPS
384, 4096, 80, 176.17
384, 4096, 160, 231.81
384, 4096, 240, 266.52
384, 4096, 320, 283.87
384, 4096, 400, 295.93
384, 4096, 480, 307.93
384, 4096, 560, 311.19
384, 4096, 640, 313.54
384, 4096, 720, 315.80
384, 4096, 800, 321.49
384, 4096, 880, 325.24
384, 4096, 960, 326.50
384, 4096, 1040, 329.90
384, 4096, 1120, 331.40
384, 4096, 1200, 331.80
384, 4096, 1280, 334.60
384, 4096, 1360, 310.67
384, 4096, 1440, 329.04
384, 4096, 1520, 330.58
384, 4096, 1600, 333.24
384, 4096, 1680, 334.66
384, 4096, 1760, 336.27
384, 4096, 1840, 336.33
384, 4096, 1920, 335.78
384, 4096, 2000, 336.43
384, 4096, 2080, 339.22
384, 4096, 2160, 339.09
384, 4096, 2240, 339.94
384, 4096, 2320, 340.81
384, 4096, 2400, 341.48
384, 4096, 2480, 341.86
384, 4096, 2560, 342.70
384, 4096, 2640, 332.48
384, 4096, 2720, 333.82
384, 4096, 2800, 334.85
384, 4096, 2880, 335.24
384, 4096, 2960, 336.94
384, 4096, 3040, 338.68
384, 4096, 3120, 339.69
384, 4096, 3200, 340.04
384, 4096, 3280, 338.97
384, 4096, 3360, 340.81
384, 4096, 3440, 340.76
384, 4096, 3520, 341.31
384, 4096, 3600, 341.25
384, 4096, 3680, 342.76
384, 4096, 3760, 343.00
384, 4096, 3840, 342.50
384, 4096, 3920, 336.88
384, 4096, 4000, 337.96
