bli_shgemm performance
MC = 384, KC = 2816, NC = 3072
m, n, k, GFLOPS
384, 80, 80, 190.21
384, 160, 160, 256.63
384, 240, 240, 292.55
384, 320, 320, 314.14
384, 400, 400, 328.83
384, 480, 480, 337.35
384, 560, 560, 342.61
384, 640, 640, 346.78
384, 720, 720, 350.79
384, 800, 800, 350.92
384, 880, 880, 349.62
384, 960, 960, 349.36
384, 1040, 1040, 355.44
384, 1120, 1120, 357.45
384, 1200, 1200, 360.88
384, 1280, 1280, 346.80
384, 1360, 1360, 366.41
384, 1440, 1440, 367.64
384, 1520, 1520, 367.46
384, 1600, 1600, 368.95
384, 1680, 1680, 369.07
384, 1760, 1760, 371.76
384, 1840, 1840, 370.23
384, 1920, 1920, 364.54
384, 2000, 2000, 370.36
384, 2080, 2080, 368.10
384, 2160, 2160, 361.08
384, 2240, 2240, 369.30
384, 2320, 2320, 313.47
384, 2400, 2400, 371.37
384, 2480, 2480, 304.05
384, 2560, 2560, 351.84
384, 2640, 2640, 302.11
384, 2720, 2720, 371.46
384, 2800, 2800, 294.60
384, 2880, 2880, 361.45
384, 2960, 2960, 278.37
384, 3040, 3040, 365.05
384, 3120, 3120, 281.95
384, 3200, 3200, 354.33
384, 3280, 3280, 266.66
384, 3360, 3360, 364.77
384, 3440, 3440, 261.09
384, 3520, 3520, 362.07
384, 3600, 3600, 253.54
384, 3680, 3680, 366.37
384, 3760, 3760, 247.94
384, 3840, 3840, 351.61
384, 3920, 3920, 244.24
384, 4000, 4000, 367.20
