bli_shgemm performance
MC = 384, KC = 2816, NC = 2048
m, n, k, GFLOPS
384, 2048, 80, 202.03
384, 2048, 160, 262.66
384, 2048, 240, 280.52
384, 2048, 320, 296.90
384, 2048, 400, 304.40
384, 2048, 480, 311.04
384, 2048, 560, 309.11
384, 2048, 640, 315.71
384, 2048, 720, 320.12
384, 2048, 800, 326.33
384, 2048, 880, 328.70
384, 2048, 960, 333.18
384, 2048, 1040, 334.39
384, 2048, 1120, 333.53
384, 2048, 1200, 334.60
384, 2048, 1280, 336.60
384, 2048, 1360, 337.48
384, 2048, 1440, 338.75
384, 2048, 1520, 344.11
384, 2048, 1600, 346.48
384, 2048, 1680, 346.95
384, 2048, 1760, 349.69
384, 2048, 1840, 350.08
384, 2048, 1920, 350.47
384, 2048, 2000, 350.69
384, 2048, 2080, 350.55
384, 2048, 2160, 351.04
384, 2048, 2240, 351.40
384, 2048, 2320, 351.04
384, 2048, 2400, 351.32
384, 2048, 2480, 351.12
384, 2048, 2560, 351.55
384, 2048, 2640, 351.10
384, 2048, 2720, 351.16
384, 2048, 2800, 351.46
384, 2048, 2880, 334.40
384, 2048, 2960, 336.09
384, 2048, 3040, 337.25
384, 2048, 3120, 337.11
384, 2048, 3200, 338.98
384, 2048, 3280, 339.04
384, 2048, 3360, 349.91
384, 2048, 3440, 350.04
384, 2048, 3520, 350.02
384, 2048, 3600, 351.24
384, 2048, 3680, 351.16
384, 2048, 3760, 351.64
384, 2048, 3840, 352.31
384, 2048, 3920, 351.85
384, 2048, 4000, 352.44
