bli_shgemm performance
MC = 384, KC = 1536, NC = 2048
m, n, k, GFLOPS
384, 2048, 1536, 339.40
384, 2048, 1536, 339.45
384, 2048, 1536, 339.17
384, 2048, 1536, 338.48
384, 2048, 1536, 338.38
384, 2048, 1536, 339.42
384, 2048, 1536, 339.59
384, 2048, 1536, 340.15
384, 2048, 1536, 339.65
384, 2048, 1536, 338.89
384, 2048, 1536, 339.10
384, 2048, 1536, 339.59
384, 2048, 1536, 339.14
384, 2048, 1536, 339.03
384, 2048, 1536, 339.03
384, 2048, 1536, 338.56
384, 2048, 1536, 338.69
384, 2048, 1536, 338.44
384, 2048, 1536, 338.64
384, 2048, 1536, 338.57
384, 2048, 1536, 338.62
384, 2048, 1536, 338.82
384, 2048, 1536, 338.99
384, 2048, 1536, 338.18
384, 2048, 1536, 339.47
384, 2048, 1536, 339.12
384, 2048, 1536, 338.88
384, 2048, 1536, 338.59
384, 2048, 1536, 338.96
384, 2048, 1536, 338.55
384, 2048, 1536, 339.05
384, 2048, 1536, 339.12
384, 2048, 1536, 339.24
384, 2048, 1536, 339.33
384, 2048, 1536, 338.49
384, 2048, 1536, 338.95
384, 2048, 1536, 339.05
384, 2048, 1536, 338.75
384, 2048, 1536, 338.67
384, 2048, 1536, 338.14
384, 2048, 1536, 339.00
384, 2048, 1536, 338.83
384, 2048, 1536, 338.83
384, 2048, 1536, 338.05
384, 2048, 1536, 339.04
384, 2048, 1536, 338.75
384, 2048, 1536, 339.03
384, 2048, 1536, 339.08
384, 2048, 1536, 338.77
384, 2048, 1536, 337.88
