bli_shgemm performance
MC = 640, KC = 2304, NC = 3072
m, n, k, GFLOPS
640, 3072, 80, 174.64
640, 3072, 160, 262.25
640, 3072, 240, 282.81
640, 3072, 320, 306.27
640, 3072, 400, 320.77
640, 3072, 480, 331.88
640, 3072, 560, 332.77
640, 3072, 640, 337.37
640, 3072, 720, 339.24
640, 3072, 800, 348.36
640, 3072, 880, 350.88
640, 3072, 960, 354.68
640, 3072, 1040, 357.28
640, 3072, 1120, 359.45
640, 3072, 1200, 360.27
640, 3072, 1280, 362.38
640, 3072, 1360, 362.86
640, 3072, 1440, 364.69
640, 3072, 1520, 366.03
640, 3072, 1600, 367.15
640, 3072, 1680, 367.34
640, 3072, 1760, 368.04
640, 3072, 1840, 370.61
640, 3072, 1920, 370.24
640, 3072, 2000, 370.76
640, 3072, 2080, 369.81
640, 3072, 2160, 365.38
640, 3072, 2240, 354.82
640, 3072, 2320, 351.72
640, 3072, 2400, 352.79
640, 3072, 2480, 353.21
640, 3072, 2560, 354.50
640, 3072, 2640, 338.14
640, 3072, 2720, 341.43
640, 3072, 2800, 350.16
640, 3072, 2880, 352.79
640, 3072, 2960, 351.85
640, 3072, 3040, 353.35
640, 3072, 3120, 354.39
640, 3072, 3200, 354.54
640, 3072, 3280, 356.83
640, 3072, 3360, 358.36
640, 3072, 3440, 359.10
640, 3072, 3520, 359.49
640, 3072, 3600, 376.87
640, 3072, 3680, 377.43
640, 3072, 3760, 376.93
640, 3072, 3840, 361.63
640, 3072, 3920, 361.58
640, 3072, 4000, 363.15
