bli_shgemm performance
MC = 640, KC = 3840, NC = 1024
m, n, k, GFLOPS
640, 80, 80, 196.36
640, 160, 160, 267.13
640, 240, 240, 303.65
640, 320, 320, 326.13
640, 400, 400, 341.14
640, 480, 480, 349.70
640, 560, 560, 352.13
640, 640, 640, 353.28
640, 720, 720, 353.03
640, 800, 800, 361.91
640, 880, 880, 357.42
640, 960, 960, 366.99
640, 1040, 1040, 354.73
640, 1120, 1120, 357.42
640, 1200, 1200, 362.52
640, 1280, 1280, 357.69
640, 1360, 1360, 370.94
640, 1440, 1440, 370.73
640, 1520, 1520, 375.77
640, 1600, 1600, 376.39
640, 1680, 1680, 380.68
640, 1760, 1760, 379.72
640, 1840, 1840, 384.38
640, 1920, 1920, 378.21
640, 2000, 2000, 385.05
640, 2080, 2080, 370.58
640, 2160, 2160, 326.07
640, 2240, 2240, 370.84
640, 2320, 2320, 324.13
640, 2400, 2400, 362.32
640, 2480, 2480, 322.40
640, 2560, 2560, 344.68
640, 2640, 2640, 310.54
640, 2720, 2720, 382.89
640, 2800, 2800, 306.75
640, 2880, 2880, 380.38
640, 2960, 2960, 303.14
640, 3040, 3040, 375.37
640, 3120, 3120, 294.43
640, 3200, 3200, 348.25
640, 3280, 3280, 276.19
640, 3360, 3360, 334.65
640, 3440, 3440, 268.29
640, 3520, 3520, 321.25
640, 3600, 3600, 261.21
640, 3680, 3680, 315.10
640, 3760, 3760, 256.41
640, 3840, 3840, 298.50
640, 3920, 3920, 243.59
640, 4000, 4000, 290.55
