bli_shgemm performance
MC = 640, KC = 1536, NC = 1024
m, n, k, GFLOPS
640, 1024, 80, 208.97
640, 1024, 160, 280.76
640, 1024, 240, 305.94
640, 1024, 320, 328.79
640, 1024, 400, 340.54
640, 1024, 480, 341.30
640, 1024, 560, 343.04
640, 1024, 640, 338.19
640, 1024, 720, 338.08
640, 1024, 800, 347.32
640, 1024, 880, 348.83
640, 1024, 960, 356.05
640, 1024, 1040, 351.97
640, 1024, 1120, 355.38
640, 1024, 1200, 356.20
640, 1024, 1280, 359.01
640, 1024, 1360, 360.38
640, 1024, 1440, 362.06
640, 1024, 1520, 362.41
640, 1024, 1600, 333.88
640, 1024, 1680, 340.61
640, 1024, 1760, 343.54
640, 1024, 1840, 342.80
640, 1024, 1920, 347.01
640, 1024, 2000, 345.42
640, 1024, 2080, 348.60
640, 1024, 2160, 346.55
640, 1024, 2240, 349.80
640, 1024, 2320, 350.54
640, 1024, 2400, 351.95
640, 1024, 2480, 348.74
640, 1024, 2560, 353.08
640, 1024, 2640, 353.39
640, 1024, 2720, 354.92
640, 1024, 2800, 354.22
640, 1024, 2880, 356.77
640, 1024, 2960, 356.07
640, 1024, 3040, 357.36
640, 1024, 3120, 346.81
640, 1024, 3200, 348.40
640, 1024, 3280, 348.60
640, 1024, 3360, 349.64
640, 1024, 3440, 349.06
640, 1024, 3520, 351.68
640, 1024, 3600, 350.65
640, 1024, 3680, 351.50
640, 1024, 3760, 348.84
640, 1024, 3840, 363.77
640, 1024, 3920, 363.59
640, 1024, 4000, 364.06
