bli_shgemm performance
MC = 384, KC = 512, NC = 4096
m, n, k, GFLOPS
384, 80, 80, 190.35
384, 160, 160, 258.18
384, 240, 240, 293.09
384, 320, 320, 316.12
384, 400, 400, 332.13
384, 480, 480, 340.92
384, 560, 560, 322.17
384, 640, 640, 327.18
384, 720, 720, 337.65
384, 800, 800, 340.12
384, 880, 880, 334.27
384, 960, 960, 344.75
384, 1040, 1040, 322.71
384, 1120, 1120, 330.77
384, 1200, 1200, 326.09
384, 1280, 1280, 325.54
384, 1360, 1360, 333.46
384, 1440, 1440, 346.76
384, 1520, 1520, 341.84
384, 1600, 1600, 341.44
384, 1680, 1680, 337.27
384, 1760, 1760, 343.40
384, 1840, 1840, 339.15
384, 1920, 1920, 335.40
384, 2000, 2000, 342.77
384, 2080, 2080, 336.58
384, 2160, 2160, 311.56
384, 2240, 2240, 337.64
384, 2320, 2320, 314.60
384, 2400, 2400, 340.42
384, 2480, 2480, 316.97
384, 2560, 2560, 315.44
384, 2640, 2640, 306.69
384, 2720, 2720, 337.74
384, 2800, 2800, 309.80
384, 2880, 2880, 338.50
384, 2960, 2960, 310.61
384, 3040, 3040, 341.84
384, 3120, 3120, 303.71
384, 3200, 3200, 328.76
384, 3280, 3280, 304.32
384, 3360, 3360, 337.77
384, 3440, 3440, 303.36
384, 3520, 3520, 339.97
384, 3600, 3600, 298.70
384, 3680, 3680, 336.34
384, 3760, 3760, 298.58
384, 3840, 3840, 327.61
384, 3920, 3920, 299.59
384, 4000, 4000, 336.82
