bli_shgemm performance
MC = 640, KC = 1792, NC = 2048
m, n, k, GFLOPS
640, 2048, 1792, 367.12
640, 2048, 1792, 366.91
640, 2048, 1792, 366.83
640, 2048, 1792, 367.91
640, 2048, 1792, 366.58
640, 2048, 1792, 367.19
640, 2048, 1792, 366.84
640, 2048, 1792, 366.67
640, 2048, 1792, 367.85
640, 2048, 1792, 366.94
640, 2048, 1792, 366.64
640, 2048, 1792, 366.79
640, 2048, 1792, 366.38
640, 2048, 1792, 366.02
640, 2048, 1792, 366.42
640, 2048, 1792, 366.43
640, 2048, 1792, 365.12
640, 2048, 1792, 366.76
640, 2048, 1792, 366.25
640, 2048, 1792, 366.44
640, 2048, 1792, 366.07
640, 2048, 1792, 365.74
640, 2048, 1792, 366.53
640, 2048, 1792, 365.59
640, 2048, 1792, 366.25
640, 2048, 1792, 366.28
640, 2048, 1792, 366.94
640, 2048, 1792, 366.12
640, 2048, 1792, 366.21
640, 2048, 1792, 365.68
640, 2048, 1792, 366.35
640, 2048, 1792, 366.05
640, 2048, 1792, 366.62
640, 2048, 1792, 366.95
640, 2048, 1792, 366.89
640, 2048, 1792, 366.30
640, 2048, 1792, 366.40
640, 2048, 1792, 364.78
640, 2048, 1792, 366.51
640, 2048, 1792, 366.97
640, 2048, 1792, 366.16
640, 2048, 1792, 366.82
640, 2048, 1792, 365.88
640, 2048, 1792, 365.58
640, 2048, 1792, 365.69
640, 2048, 1792, 365.87
640, 2048, 1792, 366.15
640, 2048, 1792, 365.81
640, 2048, 1792, 366.11
640, 2048, 1792, 366.70
