bli_shgemm performance
MC = 640, KC = 2304, NC = 1024
m, n, k, GFLOPS
640, 1024, 80, 207.33
640, 1024, 160, 271.51
640, 1024, 240, 301.86
640, 1024, 320, 321.37
640, 1024, 400, 331.19
640, 1024, 480, 335.76
640, 1024, 560, 334.52
640, 1024, 640, 338.93
640, 1024, 720, 338.48
640, 1024, 800, 348.86
640, 1024, 880, 348.19
640, 1024, 960, 348.90
640, 1024, 1040, 349.65
640, 1024, 1120, 353.12
640, 1024, 1200, 354.20
640, 1024, 1280, 357.49
640, 1024, 1360, 357.72
640, 1024, 1440, 359.22
640, 1024, 1520, 359.88
640, 1024, 1600, 361.67
640, 1024, 1680, 362.16
640, 1024, 1760, 363.35
640, 1024, 1840, 364.24
640, 1024, 1920, 365.63
640, 1024, 2000, 365.13
640, 1024, 2080, 366.15
640, 1024, 2160, 366.04
640, 1024, 2240, 362.90
640, 1024, 2320, 351.34
640, 1024, 2400, 359.76
640, 1024, 2480, 358.21
640, 1024, 2560, 358.35
640, 1024, 2640, 357.63
640, 1024, 2720, 361.38
640, 1024, 2800, 360.03
640, 1024, 2880, 365.37
640, 1024, 2960, 363.76
640, 1024, 3040, 365.90
640, 1024, 3120, 364.31
640, 1024, 3200, 366.32
640, 1024, 3280, 366.52
640, 1024, 3360, 367.72
640, 1024, 3440, 364.57
640, 1024, 3520, 365.22
640, 1024, 3600, 364.26
640, 1024, 3680, 364.73
640, 1024, 3760, 363.01
640, 1024, 3840, 371.03
640, 1024, 3920, 371.19
640, 1024, 4000, 371.95
