bli_shgemm performance
MC = 512, KC = 1792, NC = 5120
m, n, k, GFLOPS
512, 5120, 80, 177.34
512, 5120, 160, 246.46
512, 5120, 240, 277.56
512, 5120, 320, 298.46
512, 5120, 400, 312.86
512, 5120, 480, 319.81
512, 5120, 560, 325.61
512, 5120, 640, 329.05
512, 5120, 720, 345.01
512, 5120, 800, 352.07
512, 5120, 880, 351.77
512, 5120, 960, 353.90
512, 5120, 1040, 352.56
512, 5120, 1120, 350.85
512, 5120, 1200, 349.26
512, 5120, 1280, 346.59
512, 5120, 1360, 346.02
512, 5120, 1440, 351.96
512, 5120, 1520, 370.23
512, 5120, 1600, 366.83
512, 5120, 1680, 368.39
512, 5120, 1760, 370.32
512, 5120, 1840, 324.59
512, 5120, 1920, 332.14
512, 5120, 2000, 356.39
512, 5120, 2080, 357.63
512, 5120, 2160, 360.44
512, 5120, 2240, 360.77
512, 5120, 2320, 361.78
512, 5120, 2400, 362.23
512, 5120, 2480, 358.69
512, 5120, 2560, 361.58
512, 5120, 2640, 363.37
512, 5120, 2720, 364.22
512, 5120, 2800, 362.79
512, 5120, 2880, 364.92
512, 5120, 2960, 365.14
512, 5120, 3040, 365.37
512, 5120, 3120, 365.73
512, 5120, 3200, 365.28
512, 5120, 3280, 366.36
512, 5120, 3360, 364.90
512, 5120, 3440, 369.15
512, 5120, 3520, 369.51
512, 5120, 3600, 359.13
512, 5120, 3680, 359.06
512, 5120, 3760, 361.10
512, 5120, 3840, 360.39
512, 5120, 3920, 362.09
512, 5120, 4000, 364.92
