bli_shgemm performance
MC = 512, KC = 1280, NC = 1024
m, n, k, GFLOPS
512, 1024, 1280, 346.03
512, 1024, 1280, 347.40
512, 1024, 1280, 347.15
512, 1024, 1280, 347.14
512, 1024, 1280, 346.61
512, 1024, 1280, 346.78
512, 1024, 1280, 346.05
512, 1024, 1280, 346.13
512, 1024, 1280, 346.37
512, 1024, 1280, 346.73
512, 1024, 1280, 346.66
512, 1024, 1280, 346.35
512, 1024, 1280, 346.90
512, 1024, 1280, 346.71
512, 1024, 1280, 346.80
512, 1024, 1280, 347.34
512, 1024, 1280, 347.01
512, 1024, 1280, 346.81
512, 1024, 1280, 346.46
512, 1024, 1280, 346.86
512, 1024, 1280, 347.22
512, 1024, 1280, 346.94
512, 1024, 1280, 346.46
512, 1024, 1280, 346.38
512, 1024, 1280, 346.27
512, 1024, 1280, 347.09
512, 1024, 1280, 346.77
512, 1024, 1280, 347.32
512, 1024, 1280, 346.94
512, 1024, 1280, 347.86
512, 1024, 1280, 346.33
512, 1024, 1280, 347.16
512, 1024, 1280, 346.55
512, 1024, 1280, 346.24
512, 1024, 1280, 347.21
512, 1024, 1280, 347.78
512, 1024, 1280, 347.17
512, 1024, 1280, 346.78
512, 1024, 1280, 346.29
512, 1024, 1280, 347.05
512, 1024, 1280, 347.27
512, 1024, 1280, 347.03
512, 1024, 1280, 347.78
512, 1024, 1280, 347.13
512, 1024, 1280, 347.26
512, 1024, 1280, 347.39
512, 1024, 1280, 347.44
512, 1024, 1280, 347.16
512, 1024, 1280, 347.95
512, 1024, 1280, 346.43
