bli_shgemm performance
MC = 640, KC = 1536, NC = 2048
m, n, k, GFLOPS
640, 80, 80, 195.05
640, 160, 160, 266.22
640, 240, 240, 304.27
640, 320, 320, 327.05
640, 400, 400, 341.85
640, 480, 480, 349.64
640, 560, 560, 352.54
640, 640, 640, 348.89
640, 720, 720, 352.57
640, 800, 800, 357.74
640, 880, 880, 361.30
640, 960, 960, 368.83
640, 1040, 1040, 371.87
640, 1120, 1120, 381.23
640, 1200, 1200, 380.88
640, 1280, 1280, 375.94
640, 1360, 1360, 386.93
640, 1440, 1440, 388.07
640, 1520, 1520, 388.31
640, 1600, 1600, 373.04
640, 1680, 1680, 375.99
640, 1760, 1760, 376.56
640, 1840, 1840, 382.68
640, 1920, 1920, 377.83
640, 2000, 2000, 384.25
640, 2080, 2080, 374.68
640, 2160, 2160, 317.52
640, 2240, 2240, 366.54
640, 2320, 2320, 319.18
640, 2400, 2400, 370.33
640, 2480, 2480, 357.66
640, 2560, 2560, 359.34
640, 2640, 2640, 359.16
640, 2720, 2720, 371.56
640, 2800, 2800, 359.10
640, 2880, 2880, 375.23
640, 2960, 2960, 360.81
640, 3040, 3040, 375.71
640, 3120, 3120, 353.38
640, 3200, 3200, 366.38
640, 3280, 3280, 350.73
640, 3360, 3360, 371.55
640, 3440, 3440, 354.94
640, 3520, 3520, 374.32
640, 3600, 3600, 354.55
640, 3680, 3680, 373.01
640, 3760, 3760, 356.37
640, 3840, 3840, 369.23
640, 3920, 3920, 357.56
640, 4000, 4000, 375.76
