bli_shgemm performance
MC = 512, KC = 1536, NC = 4096
m, n, k, GFLOPS
512, 4096, 1536, 345.92
512, 4096, 1536, 344.95
512, 4096, 1536, 347.31
512, 4096, 1536, 345.67
512, 4096, 1536, 346.22
512, 4096, 1536, 342.80
512, 4096, 1536, 342.04
512, 4096, 1536, 341.91
512, 4096, 1536, 340.64
512, 4096, 1536, 343.89
512, 4096, 1536, 343.63
512, 4096, 1536, 346.63
512, 4096, 1536, 345.98
512, 4096, 1536, 339.39
512, 4096, 1536, 340.01
512, 4096, 1536, 344.59
512, 4096, 1536, 345.18
512, 4096, 1536, 342.58
512, 4096, 1536, 345.19
512, 4096, 1536, 345.55
512, 4096, 1536, 345.82
512, 4096, 1536, 344.69
512, 4096, 1536, 340.62
512, 4096, 1536, 341.47
512, 4096, 1536, 341.75
512, 4096, 1536, 341.31
512, 4096, 1536, 342.70
512, 4096, 1536, 344.13
512, 4096, 1536, 346.20
512, 4096, 1536, 347.22
512, 4096, 1536, 345.14
512, 4096, 1536, 344.90
512, 4096, 1536, 346.34
512, 4096, 1536, 344.91
512, 4096, 1536, 345.90
512, 4096, 1536, 345.55
512, 4096, 1536, 345.21
512, 4096, 1536, 345.71
512, 4096, 1536, 345.71
512, 4096, 1536, 345.27
512, 4096, 1536, 346.21
512, 4096, 1536, 345.47
512, 4096, 1536, 344.90
512, 4096, 1536, 345.29
512, 4096, 1536, 345.32
512, 4096, 1536, 345.98
512, 4096, 1536, 345.91
512, 4096, 1536, 346.34
512, 4096, 1536, 346.64
512, 4096, 1536, 345.04
