bli_shgemm performance
MC = 512, KC = 1024, NC = 5120
m, n, k, GFLOPS
512, 5120, 1024, 341.02
512, 5120, 1024, 340.78
512, 5120, 1024, 339.66
512, 5120, 1024, 341.18
512, 5120, 1024, 341.04
512, 5120, 1024, 340.12
512, 5120, 1024, 340.34
512, 5120, 1024, 340.35
512, 5120, 1024, 340.65
512, 5120, 1024, 340.19
512, 5120, 1024, 341.47
512, 5120, 1024, 341.39
512, 5120, 1024, 341.28
512, 5120, 1024, 339.41
512, 5120, 1024, 340.34
512, 5120, 1024, 340.17
512, 5120, 1024, 342.42
512, 5120, 1024, 342.21
512, 5120, 1024, 342.30
512, 5120, 1024, 341.52
512, 5120, 1024, 340.18
512, 5120, 1024, 340.71
512, 5120, 1024, 341.18
512, 5120, 1024, 340.85
512, 5120, 1024, 339.65
512, 5120, 1024, 340.10
512, 5120, 1024, 340.04
512, 5120, 1024, 340.30
512, 5120, 1024, 340.87
512, 5120, 1024, 340.31
512, 5120, 1024, 341.19
512, 5120, 1024, 340.70
512, 5120, 1024, 339.67
512, 5120, 1024, 340.89
512, 5120, 1024, 341.20
512, 5120, 1024, 340.63
512, 5120, 1024, 339.82
512, 5120, 1024, 340.58
512, 5120, 1024, 338.56
512, 5120, 1024, 339.54
512, 5120, 1024, 339.69
512, 5120, 1024, 341.63
512, 5120, 1024, 340.48
512, 5120, 1024, 341.73
512, 5120, 1024, 341.60
512, 5120, 1024, 338.83
512, 5120, 1024, 339.20
512, 5120, 1024, 340.05
512, 5120, 1024, 340.41
512, 5120, 1024, 342.00
