bli_shgemm performance
MC = 256, KC = 2048, NC = 5120
m, n, k, GFLOPS
256, 5120, 80, 177.71
256, 5120, 160, 227.21
256, 5120, 240, 256.30
256, 5120, 320, 273.15
256, 5120, 400, 284.29
256, 5120, 480, 290.81
256, 5120, 560, 295.91
256, 5120, 640, 298.58
256, 5120, 720, 300.38
256, 5120, 800, 303.98
256, 5120, 880, 305.50
256, 5120, 960, 306.93
256, 5120, 1040, 307.08
256, 5120, 1120, 305.51
256, 5120, 1200, 305.73
256, 5120, 1280, 307.08
256, 5120, 1360, 308.39
256, 5120, 1440, 307.07
256, 5120, 1520, 337.54
256, 5120, 1600, 334.93
256, 5120, 1680, 335.42
256, 5120, 1760, 332.00
256, 5120, 1840, 332.16
256, 5120, 1920, 337.39
256, 5120, 2000, 335.01
256, 5120, 2080, 292.05
256, 5120, 2160, 329.59
256, 5120, 2240, 330.86
256, 5120, 2320, 332.58
256, 5120, 2400, 332.37
256, 5120, 2480, 333.87
256, 5120, 2560, 336.18
256, 5120, 2640, 334.55
256, 5120, 2720, 334.63
256, 5120, 2800, 335.83
256, 5120, 2880, 337.24
256, 5120, 2960, 336.74
256, 5120, 3040, 336.21
256, 5120, 3120, 336.77
256, 5120, 3200, 337.51
256, 5120, 3280, 337.59
256, 5120, 3360, 337.26
256, 5120, 3440, 338.57
256, 5120, 3520, 338.97
256, 5120, 3600, 339.53
256, 5120, 3680, 339.34
256, 5120, 3760, 339.58
256, 5120, 3840, 339.98
256, 5120, 3920, 339.83
256, 5120, 4000, 338.73
