bli_shgemm performance
MC = 512, KC = 1792, NC = 1024
m, n, k, GFLOPS
512, 1024, 1792, 317.36
512, 1024, 1792, 347.06
512, 1024, 1792, 346.37
512, 1024, 1792, 346.08
512, 1024, 1792, 346.32
512, 1024, 1792, 346.75
512, 1024, 1792, 346.08
512, 1024, 1792, 345.54
512, 1024, 1792, 346.82
512, 1024, 1792, 345.99
512, 1024, 1792, 346.25
512, 1024, 1792, 345.29
512, 1024, 1792, 347.34
512, 1024, 1792, 346.26
512, 1024, 1792, 346.18
512, 1024, 1792, 345.71
512, 1024, 1792, 349.37
512, 1024, 1792, 347.45
512, 1024, 1792, 347.30
512, 1024, 1792, 346.65
512, 1024, 1792, 347.20
512, 1024, 1792, 348.02
512, 1024, 1792, 348.52
512, 1024, 1792, 348.71
512, 1024, 1792, 348.44
512, 1024, 1792, 349.01
512, 1024, 1792, 349.07
512, 1024, 1792, 347.55
512, 1024, 1792, 347.94
512, 1024, 1792, 347.64
512, 1024, 1792, 347.95
512, 1024, 1792, 347.66
512, 1024, 1792, 347.27
512, 1024, 1792, 345.47
512, 1024, 1792, 346.34
512, 1024, 1792, 347.00
512, 1024, 1792, 345.60
512, 1024, 1792, 346.52
512, 1024, 1792, 345.50
512, 1024, 1792, 346.82
512, 1024, 1792, 346.55
512, 1024, 1792, 344.95
512, 1024, 1792, 346.36
512, 1024, 1792, 346.03
512, 1024, 1792, 347.94
512, 1024, 1792, 346.01
512, 1024, 1792, 346.13
512, 1024, 1792, 345.78
512, 1024, 1792, 347.11
512, 1024, 1792, 346.99
