bli_shgemm performance
MC = 640, KC = 2304, NC = 5120
m, n, k, GFLOPS
640, 5120, 80, 176.47
640, 5120, 160, 247.06
640, 5120, 240, 284.48
640, 5120, 320, 307.19
640, 5120, 400, 322.23
640, 5120, 480, 330.68
640, 5120, 560, 338.72
640, 5120, 640, 341.02
640, 5120, 720, 343.93
640, 5120, 800, 339.90
640, 5120, 880, 340.84
640, 5120, 960, 343.09
640, 5120, 1040, 344.19
640, 5120, 1120, 346.59
640, 5120, 1200, 345.65
640, 5120, 1280, 349.53
640, 5120, 1360, 351.42
640, 5120, 1440, 354.67
640, 5120, 1520, 351.84
640, 5120, 1600, 352.76
640, 5120, 1680, 355.86
640, 5120, 1760, 370.85
640, 5120, 1840, 367.20
640, 5120, 1920, 367.43
640, 5120, 2000, 367.04
640, 5120, 2080, 364.19
640, 5120, 2160, 358.77
640, 5120, 2240, 354.21
640, 5120, 2320, 339.31
640, 5120, 2400, 342.72
640, 5120, 2480, 342.91
640, 5120, 2560, 346.58
640, 5120, 2640, 367.18
640, 5120, 2720, 368.60
640, 5120, 2800, 367.70
640, 5120, 2880, 370.34
640, 5120, 2960, 369.52
640, 5120, 3040, 370.62
640, 5120, 3120, 370.74
640, 5120, 3200, 371.38
640, 5120, 3280, 371.11
640, 5120, 3360, 372.16
640, 5120, 3440, 373.58
640, 5120, 3520, 373.93
640, 5120, 3600, 373.27
640, 5120, 3680, 373.74
640, 5120, 3760, 374.19
640, 5120, 3840, 374.40
640, 5120, 3920, 374.55
640, 5120, 4000, 375.45
