bli_shgemm performance
MC = 384, KC = 1280, NC = 1024
m, n, k, GFLOPS
384, 80, 80, 181.38
384, 160, 160, 257.28
384, 240, 240, 291.99
384, 320, 320, 312.62
384, 400, 400, 328.18
384, 480, 480, 336.78
384, 560, 560, 343.41
384, 640, 640, 346.88
384, 720, 720, 351.02
384, 800, 800, 358.58
384, 880, 880, 355.31
384, 960, 960, 358.53
384, 1040, 1040, 337.74
384, 1120, 1120, 339.01
384, 1200, 1200, 342.77
384, 1280, 1280, 337.49
384, 1360, 1360, 341.59
384, 1440, 1440, 347.58
384, 1520, 1520, 346.60
384, 1600, 1600, 348.44
384, 1680, 1680, 346.60
384, 1760, 1760, 349.20
384, 1840, 1840, 345.65
384, 1920, 1920, 344.11
384, 2000, 2000, 348.94
384, 2080, 2080, 344.48
384, 2160, 2160, 334.58
384, 2240, 2240, 346.53
384, 2320, 2320, 334.63
384, 2400, 2400, 348.07
384, 2480, 2480, 336.70
384, 2560, 2560, 334.64
384, 2640, 2640, 328.73
384, 2720, 2720, 342.11
384, 2800, 2800, 328.02
384, 2880, 2880, 345.68
384, 2960, 2960, 323.39
384, 3040, 3040, 342.64
384, 3120, 3120, 320.56
384, 3200, 3200, 338.07
384, 3280, 3280, 322.35
384, 3360, 3360, 344.53
384, 3440, 3440, 323.19
384, 3520, 3520, 348.09
384, 3600, 3600, 326.44
384, 3680, 3680, 347.50
384, 3760, 3760, 328.59
384, 3840, 3840, 343.08
384, 3920, 3920, 326.01
384, 4000, 4000, 347.36
