bli_shgemm performance
MC = 256, KC = 1024, NC = 2048
m, n, k, GFLOPS
256, 2048, 1024, 302.83
256, 2048, 1024, 303.36
256, 2048, 1024, 303.18
256, 2048, 1024, 303.44
256, 2048, 1024, 303.18
256, 2048, 1024, 302.99
256, 2048, 1024, 303.40
256, 2048, 1024, 302.71
256, 2048, 1024, 303.52
256, 2048, 1024, 303.85
256, 2048, 1024, 303.97
256, 2048, 1024, 303.83
256, 2048, 1024, 302.90
256, 2048, 1024, 303.34
256, 2048, 1024, 303.13
256, 2048, 1024, 303.10
256, 2048, 1024, 303.81
256, 2048, 1024, 303.33
256, 2048, 1024, 303.67
256, 2048, 1024, 303.48
256, 2048, 1024, 303.08
256, 2048, 1024, 303.28
256, 2048, 1024, 303.49
256, 2048, 1024, 303.18
256, 2048, 1024, 303.52
256, 2048, 1024, 303.57
256, 2048, 1024, 303.36
256, 2048, 1024, 302.98
256, 2048, 1024, 303.25
256, 2048, 1024, 303.13
256, 2048, 1024, 303.44
256, 2048, 1024, 303.11
256, 2048, 1024, 302.88
256, 2048, 1024, 303.44
256, 2048, 1024, 303.14
256, 2048, 1024, 303.19
256, 2048, 1024, 303.19
256, 2048, 1024, 303.18
256, 2048, 1024, 303.18
256, 2048, 1024, 303.65
256, 2048, 1024, 303.25
256, 2048, 1024, 303.04
256, 2048, 1024, 303.48
256, 2048, 1024, 303.38
256, 2048, 1024, 303.23
256, 2048, 1024, 303.60
256, 2048, 1024, 303.42
256, 2048, 1024, 303.27
256, 2048, 1024, 303.29
256, 2048, 1024, 303.38
