bli_shgemm performance
MC = 384, KC = 1280, NC = 2048
m, n, k, GFLOPS
384, 2048, 80, 190.78
384, 2048, 160, 263.65
384, 2048, 240, 279.52
384, 2048, 320, 285.69
384, 2048, 400, 290.52
384, 2048, 480, 299.16
384, 2048, 560, 304.15
384, 2048, 640, 311.22
384, 2048, 720, 312.87
384, 2048, 800, 321.81
384, 2048, 880, 324.19
384, 2048, 960, 329.68
384, 2048, 1040, 329.94
384, 2048, 1120, 332.71
384, 2048, 1200, 334.42
384, 2048, 1280, 336.52
384, 2048, 1360, 315.61
384, 2048, 1440, 318.14
384, 2048, 1520, 319.40
384, 2048, 1600, 329.89
384, 2048, 1680, 330.36
384, 2048, 1760, 332.44
384, 2048, 1840, 332.76
384, 2048, 1920, 334.67
384, 2048, 2000, 334.06
384, 2048, 2080, 337.09
384, 2048, 2160, 337.77
384, 2048, 2240, 340.93
384, 2048, 2320, 340.28
384, 2048, 2400, 341.43
384, 2048, 2480, 341.87
384, 2048, 2560, 343.23
384, 2048, 2640, 332.87
384, 2048, 2720, 334.20
384, 2048, 2800, 335.24
384, 2048, 2880, 335.92
384, 2048, 2960, 335.78
384, 2048, 3040, 336.20
384, 2048, 3120, 337.08
384, 2048, 3200, 338.03
384, 2048, 3280, 337.24
384, 2048, 3360, 339.37
384, 2048, 3440, 339.81
384, 2048, 3520, 341.90
384, 2048, 3600, 341.09
384, 2048, 3680, 342.06
384, 2048, 3760, 342.19
384, 2048, 3840, 343.13
384, 2048, 3920, 336.21
384, 2048, 4000, 336.12
