bli_shgemm performance
MC = 256, KC = 2816, NC = 3072
m, n, k, GFLOPS
256, 3072, 80, 194.93
256, 3072, 160, 246.94
256, 3072, 240, 262.13
256, 3072, 320, 274.88
256, 3072, 400, 283.15
256, 3072, 480, 288.63
256, 3072, 560, 293.28
256, 3072, 640, 297.83
256, 3072, 720, 300.37
256, 3072, 800, 306.33
256, 3072, 880, 307.28
256, 3072, 960, 310.02
256, 3072, 1040, 310.91
256, 3072, 1120, 313.12
256, 3072, 1200, 313.75
256, 3072, 1280, 314.01
256, 3072, 1360, 314.53
256, 3072, 1440, 315.82
256, 3072, 1520, 315.15
256, 3072, 1600, 316.60
256, 3072, 1680, 314.90
256, 3072, 1760, 317.99
256, 3072, 1840, 316.79
256, 3072, 1920, 317.26
256, 3072, 2000, 314.99
256, 3072, 2080, 314.80
256, 3072, 2160, 331.70
256, 3072, 2240, 330.83
256, 3072, 2320, 331.92
256, 3072, 2400, 331.35
256, 3072, 2480, 331.42
256, 3072, 2560, 330.38
256, 3072, 2640, 333.02
256, 3072, 2720, 332.61
256, 3072, 2800, 333.22
256, 3072, 2880, 306.28
256, 3072, 2960, 306.68
256, 3072, 3040, 309.21
256, 3072, 3120, 329.92
256, 3072, 3200, 330.10
256, 3072, 3280, 330.05
256, 3072, 3360, 331.06
256, 3072, 3440, 330.85
256, 3072, 3520, 329.95
256, 3072, 3600, 330.87
256, 3072, 3680, 331.39
256, 3072, 3760, 331.60
256, 3072, 3840, 332.45
256, 3072, 3920, 333.00
256, 3072, 4000, 333.81
