bli_shgemm performance
MC = 256, KC = 4096, NC = 1024
m, n, k, GFLOPS
256, 80, 80, 166.69
256, 160, 160, 245.75
256, 240, 240, 281.43
256, 320, 320, 297.35
256, 400, 400, 310.48
256, 480, 480, 318.96
256, 560, 560, 325.30
256, 640, 640, 329.78
256, 720, 720, 337.59
256, 800, 800, 338.83
256, 880, 880, 335.53
256, 960, 960, 337.50
256, 1040, 1040, 325.29
256, 1120, 1120, 327.71
256, 1200, 1200, 328.30
256, 1280, 1280, 320.78
256, 1360, 1360, 335.45
256, 1440, 1440, 338.65
256, 1520, 1520, 338.38
256, 1600, 1600, 338.01
256, 1680, 1680, 341.20
256, 1760, 1760, 343.49
256, 1840, 1840, 345.15
256, 1920, 1920, 333.51
256, 2000, 2000, 344.97
256, 2080, 2080, 340.20
256, 2160, 2160, 335.22
256, 2240, 2240, 342.67
256, 2320, 2320, 337.99
256, 2400, 2400, 344.26
256, 2480, 2480, 340.58
256, 2560, 2560, 325.28
256, 2640, 2640, 340.36
256, 2720, 2720, 346.37
256, 2800, 2800, 340.50
256, 2880, 2880, 348.61
256, 2960, 2960, 342.89
256, 3040, 3040, 348.78
256, 3120, 3120, 337.78
256, 3200, 3200, 341.99
256, 3280, 3280, 331.70
256, 3360, 3360, 347.13
256, 3440, 3440, 338.58
256, 3520, 3520, 349.08
256, 3600, 3600, 339.39
256, 3680, 3680, 348.65
256, 3760, 3760, 340.67
256, 3840, 3840, 343.82
256, 3920, 3920, 340.76
256, 4000, 4000, 349.39
