bli_shgemm performance
MC = 256, KC = 1280, NC = 4096
m, n, k, GFLOPS
256, 80, 80, 184.22
256, 160, 160, 249.39
256, 240, 240, 283.46
256, 320, 320, 300.51
256, 400, 400, 313.22
256, 480, 480, 320.91
256, 560, 560, 327.18
256, 640, 640, 330.47
256, 720, 720, 336.42
256, 800, 800, 338.53
256, 880, 880, 338.38
256, 960, 960, 343.25
256, 1040, 1040, 340.75
256, 1120, 1120, 345.67
256, 1200, 1200, 342.50
256, 1280, 1280, 326.22
256, 1360, 1360, 335.19
256, 1440, 1440, 340.75
256, 1520, 1520, 336.76
256, 1600, 1600, 339.28
256, 1680, 1680, 338.57
256, 1760, 1760, 340.33
256, 1840, 1840, 339.80
256, 1920, 1920, 326.71
256, 2000, 2000, 341.67
256, 2080, 2080, 339.82
256, 2160, 2160, 273.33
256, 2240, 2240, 336.73
256, 2320, 2320, 261.29
256, 2400, 2400, 342.99
256, 2480, 2480, 259.29
256, 2560, 2560, 315.40
256, 2640, 2640, 257.95
256, 2720, 2720, 335.78
256, 2800, 2800, 254.76
256, 2880, 2880, 332.49
256, 2960, 2960, 246.22
256, 3040, 3040, 337.44
256, 3120, 3120, 240.50
256, 3200, 3200, 323.58
256, 3280, 3280, 234.22
256, 3360, 3360, 337.82
256, 3440, 3440, 227.91
256, 3520, 3520, 332.45
256, 3600, 3600, 222.51
256, 3680, 3680, 337.30
256, 3760, 3760, 218.81
256, 3840, 3840, 319.40
256, 3920, 3920, 209.12
256, 4000, 4000, 332.79
