bli_shgemm performance
MC = 640, KC = 3072, NC = 2048
m, n, k, GFLOPS
640, 2048, 80, 179.20
640, 2048, 160, 259.84
640, 2048, 240, 280.86
640, 2048, 320, 305.14
640, 2048, 400, 320.13
640, 2048, 480, 326.88
640, 2048, 560, 335.90
640, 2048, 640, 339.16
640, 2048, 720, 343.55
640, 2048, 800, 351.51
640, 2048, 880, 353.57
640, 2048, 960, 357.44
640, 2048, 1040, 356.30
640, 2048, 1120, 360.20
640, 2048, 1200, 362.42
640, 2048, 1280, 361.03
640, 2048, 1360, 362.70
640, 2048, 1440, 365.02
640, 2048, 1520, 366.40
640, 2048, 1600, 368.09
640, 2048, 1680, 367.89
640, 2048, 1760, 369.64
640, 2048, 1840, 369.66
640, 2048, 1920, 370.23
640, 2048, 2000, 372.02
640, 2048, 2080, 371.49
640, 2048, 2160, 372.77
640, 2048, 2240, 373.38
640, 2048, 2320, 373.28
640, 2048, 2400, 371.58
640, 2048, 2480, 370.89
640, 2048, 2560, 371.01
640, 2048, 2640, 370.16
640, 2048, 2720, 364.93
640, 2048, 2800, 361.31
640, 2048, 2880, 355.97
640, 2048, 2960, 343.40
640, 2048, 3040, 340.46
640, 2048, 3120, 331.99
640, 2048, 3200, 334.52
640, 2048, 3280, 335.76
640, 2048, 3360, 337.47
640, 2048, 3440, 338.28
640, 2048, 3520, 339.58
640, 2048, 3600, 338.92
640, 2048, 3680, 341.80
640, 2048, 3760, 336.45
640, 2048, 3840, 338.73
640, 2048, 3920, 338.65
640, 2048, 4000, 339.65
