bli_shgemm performance
MC = 640, KC = 1792, NC = 1024
m, n, k, GFLOPS
640, 1024, 80, 208.10
640, 1024, 160, 281.65
640, 1024, 240, 302.31
640, 1024, 320, 325.50
640, 1024, 400, 336.59
640, 1024, 480, 342.10
640, 1024, 560, 345.18
640, 1024, 640, 343.55
640, 1024, 720, 344.57
640, 1024, 800, 349.22
640, 1024, 880, 350.48
640, 1024, 960, 355.94
640, 1024, 1040, 357.84
640, 1024, 1120, 361.82
640, 1024, 1200, 356.92
640, 1024, 1280, 359.02
640, 1024, 1360, 360.14
640, 1024, 1440, 362.24
640, 1024, 1520, 362.97
640, 1024, 1600, 365.18
640, 1024, 1680, 365.72
640, 1024, 1760, 367.32
640, 1024, 1840, 337.23
640, 1024, 1920, 347.28
640, 1024, 2000, 346.45
640, 1024, 2080, 349.82
640, 1024, 2160, 348.03
640, 1024, 2240, 353.06
640, 1024, 2320, 351.11
640, 1024, 2400, 353.35
640, 1024, 2480, 350.88
640, 1024, 2560, 356.23
640, 1024, 2640, 354.68
640, 1024, 2720, 356.97
640, 1024, 2800, 355.77
640, 1024, 2880, 354.81
640, 1024, 2960, 356.97
640, 1024, 3040, 359.05
640, 1024, 3120, 356.90
640, 1024, 3200, 360.25
640, 1024, 3280, 359.70
640, 1024, 3360, 359.96
640, 1024, 3440, 359.04
640, 1024, 3520, 361.35
640, 1024, 3600, 352.54
640, 1024, 3680, 352.66
640, 1024, 3760, 351.74
640, 1024, 3840, 353.84
640, 1024, 3920, 354.08
640, 1024, 4000, 355.37
