bli_shgemm performance
MC = 256, KC = 1792, NC = 4096
m, n, k, GFLOPS
256, 4096, 1792, 302.27
256, 4096, 1792, 303.01
256, 4096, 1792, 302.14
256, 4096, 1792, 304.91
256, 4096, 1792, 302.81
256, 4096, 1792, 304.69
256, 4096, 1792, 303.10
256, 4096, 1792, 304.92
256, 4096, 1792, 302.09
256, 4096, 1792, 301.24
256, 4096, 1792, 302.64
256, 4096, 1792, 303.57
256, 4096, 1792, 305.26
256, 4096, 1792, 305.54
256, 4096, 1792, 303.93
256, 4096, 1792, 300.98
256, 4096, 1792, 303.31
256, 4096, 1792, 302.01
256, 4096, 1792, 300.41
256, 4096, 1792, 302.23
256, 4096, 1792, 303.59
256, 4096, 1792, 302.08
256, 4096, 1792, 303.19
256, 4096, 1792, 302.02
256, 4096, 1792, 302.49
256, 4096, 1792, 302.87
256, 4096, 1792, 302.87
256, 4096, 1792, 304.40
256, 4096, 1792, 304.66
256, 4096, 1792, 302.63
256, 4096, 1792, 301.90
256, 4096, 1792, 301.66
256, 4096, 1792, 302.53
256, 4096, 1792, 303.42
256, 4096, 1792, 302.30
256, 4096, 1792, 302.49
256, 4096, 1792, 303.33
256, 4096, 1792, 303.98
256, 4096, 1792, 303.03
256, 4096, 1792, 304.76
256, 4096, 1792, 302.62
256, 4096, 1792, 301.16
256, 4096, 1792, 303.64
256, 4096, 1792, 301.20
256, 4096, 1792, 305.93
256, 4096, 1792, 301.45
256, 4096, 1792, 302.76
256, 4096, 1792, 301.51
256, 4096, 1792, 302.24
256, 4096, 1792, 302.13
