bli_shgemm performance
MC = 256, KC = 3072, NC = 2048
m, n, k, GFLOPS
256, 80, 80, 180.51
256, 160, 160, 246.61
256, 240, 240, 280.20
256, 320, 320, 298.69
256, 400, 400, 312.41
256, 480, 480, 320.33
256, 560, 560, 326.29
256, 640, 640, 330.58
256, 720, 720, 338.07
256, 800, 800, 341.82
256, 880, 880, 339.97
256, 960, 960, 340.42
256, 1040, 1040, 339.59
256, 1120, 1120, 340.74
256, 1200, 1200, 342.55
256, 1280, 1280, 322.73
256, 1360, 1360, 346.55
256, 1440, 1440, 348.19
256, 1520, 1520, 348.40
256, 1600, 1600, 349.92
256, 1680, 1680, 348.36
256, 1760, 1760, 350.95
256, 1840, 1840, 347.46
256, 1920, 1920, 338.61
256, 2000, 2000, 344.84
256, 2080, 2080, 339.22
256, 2160, 2160, 276.15
256, 2240, 2240, 342.61
256, 2320, 2320, 267.73
256, 2400, 2400, 345.47
256, 2480, 2480, 267.17
256, 2560, 2560, 319.19
256, 2640, 2640, 256.50
256, 2720, 2720, 340.77
256, 2800, 2800, 253.98
256, 2880, 2880, 341.49
256, 2960, 2960, 251.74
256, 3040, 3040, 345.54
256, 3120, 3120, 242.39
256, 3200, 3200, 331.85
256, 3280, 3280, 236.45
256, 3360, 3360, 344.11
256, 3440, 3440, 328.30
256, 3520, 3520, 347.61
256, 3600, 3600, 327.41
256, 3680, 3680, 344.20
256, 3760, 3760, 324.41
256, 3840, 3840, 341.61
256, 3920, 3920, 329.90
256, 4000, 4000, 346.72
