bli_shgemm performance
MC = 640, KC = 1536, NC = 2048
m, n, k, GFLOPS
640, 2048, 1536, 364.65
640, 2048, 1536, 365.26
640, 2048, 1536, 364.75
640, 2048, 1536, 364.63
640, 2048, 1536, 366.24
640, 2048, 1536, 365.55
640, 2048, 1536, 365.44
640, 2048, 1536, 365.87
640, 2048, 1536, 365.57
640, 2048, 1536, 364.68
640, 2048, 1536, 364.73
640, 2048, 1536, 364.56
640, 2048, 1536, 364.64
640, 2048, 1536, 364.82
640, 2048, 1536, 364.30
640, 2048, 1536, 364.57
640, 2048, 1536, 364.70
640, 2048, 1536, 364.90
640, 2048, 1536, 364.94
640, 2048, 1536, 364.35
640, 2048, 1536, 364.90
640, 2048, 1536, 364.28
640, 2048, 1536, 364.49
640, 2048, 1536, 364.15
640, 2048, 1536, 365.38
640, 2048, 1536, 364.75
640, 2048, 1536, 364.41
640, 2048, 1536, 365.22
640, 2048, 1536, 364.90
640, 2048, 1536, 364.42
640, 2048, 1536, 364.78
640, 2048, 1536, 364.80
640, 2048, 1536, 364.83
640, 2048, 1536, 364.37
640, 2048, 1536, 365.08
640, 2048, 1536, 364.85
640, 2048, 1536, 365.14
640, 2048, 1536, 364.46
640, 2048, 1536, 364.76
640, 2048, 1536, 364.54
640, 2048, 1536, 365.16
640, 2048, 1536, 365.88
640, 2048, 1536, 365.32
640, 2048, 1536, 364.42
640, 2048, 1536, 364.74
640, 2048, 1536, 365.26
640, 2048, 1536, 365.22
640, 2048, 1536, 365.46
640, 2048, 1536, 364.38
640, 2048, 1536, 364.79
