bli_shgemm performance
MC = 384, KC = 1792, NC = 4096
m, n, k, GFLOPS
384, 4096, 80, 174.83
384, 4096, 160, 237.59
384, 4096, 240, 264.67
384, 4096, 320, 284.56
384, 4096, 400, 295.92
384, 4096, 480, 304.56
384, 4096, 560, 311.17
384, 4096, 640, 314.66
384, 4096, 720, 317.00
384, 4096, 800, 323.13
384, 4096, 880, 323.99
384, 4096, 960, 334.15
384, 4096, 1040, 335.61
384, 4096, 1120, 337.19
384, 4096, 1200, 337.77
384, 4096, 1280, 337.83
384, 4096, 1360, 338.38
384, 4096, 1440, 338.00
384, 4096, 1520, 342.07
384, 4096, 1600, 341.37
384, 4096, 1680, 341.69
384, 4096, 1760, 344.83
384, 4096, 1840, 314.25
384, 4096, 1920, 317.36
384, 4096, 2000, 336.19
384, 4096, 2080, 337.93
384, 4096, 2160, 338.94
384, 4096, 2240, 340.93
384, 4096, 2320, 340.92
384, 4096, 2400, 341.05
384, 4096, 2480, 340.43
384, 4096, 2560, 342.88
384, 4096, 2640, 342.29
384, 4096, 2720, 342.61
384, 4096, 2800, 343.98
384, 4096, 2880, 343.99
384, 4096, 2960, 343.64
384, 4096, 3040, 344.10
384, 4096, 3120, 344.93
384, 4096, 3200, 345.21
384, 4096, 3280, 344.67
384, 4096, 3360, 344.95
384, 4096, 3440, 344.51
384, 4096, 3520, 345.33
384, 4096, 3600, 337.17
384, 4096, 3680, 339.10
384, 4096, 3760, 340.58
384, 4096, 3840, 342.26
384, 4096, 3920, 342.13
384, 4096, 4000, 342.94
