bli_shgemm performance
MC = 384, KC = 2304, NC = 5120
m, n, k, GFLOPS
384, 5120, 80, 175.33
384, 5120, 160, 242.17
384, 5120, 240, 270.19
384, 5120, 320, 288.91
384, 5120, 400, 302.61
384, 5120, 480, 309.04
384, 5120, 560, 315.91
384, 5120, 640, 318.43
384, 5120, 720, 320.71
384, 5120, 800, 327.84
384, 5120, 880, 328.18
384, 5120, 960, 329.13
384, 5120, 1040, 328.73
384, 5120, 1120, 330.62
384, 5120, 1200, 330.57
384, 5120, 1280, 330.71
384, 5120, 1360, 332.73
384, 5120, 1440, 332.13
384, 5120, 1520, 355.39
384, 5120, 1600, 355.08
384, 5120, 1680, 355.10
384, 5120, 1760, 352.93
384, 5120, 1840, 353.28
384, 5120, 1920, 353.39
384, 5120, 2000, 359.95
384, 5120, 2080, 359.80
384, 5120, 2160, 358.29
384, 5120, 2240, 361.24
384, 5120, 2320, 318.59
384, 5120, 2400, 322.80
384, 5120, 2480, 353.40
384, 5120, 2560, 354.05
384, 5120, 2640, 353.39
384, 5120, 2720, 354.18
384, 5120, 2800, 354.20
384, 5120, 2880, 356.24
384, 5120, 2960, 355.20
384, 5120, 3040, 356.97
384, 5120, 3120, 358.39
384, 5120, 3200, 357.19
384, 5120, 3280, 357.84
384, 5120, 3360, 359.48
384, 5120, 3440, 358.69
384, 5120, 3520, 358.63
384, 5120, 3600, 358.62
384, 5120, 3680, 359.72
384, 5120, 3760, 359.30
384, 5120, 3840, 360.20
384, 5120, 3920, 361.98
384, 5120, 4000, 361.09
