bli_shgemm performance
MC = 512, KC = 3072, NC = 4096
m, n, k, GFLOPS
512, 4096, 3072, 358.34
512, 4096, 3072, 358.73
512, 4096, 3072, 359.15
512, 4096, 3072, 358.58
512, 4096, 3072, 358.53
512, 4096, 3072, 358.95
512, 4096, 3072, 358.03
512, 4096, 3072, 358.14
512, 4096, 3072, 358.46
512, 4096, 3072, 358.49
512, 4096, 3072, 358.37
512, 4096, 3072, 358.17
512, 4096, 3072, 358.31
512, 4096, 3072, 359.23
512, 4096, 3072, 358.67
512, 4096, 3072, 358.42
512, 4096, 3072, 358.61
512, 4096, 3072, 358.55
512, 4096, 3072, 358.27
512, 4096, 3072, 358.53
512, 4096, 3072, 358.59
512, 4096, 3072, 358.72
512, 4096, 3072, 358.60
512, 4096, 3072, 358.26
512, 4096, 3072, 359.20
512, 4096, 3072, 359.27
512, 4096, 3072, 358.83
512, 4096, 3072, 359.40
512, 4096, 3072, 358.76
512, 4096, 3072, 358.78
512, 4096, 3072, 358.57
512, 4096, 3072, 358.70
512, 4096, 3072, 358.58
512, 4096, 3072, 358.38
512, 4096, 3072, 358.90
512, 4096, 3072, 358.74
512, 4096, 3072, 358.29
512, 4096, 3072, 359.34
512, 4096, 3072, 358.62
512, 4096, 3072, 358.03
512, 4096, 3072, 358.41
512, 4096, 3072, 358.92
512, 4096, 3072, 358.42
512, 4096, 3072, 358.33
512, 4096, 3072, 358.29
512, 4096, 3072, 358.21
512, 4096, 3072, 359.21
512, 4096, 3072, 358.39
512, 4096, 3072, 359.21
512, 4096, 3072, 358.53
