bli_shgemm performance
MC = 512, KC = 3328, NC = 4096
m, n, k, GFLOPS
512, 4096, 3328, 345.64
512, 4096, 3328, 346.39
512, 4096, 3328, 345.91
512, 4096, 3328, 345.69
512, 4096, 3328, 345.42
512, 4096, 3328, 345.49
512, 4096, 3328, 345.09
512, 4096, 3328, 345.24
512, 4096, 3328, 346.35
512, 4096, 3328, 346.20
512, 4096, 3328, 345.60
512, 4096, 3328, 345.52
512, 4096, 3328, 345.88
512, 4096, 3328, 345.96
512, 4096, 3328, 345.21
512, 4096, 3328, 345.97
512, 4096, 3328, 345.53
512, 4096, 3328, 346.53
512, 4096, 3328, 345.80
512, 4096, 3328, 345.74
512, 4096, 3328, 345.75
512, 4096, 3328, 345.51
512, 4096, 3328, 345.52
512, 4096, 3328, 345.57
512, 4096, 3328, 345.51
512, 4096, 3328, 345.88
512, 4096, 3328, 345.66
512, 4096, 3328, 345.80
512, 4096, 3328, 346.02
512, 4096, 3328, 345.99
512, 4096, 3328, 345.62
512, 4096, 3328, 345.28
512, 4096, 3328, 345.97
512, 4096, 3328, 345.83
512, 4096, 3328, 345.69
512, 4096, 3328, 345.21
512, 4096, 3328, 345.31
512, 4096, 3328, 345.22
512, 4096, 3328, 345.49
512, 4096, 3328, 345.82
512, 4096, 3328, 345.11
512, 4096, 3328, 346.07
512, 4096, 3328, 345.35
512, 4096, 3328, 345.58
512, 4096, 3328, 345.59
512, 4096, 3328, 346.22
512, 4096, 3328, 345.66
512, 4096, 3328, 345.39
512, 4096, 3328, 345.66
512, 4096, 3328, 346.31
