bli_shgemm performance
MC = 384, KC = 2048, NC = 1024
m, n, k, GFLOPS
384, 80, 80, 188.06
384, 160, 160, 258.16
384, 240, 240, 293.13
384, 320, 320, 315.21
384, 400, 400, 329.11
384, 480, 480, 337.64
384, 560, 560, 343.39
384, 640, 640, 346.83
384, 720, 720, 352.98
384, 800, 800, 350.89
384, 880, 880, 350.71
384, 960, 960, 352.96
384, 1040, 1040, 340.63
384, 1120, 1120, 346.93
384, 1200, 1200, 348.46
384, 1280, 1280, 342.17
384, 1360, 1360, 355.36
384, 1440, 1440, 352.67
384, 1520, 1520, 358.69
384, 1600, 1600, 356.67
384, 1680, 1680, 362.38
384, 1760, 1760, 364.22
384, 1840, 1840, 365.78
384, 1920, 1920, 357.49
384, 2000, 2000, 367.86
384, 2080, 2080, 355.04
384, 2160, 2160, 302.93
384, 2240, 2240, 355.00
384, 2320, 2320, 302.73
384, 2400, 2400, 358.00
384, 2480, 2480, 299.36
384, 2560, 2560, 331.19
384, 2640, 2640, 288.71
384, 2720, 2720, 351.99
384, 2800, 2800, 281.95
384, 2880, 2880, 351.46
384, 2960, 2960, 275.06
384, 3040, 3040, 354.81
384, 3120, 3120, 266.29
384, 3200, 3200, 343.76
384, 3280, 3280, 258.07
384, 3360, 3360, 352.11
384, 3440, 3440, 250.94
384, 3520, 3520, 350.89
384, 3600, 3600, 252.73
384, 3680, 3680, 355.54
384, 3760, 3760, 252.88
384, 3840, 3840, 348.09
384, 3920, 3920, 251.89
384, 4000, 4000, 362.27
