bli_shgemm performance
MC = 256, KC = 3840, NC = 4096
m, n, k, GFLOPS
256, 4096, 3840, 319.73
256, 4096, 3840, 319.90
256, 4096, 3840, 319.53
256, 4096, 3840, 319.61
256, 4096, 3840, 318.81
256, 4096, 3840, 319.70
256, 4096, 3840, 318.92
256, 4096, 3840, 319.28
256, 4096, 3840, 319.80
256, 4096, 3840, 319.79
256, 4096, 3840, 319.71
256, 4096, 3840, 318.72
256, 4096, 3840, 318.76
256, 4096, 3840, 319.62
256, 4096, 3840, 319.66
256, 4096, 3840, 319.20
256, 4096, 3840, 319.72
256, 4096, 3840, 319.24
256, 4096, 3840, 318.90
256, 4096, 3840, 318.91
256, 4096, 3840, 318.98
256, 4096, 3840, 319.04
256, 4096, 3840, 319.67
256, 4096, 3840, 319.26
256, 4096, 3840, 319.26
256, 4096, 3840, 318.72
256, 4096, 3840, 318.79
256, 4096, 3840, 319.77
256, 4096, 3840, 319.47
256, 4096, 3840, 318.66
256, 4096, 3840, 320.09
256, 4096, 3840, 319.47
256, 4096, 3840, 318.53
256, 4096, 3840, 319.56
256, 4096, 3840, 318.99
256, 4096, 3840, 319.92
256, 4096, 3840, 319.69
256, 4096, 3840, 318.92
256, 4096, 3840, 318.77
256, 4096, 3840, 319.91
256, 4096, 3840, 319.00
256, 4096, 3840, 318.91
256, 4096, 3840, 318.91
256, 4096, 3840, 318.98
256, 4096, 3840, 319.17
256, 4096, 3840, 318.52
256, 4096, 3840, 320.33
256, 4096, 3840, 318.77
256, 4096, 3840, 318.80
256, 4096, 3840, 318.59
