bli_shgemm performance
MC = 512, KC = 256, NC = 2048
m, n, k, GFLOPS
512, 2048, 80, 194.29
512, 2048, 160, 248.96
512, 2048, 240, 275.53
512, 2048, 320, 244.09
512, 2048, 400, 261.06
512, 2048, 480, 277.15
512, 2048, 560, 259.10
512, 2048, 640, 267.84
512, 2048, 720, 273.30
512, 2048, 800, 265.07
512, 2048, 880, 270.61
512, 2048, 960, 277.35
512, 2048, 1040, 265.14
512, 2048, 1120, 272.79
512, 2048, 1200, 267.33
512, 2048, 1280, 273.59
512, 2048, 1360, 270.34
512, 2048, 1440, 285.34
512, 2048, 1520, 286.86
512, 2048, 1600, 282.98
512, 2048, 1680, 282.67
512, 2048, 1760, 288.89
512, 2048, 1840, 281.66
512, 2048, 1920, 286.23
512, 2048, 2000, 285.48
512, 2048, 2080, 282.46
512, 2048, 2160, 284.19
512, 2048, 2240, 289.05
512, 2048, 2320, 281.24
512, 2048, 2400, 286.30
512, 2048, 2480, 286.42
512, 2048, 2560, 290.64
512, 2048, 2640, 283.66
512, 2048, 2720, 288.11
512, 2048, 2800, 288.18
512, 2048, 2880, 286.35
512, 2048, 2960, 285.01
512, 2048, 3040, 289.72
512, 2048, 3120, 284.37
512, 2048, 3200, 288.10
512, 2048, 3280, 286.59
512, 2048, 3360, 285.77
512, 2048, 3440, 286.02
512, 2048, 3520, 289.54
512, 2048, 3600, 283.46
512, 2048, 3680, 287.16
512, 2048, 3760, 286.47
512, 2048, 3840, 290.42
512, 2048, 3920, 284.40
512, 2048, 4000, 288.02
