bli_shgemm performance
MC = 384, KC = 768, NC = 2048
m, n, k, GFLOPS
384, 2048, 768, 321.14
384, 2048, 768, 320.85
384, 2048, 768, 321.72
384, 2048, 768, 322.47
384, 2048, 768, 322.67
384, 2048, 768, 322.21
384, 2048, 768, 321.37
384, 2048, 768, 321.38
384, 2048, 768, 321.65
384, 2048, 768, 321.17
384, 2048, 768, 321.17
384, 2048, 768, 321.62
384, 2048, 768, 322.04
384, 2048, 768, 321.53
384, 2048, 768, 322.21
384, 2048, 768, 321.81
384, 2048, 768, 322.65
384, 2048, 768, 321.31
384, 2048, 768, 321.64
384, 2048, 768, 322.86
384, 2048, 768, 322.33
384, 2048, 768, 322.63
384, 2048, 768, 322.05
384, 2048, 768, 322.58
384, 2048, 768, 322.22
384, 2048, 768, 322.49
384, 2048, 768, 321.76
384, 2048, 768, 322.89
384, 2048, 768, 322.09
384, 2048, 768, 322.82
384, 2048, 768, 322.17
384, 2048, 768, 323.08
384, 2048, 768, 322.11
384, 2048, 768, 322.95
384, 2048, 768, 323.54
384, 2048, 768, 322.36
384, 2048, 768, 322.28
384, 2048, 768, 322.73
384, 2048, 768, 322.86
384, 2048, 768, 321.53
384, 2048, 768, 322.15
384, 2048, 768, 321.79
384, 2048, 768, 321.92
384, 2048, 768, 322.38
384, 2048, 768, 322.16
384, 2048, 768, 322.03
384, 2048, 768, 321.80
384, 2048, 768, 322.72
384, 2048, 768, 322.76
384, 2048, 768, 322.52
