bli_shgemm performance
MC = 512, KC = 256, NC = 1024
m, n, k, GFLOPS
512, 1024, 80, 204.65
512, 1024, 160, 268.24
512, 1024, 240, 294.86
512, 1024, 320, 269.80
512, 1024, 400, 283.63
512, 1024, 480, 300.38
512, 1024, 560, 281.18
512, 1024, 640, 285.77
512, 1024, 720, 287.60
512, 1024, 800, 283.75
512, 1024, 880, 280.20
512, 1024, 960, 293.10
512, 1024, 1040, 276.10
512, 1024, 1120, 286.00
512, 1024, 1200, 283.63
512, 1024, 1280, 295.59
512, 1024, 1360, 280.62
512, 1024, 1440, 298.59
512, 1024, 1520, 299.28
512, 1024, 1600, 295.98
512, 1024, 1680, 294.23
512, 1024, 1760, 301.42
512, 1024, 1840, 290.28
512, 1024, 1920, 298.05
512, 1024, 2000, 293.63
512, 1024, 2080, 294.22
512, 1024, 2160, 291.60
512, 1024, 2240, 300.56
512, 1024, 2320, 288.78
512, 1024, 2400, 297.79
512, 1024, 2480, 292.03
512, 1024, 2560, 301.28
512, 1024, 2640, 289.86
512, 1024, 2720, 299.04
512, 1024, 2800, 292.74
512, 1024, 2880, 299.28
512, 1024, 2960, 290.80
512, 1024, 3040, 301.06
512, 1024, 3120, 289.06
512, 1024, 3200, 300.32
512, 1024, 3280, 291.70
512, 1024, 3360, 297.45
512, 1024, 3440, 290.61
512, 1024, 3520, 301.92
512, 1024, 3600, 289.17
512, 1024, 3680, 299.41
512, 1024, 3760, 291.19
512, 1024, 3840, 302.79
512, 1024, 3920, 289.43
512, 1024, 4000, 300.55
