bli_shgemm performance
MC = 384, KC = 512, NC = 3072
m, n, k, GFLOPS
384, 3072, 80, 179.74
384, 3072, 160, 236.05
384, 3072, 240, 267.34
384, 3072, 320, 286.20
384, 3072, 400, 297.62
384, 3072, 480, 306.86
384, 3072, 560, 274.00
384, 3072, 640, 287.20
384, 3072, 720, 291.89
384, 3072, 800, 299.27
384, 3072, 880, 302.19
384, 3072, 960, 308.37
384, 3072, 1040, 291.27
384, 3072, 1120, 301.85
384, 3072, 1200, 303.56
384, 3072, 1280, 309.59
384, 3072, 1360, 311.16
384, 3072, 1440, 315.46
384, 3072, 1520, 316.08
384, 3072, 1600, 306.42
384, 3072, 1680, 306.63
384, 3072, 1760, 311.08
384, 3072, 1840, 311.68
384, 3072, 1920, 315.89
384, 3072, 2000, 316.17
384, 3072, 2080, 308.23
384, 3072, 2160, 309.18
384, 3072, 2240, 313.07
384, 3072, 2320, 313.25
384, 3072, 2400, 315.64
384, 3072, 2480, 316.35
384, 3072, 2560, 318.92
384, 3072, 2640, 310.74
384, 3072, 2720, 312.88
384, 3072, 2800, 313.70
384, 3072, 2880, 315.98
384, 3072, 2960, 316.43
384, 3072, 3040, 318.17
384, 3072, 3120, 311.36
384, 3072, 3200, 313.32
384, 3072, 3280, 314.07
384, 3072, 3360, 316.00
384, 3072, 3440, 316.27
384, 3072, 3520, 318.07
384, 3072, 3600, 313.42
384, 3072, 3680, 314.56
384, 3072, 3760, 314.38
384, 3072, 3840, 316.70
384, 3072, 3920, 317.10
384, 3072, 4000, 318.36
