bli_shgemm performance
MC = 640, KC = 2560, NC = 2048
m, n, k, GFLOPS
640, 2048, 2560, 356.72
640, 2048, 2560, 356.54
640, 2048, 2560, 356.57
640, 2048, 2560, 356.37
640, 2048, 2560, 356.13
640, 2048, 2560, 355.90
640, 2048, 2560, 356.50
640, 2048, 2560, 356.63
640, 2048, 2560, 356.17
640, 2048, 2560, 356.46
640, 2048, 2560, 356.05
640, 2048, 2560, 356.11
640, 2048, 2560, 356.06
640, 2048, 2560, 357.47
640, 2048, 2560, 356.78
640, 2048, 2560, 357.12
640, 2048, 2560, 356.40
640, 2048, 2560, 356.26
640, 2048, 2560, 356.18
640, 2048, 2560, 356.58
640, 2048, 2560, 355.94
640, 2048, 2560, 356.22
640, 2048, 2560, 356.48
640, 2048, 2560, 356.29
640, 2048, 2560, 356.33
640, 2048, 2560, 356.53
640, 2048, 2560, 356.15
640, 2048, 2560, 356.30
640, 2048, 2560, 356.66
640, 2048, 2560, 356.42
640, 2048, 2560, 356.95
640, 2048, 2560, 356.15
640, 2048, 2560, 356.40
640, 2048, 2560, 356.72
640, 2048, 2560, 357.15
640, 2048, 2560, 356.65
640, 2048, 2560, 357.18
640, 2048, 2560, 356.22
640, 2048, 2560, 356.56
640, 2048, 2560, 355.95
640, 2048, 2560, 356.51
640, 2048, 2560, 356.62
640, 2048, 2560, 356.45
640, 2048, 2560, 356.25
640, 2048, 2560, 356.12
640, 2048, 2560, 356.42
640, 2048, 2560, 356.37
640, 2048, 2560, 356.28
640, 2048, 2560, 356.47
640, 2048, 2560, 356.62
