bli_shgemm performance
MC = 256, KC = 768, NC = 3072
m, n, k, GFLOPS
256, 3072, 768, 309.42
256, 3072, 768, 309.65
256, 3072, 768, 309.85
256, 3072, 768, 310.21
256, 3072, 768, 310.16
256, 3072, 768, 309.91
256, 3072, 768, 309.97
256, 3072, 768, 309.90
256, 3072, 768, 309.96
256, 3072, 768, 310.15
256, 3072, 768, 310.02
256, 3072, 768, 309.09
256, 3072, 768, 310.34
256, 3072, 768, 309.99
256, 3072, 768, 309.58
256, 3072, 768, 310.17
256, 3072, 768, 309.07
256, 3072, 768, 309.34
256, 3072, 768, 310.18
256, 3072, 768, 309.66
256, 3072, 768, 310.31
256, 3072, 768, 310.96
256, 3072, 768, 310.40
256, 3072, 768, 310.13
256, 3072, 768, 309.81
256, 3072, 768, 310.26
256, 3072, 768, 309.68
256, 3072, 768, 310.08
256, 3072, 768, 309.66
256, 3072, 768, 310.01
256, 3072, 768, 310.53
256, 3072, 768, 310.10
256, 3072, 768, 310.85
256, 3072, 768, 310.45
256, 3072, 768, 309.27
256, 3072, 768, 309.75
256, 3072, 768, 309.91
256, 3072, 768, 310.24
256, 3072, 768, 310.18
256, 3072, 768, 309.62
256, 3072, 768, 310.67
256, 3072, 768, 309.63
256, 3072, 768, 309.55
256, 3072, 768, 309.69
256, 3072, 768, 309.86
256, 3072, 768, 310.42
256, 3072, 768, 310.78
256, 3072, 768, 309.45
256, 3072, 768, 309.67
256, 3072, 768, 309.69
