bli_shgemm performance
MC = 256, KC = 256, NC = 5120
m, n, k, GFLOPS
256, 5120, 256, 254.07
256, 5120, 256, 254.30
256, 5120, 256, 254.38
256, 5120, 256, 254.52
256, 5120, 256, 254.26
256, 5120, 256, 254.58
256, 5120, 256, 254.25
256, 5120, 256, 254.45
256, 5120, 256, 254.72
256, 5120, 256, 253.98
256, 5120, 256, 254.74
256, 5120, 256, 253.94
256, 5120, 256, 254.49
256, 5120, 256, 254.06
256, 5120, 256, 254.06
256, 5120, 256, 254.29
256, 5120, 256, 254.10
256, 5120, 256, 253.91
256, 5120, 256, 254.52
256, 5120, 256, 254.01
256, 5120, 256, 253.74
256, 5120, 256, 254.30
256, 5120, 256, 254.47
256, 5120, 256, 253.91
256, 5120, 256, 254.70
256, 5120, 256, 254.47
256, 5120, 256, 254.58
256, 5120, 256, 254.54
256, 5120, 256, 254.27
256, 5120, 256, 254.28
256, 5120, 256, 254.26
256, 5120, 256, 254.26
256, 5120, 256, 254.46
256, 5120, 256, 254.40
256, 5120, 256, 254.09
256, 5120, 256, 254.38
256, 5120, 256, 254.31
256, 5120, 256, 254.24
256, 5120, 256, 253.73
256, 5120, 256, 254.28
256, 5120, 256, 254.22
256, 5120, 256, 254.05
256, 5120, 256, 254.39
256, 5120, 256, 254.23
256, 5120, 256, 254.33
256, 5120, 256, 254.58
256, 5120, 256, 254.38
256, 5120, 256, 254.08
256, 5120, 256, 254.25
256, 5120, 256, 254.28
