bli_shgemm performance
MC = 640, KC = 1536, NC = 3072
m, n, k, GFLOPS
640, 3072, 80, 176.13
640, 3072, 160, 261.47
640, 3072, 240, 282.26
640, 3072, 320, 304.02
640, 3072, 400, 319.02
640, 3072, 480, 329.82
640, 3072, 560, 337.18
640, 3072, 640, 341.28
640, 3072, 720, 343.18
640, 3072, 800, 353.22
640, 3072, 880, 354.93
640, 3072, 960, 355.78
640, 3072, 1040, 358.22
640, 3072, 1120, 359.28
640, 3072, 1200, 359.69
640, 3072, 1280, 362.01
640, 3072, 1360, 363.67
640, 3072, 1440, 362.69
640, 3072, 1520, 365.39
640, 3072, 1600, 343.37
640, 3072, 1680, 344.27
640, 3072, 1760, 347.03
640, 3072, 1840, 348.33
640, 3072, 1920, 363.31
640, 3072, 2000, 364.12
640, 3072, 2080, 365.33
640, 3072, 2160, 364.59
640, 3072, 2240, 365.33
640, 3072, 2320, 369.08
640, 3072, 2400, 369.60
640, 3072, 2480, 370.87
640, 3072, 2560, 372.34
640, 3072, 2640, 372.11
640, 3072, 2720, 374.14
640, 3072, 2800, 373.03
640, 3072, 2880, 374.72
640, 3072, 2960, 374.65
640, 3072, 3040, 374.67
640, 3072, 3120, 365.12
640, 3072, 3200, 366.88
640, 3072, 3280, 365.64
640, 3072, 3360, 367.24
640, 3072, 3440, 366.99
640, 3072, 3520, 368.23
640, 3072, 3600, 367.47
640, 3072, 3680, 368.57
640, 3072, 3760, 367.23
640, 3072, 3840, 369.86
640, 3072, 3920, 370.19
640, 3072, 4000, 371.51
