bli_shgemm performance
MC = 256, KC = 3328, NC = 2048
m, n, k, GFLOPS
256, 2048, 80, 196.13
256, 2048, 160, 254.37
256, 2048, 240, 278.01
256, 2048, 320, 289.30
256, 2048, 400, 293.08
256, 2048, 480, 285.62
256, 2048, 560, 287.29
256, 2048, 640, 291.12
256, 2048, 720, 293.39
256, 2048, 800, 300.45
256, 2048, 880, 300.57
256, 2048, 960, 303.47
256, 2048, 1040, 303.58
256, 2048, 1120, 304.70
256, 2048, 1200, 306.42
256, 2048, 1280, 308.51
256, 2048, 1360, 309.04
256, 2048, 1440, 310.18
256, 2048, 1520, 311.60
256, 2048, 1600, 313.80
256, 2048, 1680, 314.00
256, 2048, 1760, 314.48
256, 2048, 1840, 314.86
256, 2048, 1920, 313.82
256, 2048, 2000, 313.21
256, 2048, 2080, 313.28
256, 2048, 2160, 313.71
256, 2048, 2240, 314.34
256, 2048, 2320, 313.49
256, 2048, 2400, 323.42
256, 2048, 2480, 323.40
256, 2048, 2560, 323.49
256, 2048, 2640, 323.23
256, 2048, 2720, 323.36
256, 2048, 2800, 323.35
256, 2048, 2880, 323.00
256, 2048, 2960, 322.55
256, 2048, 3040, 322.18
256, 2048, 3120, 322.00
256, 2048, 3200, 322.43
256, 2048, 3280, 321.29
256, 2048, 3360, 305.01
256, 2048, 3440, 306.40
256, 2048, 3520, 307.18
256, 2048, 3600, 307.00
256, 2048, 3680, 308.68
256, 2048, 3760, 323.09
256, 2048, 3840, 323.78
256, 2048, 3920, 324.21
256, 2048, 4000, 324.20
