bli_shgemm performance
MC = 384, KC = 3072, NC = 1024
m, n, k, GFLOPS
384, 80, 80, 185.91
384, 160, 160, 258.11
384, 240, 240, 293.86
384, 320, 320, 311.43
384, 400, 400, 324.65
384, 480, 480, 334.91
384, 560, 560, 340.39
384, 640, 640, 343.79
384, 720, 720, 350.91
384, 800, 800, 348.94
384, 880, 880, 347.76
384, 960, 960, 351.31
384, 1040, 1040, 337.68
384, 1120, 1120, 341.47
384, 1200, 1200, 353.00
384, 1280, 1280, 340.14
384, 1360, 1360, 355.79
384, 1440, 1440, 354.58
384, 1520, 1520, 359.07
384, 1600, 1600, 358.50
384, 1680, 1680, 360.87
384, 1760, 1760, 362.13
384, 1840, 1840, 362.38
384, 1920, 1920, 357.62
384, 2000, 2000, 366.44
384, 2080, 2080, 360.54
384, 2160, 2160, 293.74
384, 2240, 2240, 360.58
384, 2320, 2320, 294.51
384, 2400, 2400, 363.83
384, 2480, 2480, 296.98
384, 2560, 2560, 345.38
384, 2640, 2640, 289.99
384, 2720, 2720, 367.69
384, 2800, 2800, 281.91
384, 2880, 2880, 365.21
384, 2960, 2960, 282.56
384, 3040, 3040, 369.46
384, 3120, 3120, 278.64
384, 3200, 3200, 346.38
384, 3280, 3280, 278.03
384, 3360, 3360, 353.52
384, 3440, 3440, 280.73
384, 3520, 3520, 353.98
384, 3600, 3600, 280.49
384, 3680, 3680, 355.38
384, 3760, 3760, 282.17
384, 3840, 3840, 348.23
384, 3920, 3920, 285.36
384, 4000, 4000, 358.55
