bli_shgemm performance
MC = 512, KC = 2560, NC = 5120
m, n, k, GFLOPS
512, 5120, 80, 174.79
512, 5120, 160, 246.01
512, 5120, 240, 281.96
512, 5120, 320, 304.26
512, 5120, 400, 316.98
512, 5120, 480, 326.46
512, 5120, 560, 332.43
512, 5120, 640, 336.80
512, 5120, 720, 338.24
512, 5120, 800, 344.90
512, 5120, 880, 344.62
512, 5120, 960, 345.67
512, 5120, 1040, 346.62
512, 5120, 1120, 347.89
512, 5120, 1200, 351.18
512, 5120, 1280, 345.08
512, 5120, 1360, 367.46
512, 5120, 1440, 366.23
512, 5120, 1520, 364.46
512, 5120, 1600, 363.21
512, 5120, 1680, 362.76
512, 5120, 1760, 363.50
512, 5120, 1840, 360.77
512, 5120, 1920, 360.91
512, 5120, 2000, 362.82
512, 5120, 2080, 370.47
512, 5120, 2160, 371.31
512, 5120, 2240, 369.53
512, 5120, 2320, 368.84
512, 5120, 2400, 371.96
512, 5120, 2480, 373.86
512, 5120, 2560, 373.40
512, 5120, 2640, 337.24
512, 5120, 2720, 338.15
512, 5120, 2800, 339.41
512, 5120, 2880, 365.34
512, 5120, 2960, 365.79
512, 5120, 3040, 366.03
512, 5120, 3120, 367.45
512, 5120, 3200, 366.88
512, 5120, 3280, 367.98
512, 5120, 3360, 369.89
512, 5120, 3440, 367.01
512, 5120, 3520, 370.46
512, 5120, 3600, 370.02
512, 5120, 3680, 368.88
512, 5120, 3760, 370.39
512, 5120, 3840, 369.91
512, 5120, 3920, 370.63
512, 5120, 4000, 371.39
