bli_shgemm performance
MC = 256, KC = 768, NC = 1024
m, n, k, GFLOPS
256, 80, 80, 181.32
256, 160, 160, 247.92
256, 240, 240, 279.72
256, 320, 320, 300.35
256, 400, 400, 313.86
256, 480, 480, 321.03
256, 560, 560, 326.71
256, 640, 640, 331.00
256, 720, 720, 338.53
256, 800, 800, 325.71
256, 880, 880, 325.75
256, 960, 960, 328.19
256, 1040, 1040, 313.50
256, 1120, 1120, 320.92
256, 1200, 1200, 323.16
256, 1280, 1280, 322.70
256, 1360, 1360, 324.61
256, 1440, 1440, 330.23
256, 1520, 1520, 331.17
256, 1600, 1600, 326.72
256, 1680, 1680, 325.48
256, 1760, 1760, 327.13
256, 1840, 1840, 324.70
256, 1920, 1920, 323.90
256, 2000, 2000, 323.97
256, 2080, 2080, 323.74
256, 2160, 2160, 312.88
256, 2240, 2240, 325.86
256, 2320, 2320, 309.84
256, 2400, 2400, 321.24
256, 2480, 2480, 312.25
256, 2560, 2560, 303.37
256, 2640, 2640, 312.92
256, 2720, 2720, 325.90
256, 2800, 2800, 313.99
256, 2880, 2880, 328.09
256, 2960, 2960, 312.58
256, 3040, 3040, 326.76
256, 3120, 3120, 304.68
256, 3200, 3200, 316.94
256, 3280, 3280, 304.98
256, 3360, 3360, 321.94
256, 3440, 3440, 311.73
256, 3520, 3520, 327.44
256, 3600, 3600, 310.27
256, 3680, 3680, 326.95
256, 3760, 3760, 316.36
256, 3840, 3840, 322.56
256, 3920, 3920, 315.92
256, 4000, 4000, 328.84
