bli_shgemm performance
MC = 384, KC = 3328, NC = 3072
m, n, k, GFLOPS
384, 80, 80, 189.76
384, 160, 160, 258.05
384, 240, 240, 293.69
384, 320, 320, 313.24
384, 400, 400, 329.11
384, 480, 480, 337.77
384, 560, 560, 342.62
384, 640, 640, 346.93
384, 720, 720, 345.98
384, 800, 800, 334.81
384, 880, 880, 311.31
384, 960, 960, 319.64
384, 1040, 1040, 306.39
384, 1120, 1120, 323.05
384, 1200, 1200, 334.29
384, 1280, 1280, 323.51
384, 1360, 1360, 310.95
384, 1440, 1440, 337.52
384, 1520, 1520, 312.88
384, 1600, 1600, 346.96
384, 1680, 1680, 315.73
384, 1760, 1760, 341.75
384, 1840, 1840, 322.70
384, 1920, 1920, 342.68
384, 2000, 2000, 355.74
384, 2080, 2080, 356.41
384, 2160, 2160, 312.73
384, 2240, 2240, 371.25
384, 2320, 2320, 310.36
384, 2400, 2400, 374.96
384, 2480, 2480, 307.80
384, 2560, 2560, 351.83
384, 2640, 2640, 295.09
384, 2720, 2720, 371.51
384, 2800, 2800, 292.85
384, 2880, 2880, 370.36
384, 2960, 2960, 286.17
384, 3040, 3040, 371.38
384, 3120, 3120, 277.67
384, 3200, 3200, 357.01
384, 3280, 3280, 271.68
384, 3360, 3360, 361.46
384, 3440, 3440, 330.45
384, 3520, 3520, 362.77
384, 3600, 3600, 333.31
384, 3680, 3680, 355.80
384, 3760, 3760, 337.38
384, 3840, 3840, 359.01
384, 3920, 3920, 350.33
384, 4000, 4000, 363.66
