bli_shgemm performance
MC = 512, KC = 768, NC = 4096
m, n, k, GFLOPS
512, 4096, 768, 335.91
512, 4096, 768, 335.75
512, 4096, 768, 335.81
512, 4096, 768, 334.81
512, 4096, 768, 335.43
512, 4096, 768, 334.93
512, 4096, 768, 334.48
512, 4096, 768, 335.18
512, 4096, 768, 335.27
512, 4096, 768, 334.91
512, 4096, 768, 334.68
512, 4096, 768, 334.42
512, 4096, 768, 335.33
512, 4096, 768, 334.48
512, 4096, 768, 335.44
512, 4096, 768, 335.23
512, 4096, 768, 334.98
512, 4096, 768, 334.07
512, 4096, 768, 335.44
512, 4096, 768, 334.84
512, 4096, 768, 335.45
512, 4096, 768, 334.85
512, 4096, 768, 334.67
512, 4096, 768, 335.43
512, 4096, 768, 334.71
512, 4096, 768, 334.72
512, 4096, 768, 334.96
512, 4096, 768, 334.54
512, 4096, 768, 336.51
512, 4096, 768, 336.42
512, 4096, 768, 335.79
512, 4096, 768, 334.81
512, 4096, 768, 334.70
512, 4096, 768, 335.51
512, 4096, 768, 335.39
512, 4096, 768, 334.27
512, 4096, 768, 334.98
512, 4096, 768, 334.59
512, 4096, 768, 335.52
512, 4096, 768, 335.75
512, 4096, 768, 335.03
512, 4096, 768, 334.82
512, 4096, 768, 335.03
512, 4096, 768, 335.01
512, 4096, 768, 334.97
512, 4096, 768, 334.73
512, 4096, 768, 335.05
512, 4096, 768, 334.32
512, 4096, 768, 334.37
512, 4096, 768, 335.00
