bli_shgemm performance
MC = 640, KC = 1024, NC = 4096
m, n, k, GFLOPS
640, 80, 80, 195.72
640, 160, 160, 265.90
640, 240, 240, 306.08
640, 320, 320, 324.63
640, 400, 400, 341.63
640, 480, 480, 350.36
640, 560, 560, 359.22
640, 640, 640, 354.90
640, 720, 720, 354.05
640, 800, 800, 366.07
640, 880, 880, 357.06
640, 960, 960, 367.44
640, 1040, 1040, 356.74
640, 1120, 1120, 358.62
640, 1200, 1200, 358.45
640, 1280, 1280, 353.07
640, 1360, 1360, 363.14
640, 1440, 1440, 369.79
640, 1520, 1520, 362.82
640, 1600, 1600, 368.67
640, 1680, 1680, 365.78
640, 1760, 1760, 372.00
640, 1840, 1840, 370.19
640, 1920, 1920, 369.02
640, 2000, 2000, 374.88
640, 2080, 2080, 366.66
640, 2160, 2160, 313.66
640, 2240, 2240, 370.27
640, 2320, 2320, 352.55
640, 2400, 2400, 371.56
640, 2480, 2480, 314.42
640, 2560, 2560, 358.84
640, 2640, 2640, 307.92
640, 2720, 2720, 374.33
640, 2800, 2800, 302.95
640, 2880, 2880, 373.73
640, 2960, 2960, 301.18
640, 3040, 3040, 378.28
640, 3120, 3120, 290.01
640, 3200, 3200, 364.90
640, 3280, 3280, 285.23
640, 3360, 3360, 368.71
640, 3440, 3440, 281.66
640, 3520, 3520, 365.74
640, 3600, 3600, 278.25
640, 3680, 3680, 366.20
640, 3760, 3760, 274.34
640, 3840, 3840, 366.51
640, 3920, 3920, 281.47
640, 4000, 4000, 383.83
