bli_shgemm performance
MC = 512, KC = 2048, NC = 3072
m, n, k, GFLOPS
512, 3072, 80, 174.01
512, 3072, 160, 258.07
512, 3072, 240, 278.67
512, 3072, 320, 299.28
512, 3072, 400, 313.48
512, 3072, 480, 322.57
512, 3072, 560, 330.12
512, 3072, 640, 336.24
512, 3072, 720, 332.34
512, 3072, 800, 340.17
512, 3072, 880, 340.98
512, 3072, 960, 349.06
512, 3072, 1040, 347.81
512, 3072, 1120, 349.19
512, 3072, 1200, 338.19
512, 3072, 1280, 350.77
512, 3072, 1360, 358.47
512, 3072, 1440, 360.58
512, 3072, 1520, 358.94
512, 3072, 1600, 358.12
512, 3072, 1680, 358.16
512, 3072, 1760, 358.56
512, 3072, 1840, 369.69
512, 3072, 1920, 370.77
512, 3072, 2000, 370.76
512, 3072, 2080, 344.54
512, 3072, 2160, 345.22
512, 3072, 2240, 347.91
512, 3072, 2320, 347.53
512, 3072, 2400, 360.65
512, 3072, 2480, 361.59
512, 3072, 2560, 362.49
512, 3072, 2640, 363.13
512, 3072, 2720, 362.17
512, 3072, 2800, 362.08
512, 3072, 2880, 366.75
512, 3072, 2960, 368.22
512, 3072, 3040, 368.71
512, 3072, 3120, 366.98
512, 3072, 3200, 368.24
512, 3072, 3280, 368.37
512, 3072, 3360, 370.35
512, 3072, 3440, 370.60
512, 3072, 3520, 370.86
512, 3072, 3600, 370.06
512, 3072, 3680, 370.24
512, 3072, 3760, 369.70
512, 3072, 3840, 369.89
512, 3072, 3920, 371.85
512, 3072, 4000, 373.56
