bli_shgemm performance
MC = 384, KC = 2304, NC = 5120
m, n, k, GFLOPS
384, 80, 80, 190.47
384, 160, 160, 258.31
384, 240, 240, 294.67
384, 320, 320, 317.19
384, 400, 400, 332.09
384, 480, 480, 337.35
384, 560, 560, 344.31
384, 640, 640, 346.59
384, 720, 720, 349.21
384, 800, 800, 353.37
384, 880, 880, 351.76
384, 960, 960, 350.43
384, 1040, 1040, 354.42
384, 1120, 1120, 359.86
384, 1200, 1200, 360.92
384, 1280, 1280, 348.07
384, 1360, 1360, 364.91
384, 1440, 1440, 367.90
384, 1520, 1520, 367.51
384, 1600, 1600, 369.18
384, 1680, 1680, 369.53
384, 1760, 1760, 371.94
384, 1840, 1840, 370.64
384, 1920, 1920, 363.77
384, 2000, 2000, 369.70
384, 2080, 2080, 373.53
384, 2160, 2160, 360.82
384, 2240, 2240, 371.78
384, 2320, 2320, 346.35
384, 2400, 2400, 358.89
384, 2480, 2480, 348.01
384, 2560, 2560, 340.87
384, 2640, 2640, 345.50
384, 2720, 2720, 364.10
384, 2800, 2800, 291.03
384, 2880, 2880, 362.47
384, 2960, 2960, 281.15
384, 3040, 3040, 366.63
384, 3120, 3120, 277.77
384, 3200, 3200, 357.93
384, 3280, 3280, 271.21
384, 3360, 3360, 366.87
384, 3440, 3440, 265.25
384, 3520, 3520, 363.20
384, 3600, 3600, 257.73
384, 3680, 3680, 368.14
384, 3760, 3760, 256.55
384, 3840, 3840, 354.61
384, 3920, 3920, 249.34
384, 4000, 4000, 368.05
