bli_shgemm performance
MC = 640, KC = 1024, NC = 5120
m, n, k, GFLOPS
640, 80, 80, 196.92
640, 160, 160, 266.67
640, 240, 240, 304.20
640, 320, 320, 325.75
640, 400, 400, 341.79
640, 480, 480, 350.42
640, 560, 560, 339.81
640, 640, 640, 326.01
640, 720, 720, 319.56
640, 800, 800, 329.69
640, 880, 880, 336.86
640, 960, 960, 355.29
640, 1040, 1040, 321.48
640, 1120, 1120, 331.65
640, 1200, 1200, 320.12
640, 1280, 1280, 330.49
640, 1360, 1360, 334.32
640, 1440, 1440, 350.03
640, 1520, 1520, 327.56
640, 1600, 1600, 351.30
640, 1680, 1680, 333.30
640, 1760, 1760, 351.28
640, 1840, 1840, 338.58
640, 1920, 1920, 353.01
640, 2000, 2000, 349.06
640, 2080, 2080, 346.21
640, 2160, 2160, 350.40
640, 2240, 2240, 370.54
640, 2320, 2320, 314.73
640, 2400, 2400, 373.23
640, 2480, 2480, 351.65
640, 2560, 2560, 359.10
640, 2640, 2640, 350.31
640, 2720, 2720, 371.38
640, 2800, 2800, 352.21
640, 2880, 2880, 375.15
640, 2960, 2960, 350.46
640, 3040, 3040, 374.63
640, 3120, 3120, 339.66
640, 3200, 3200, 364.82
640, 3280, 3280, 341.11
640, 3360, 3360, 368.82
640, 3440, 3440, 338.70
640, 3520, 3520, 372.29
640, 3600, 3600, 339.85
640, 3680, 3680, 369.79
640, 3760, 3760, 340.33
640, 3840, 3840, 365.39
640, 3920, 3920, 340.30
640, 4000, 4000, 371.07
