bli_shgemm performance
MC = 384, KC = 512, NC = 4096
m, n, k, GFLOPS
384, 4096, 80, 174.97
384, 4096, 160, 229.63
384, 4096, 240, 263.16
384, 4096, 320, 283.61
384, 4096, 400, 295.62
384, 4096, 480, 304.28
384, 4096, 560, 271.94
384, 4096, 640, 280.78
384, 4096, 720, 286.05
384, 4096, 800, 293.01
384, 4096, 880, 296.93
384, 4096, 960, 302.27
384, 4096, 1040, 292.66
384, 4096, 1120, 297.81
384, 4096, 1200, 300.77
384, 4096, 1280, 305.58
384, 4096, 1360, 308.55
384, 4096, 1440, 312.35
384, 4096, 1520, 313.62
384, 4096, 1600, 302.69
384, 4096, 1680, 304.43
384, 4096, 1760, 307.38
384, 4096, 1840, 309.29
384, 4096, 1920, 313.51
384, 4096, 2000, 314.81
384, 4096, 2080, 305.56
384, 4096, 2160, 307.04
384, 4096, 2240, 309.53
384, 4096, 2320, 310.53
384, 4096, 2400, 312.67
384, 4096, 2480, 314.57
384, 4096, 2560, 316.65
384, 4096, 2640, 307.71
384, 4096, 2720, 310.22
384, 4096, 2800, 310.61
384, 4096, 2880, 312.91
384, 4096, 2960, 313.52
384, 4096, 3040, 315.45
384, 4096, 3120, 308.58
384, 4096, 3200, 311.00
384, 4096, 3280, 310.57
384, 4096, 3360, 313.14
384, 4096, 3440, 314.05
384, 4096, 3520, 315.37
384, 4096, 3600, 310.04
384, 4096, 3680, 310.97
384, 4096, 3760, 311.50
384, 4096, 3840, 312.99
384, 4096, 3920, 313.47
384, 4096, 4000, 315.77
