bli_shgemm performance
MC = 256, KC = 3072, NC = 2048
m, n, k, GFLOPS
256, 2048, 80, 196.52
256, 2048, 160, 255.50
256, 2048, 240, 279.29
256, 2048, 320, 294.52
256, 2048, 400, 280.91
256, 2048, 480, 284.72
256, 2048, 560, 288.83
256, 2048, 640, 292.22
256, 2048, 720, 295.56
256, 2048, 800, 297.21
256, 2048, 880, 298.91
256, 2048, 960, 302.56
256, 2048, 1040, 303.60
256, 2048, 1120, 305.50
256, 2048, 1200, 306.08
256, 2048, 1280, 308.01
256, 2048, 1360, 309.08
256, 2048, 1440, 311.10
256, 2048, 1520, 311.48
256, 2048, 1600, 313.24
256, 2048, 1680, 312.51
256, 2048, 1760, 312.94
256, 2048, 1840, 313.09
256, 2048, 1920, 313.35
256, 2048, 2000, 313.47
256, 2048, 2080, 313.52
256, 2048, 2160, 314.10
256, 2048, 2240, 323.05
256, 2048, 2320, 322.76
256, 2048, 2400, 322.55
256, 2048, 2480, 322.42
256, 2048, 2560, 322.18
256, 2048, 2640, 322.91
256, 2048, 2720, 321.87
256, 2048, 2800, 322.13
256, 2048, 2880, 321.46
256, 2048, 2960, 321.88
256, 2048, 3040, 321.21
256, 2048, 3120, 305.13
256, 2048, 3200, 306.21
256, 2048, 3280, 306.26
256, 2048, 3360, 308.09
256, 2048, 3440, 309.06
256, 2048, 3520, 323.57
256, 2048, 3600, 323.31
256, 2048, 3680, 324.74
256, 2048, 3760, 323.38
256, 2048, 3840, 324.46
256, 2048, 3920, 324.23
256, 2048, 4000, 324.94
