bli_shgemm performance
MC = 256, KC = 1024, NC = 2048
m, n, k, GFLOPS
256, 80, 80, 183.34
256, 160, 160, 248.49
256, 240, 240, 280.68
256, 320, 320, 297.78
256, 400, 400, 311.00
256, 480, 480, 320.05
256, 560, 560, 326.64
256, 640, 640, 330.59
256, 720, 720, 339.44
256, 800, 800, 337.72
256, 880, 880, 334.67
256, 960, 960, 339.82
256, 1040, 1040, 328.47
256, 1120, 1120, 330.24
256, 1200, 1200, 331.79
256, 1280, 1280, 311.05
256, 1360, 1360, 331.68
256, 1440, 1440, 335.28
256, 1520, 1520, 332.32
256, 1600, 1600, 332.18
256, 1680, 1680, 335.08
256, 1760, 1760, 336.76
256, 1840, 1840, 339.64
256, 1920, 1920, 325.50
256, 2000, 2000, 342.20
256, 2080, 2080, 325.43
256, 2160, 2160, 256.54
256, 2240, 2240, 324.97
256, 2320, 2320, 258.35
256, 2400, 2400, 330.33
256, 2480, 2480, 258.60
256, 2560, 2560, 305.05
256, 2640, 2640, 257.40
256, 2720, 2720, 331.83
256, 2800, 2800, 252.07
256, 2880, 2880, 328.77
256, 2960, 2960, 247.04
256, 3040, 3040, 334.15
256, 3120, 3120, 235.84
256, 3200, 3200, 316.37
256, 3280, 3280, 230.14
256, 3360, 3360, 330.26
256, 3440, 3440, 224.58
256, 3520, 3520, 325.95
256, 3600, 3600, 216.99
256, 3680, 3680, 330.75
256, 3760, 3760, 211.98
256, 3840, 3840, 311.49
256, 3920, 3920, 207.53
256, 4000, 4000, 332.83
