bli_shgemm performance
MC = 384, KC = 2304, NC = 1024
m, n, k, GFLOPS
384, 1024, 80, 196.38
384, 1024, 160, 261.91
384, 1024, 240, 292.80
384, 1024, 320, 310.84
384, 1024, 400, 323.32
384, 1024, 480, 328.02
384, 1024, 560, 334.19
384, 1024, 640, 323.81
384, 1024, 720, 318.73
384, 1024, 800, 322.40
384, 1024, 880, 325.13
384, 1024, 960, 330.52
384, 1024, 1040, 326.58
384, 1024, 1120, 328.52
384, 1024, 1200, 330.18
384, 1024, 1280, 333.21
384, 1024, 1360, 332.83
384, 1024, 1440, 333.39
384, 1024, 1520, 334.08
384, 1024, 1600, 337.34
384, 1024, 1680, 336.64
384, 1024, 1760, 338.38
384, 1024, 1840, 338.83
384, 1024, 1920, 340.03
384, 1024, 2000, 340.18
384, 1024, 2080, 341.57
384, 1024, 2160, 340.43
384, 1024, 2240, 342.14
384, 1024, 2320, 330.27
384, 1024, 2400, 342.33
384, 1024, 2480, 340.83
384, 1024, 2560, 343.75
384, 1024, 2640, 342.19
384, 1024, 2720, 344.75
384, 1024, 2800, 341.82
384, 1024, 2880, 345.41
384, 1024, 2960, 343.27
384, 1024, 3040, 345.59
384, 1024, 3120, 344.44
384, 1024, 3200, 347.76
384, 1024, 3280, 347.10
384, 1024, 3360, 348.50
384, 1024, 3440, 345.98
384, 1024, 3520, 349.82
384, 1024, 3600, 348.22
384, 1024, 3680, 350.08
384, 1024, 3760, 347.98
384, 1024, 3840, 350.27
384, 1024, 3920, 349.59
384, 1024, 4000, 351.03
