bli_shgemm performance
MC = 256, KC = 2304, NC = 2048
m, n, k, GFLOPS
256, 2048, 2304, 313.54
256, 2048, 2304, 313.72
256, 2048, 2304, 313.10
256, 2048, 2304, 313.27
256, 2048, 2304, 313.28
256, 2048, 2304, 313.15
256, 2048, 2304, 311.87
256, 2048, 2304, 312.65
256, 2048, 2304, 312.37
256, 2048, 2304, 312.35
256, 2048, 2304, 313.27
256, 2048, 2304, 312.96
256, 2048, 2304, 312.14
256, 2048, 2304, 313.15
256, 2048, 2304, 312.75
256, 2048, 2304, 312.73
256, 2048, 2304, 313.15
256, 2048, 2304, 312.66
256, 2048, 2304, 311.51
256, 2048, 2304, 312.61
256, 2048, 2304, 312.39
256, 2048, 2304, 312.48
256, 2048, 2304, 312.87
256, 2048, 2304, 312.64
256, 2048, 2304, 313.01
256, 2048, 2304, 311.30
256, 2048, 2304, 312.35
256, 2048, 2304, 312.63
256, 2048, 2304, 314.09
256, 2048, 2304, 313.63
256, 2048, 2304, 313.42
256, 2048, 2304, 312.97
256, 2048, 2304, 313.28
256, 2048, 2304, 312.65
256, 2048, 2304, 312.57
256, 2048, 2304, 313.30
256, 2048, 2304, 312.22
256, 2048, 2304, 312.55
256, 2048, 2304, 312.13
256, 2048, 2304, 312.87
256, 2048, 2304, 313.19
256, 2048, 2304, 313.01
256, 2048, 2304, 312.78
256, 2048, 2304, 312.75
256, 2048, 2304, 312.37
256, 2048, 2304, 313.69
256, 2048, 2304, 312.86
256, 2048, 2304, 312.72
256, 2048, 2304, 313.15
256, 2048, 2304, 311.70
