bli_shgemm performance
MC = 512, KC = 1280, NC = 1024
m, n, k, GFLOPS
512, 1024, 80, 201.29
512, 1024, 160, 278.04
512, 1024, 240, 300.86
512, 1024, 320, 321.19
512, 1024, 400, 334.63
512, 1024, 480, 340.30
512, 1024, 560, 346.54
512, 1024, 640, 343.38
512, 1024, 720, 334.14
512, 1024, 800, 338.68
512, 1024, 880, 338.73
512, 1024, 960, 342.78
512, 1024, 1040, 343.53
512, 1024, 1120, 346.10
512, 1024, 1200, 347.17
512, 1024, 1280, 351.84
512, 1024, 1360, 320.05
512, 1024, 1440, 330.42
512, 1024, 1520, 329.13
512, 1024, 1600, 333.47
512, 1024, 1680, 332.53
512, 1024, 1760, 335.50
512, 1024, 1840, 333.27
512, 1024, 1920, 338.89
512, 1024, 2000, 340.08
512, 1024, 2080, 343.60
512, 1024, 2160, 341.37
512, 1024, 2240, 347.07
512, 1024, 2320, 344.31
512, 1024, 2400, 346.32
512, 1024, 2480, 345.23
512, 1024, 2560, 348.24
512, 1024, 2640, 329.63
512, 1024, 2720, 336.19
512, 1024, 2800, 333.15
512, 1024, 2880, 338.47
512, 1024, 2960, 345.52
512, 1024, 3040, 347.18
512, 1024, 3120, 345.53
512, 1024, 3200, 350.03
512, 1024, 3280, 348.00
512, 1024, 3360, 350.48
512, 1024, 3440, 348.35
512, 1024, 3520, 352.97
512, 1024, 3600, 351.51
512, 1024, 3680, 352.66
512, 1024, 3760, 351.24
512, 1024, 3840, 355.37
512, 1024, 3920, 348.33
512, 1024, 4000, 349.61
