bli_shgemm performance
MC = 384, KC = 3584, NC = 3072
m, n, k, GFLOPS
384, 3072, 80, 180.10
384, 3072, 160, 252.98
384, 3072, 240, 270.59
384, 3072, 320, 292.01
384, 3072, 400, 304.81
384, 3072, 480, 308.12
384, 3072, 560, 317.96
384, 3072, 640, 319.95
384, 3072, 720, 324.32
384, 3072, 800, 332.02
384, 3072, 880, 334.05
384, 3072, 960, 334.80
384, 3072, 1040, 336.16
384, 3072, 1120, 337.10
384, 3072, 1200, 336.88
384, 3072, 1280, 339.50
384, 3072, 1360, 339.23
384, 3072, 1440, 342.44
384, 3072, 1520, 343.02
384, 3072, 1600, 341.27
384, 3072, 1680, 339.03
384, 3072, 1760, 339.63
384, 3072, 1840, 339.89
384, 3072, 1920, 340.30
384, 3072, 2000, 340.35
384, 3072, 2080, 340.80
384, 3072, 2160, 340.52
384, 3072, 2240, 341.42
384, 3072, 2320, 341.14
384, 3072, 2400, 356.44
384, 3072, 2480, 356.44
384, 3072, 2560, 355.67
384, 3072, 2640, 355.84
384, 3072, 2720, 355.23
384, 3072, 2800, 354.63
384, 3072, 2880, 355.02
384, 3072, 2960, 354.21
384, 3072, 3040, 354.18
384, 3072, 3120, 354.23
384, 3072, 3200, 354.16
384, 3072, 3280, 353.45
384, 3072, 3360, 353.43
384, 3072, 3440, 353.03
384, 3072, 3520, 353.21
384, 3072, 3600, 336.39
384, 3072, 3680, 338.44
384, 3072, 3760, 338.89
384, 3072, 3840, 340.27
384, 3072, 3920, 340.66
384, 3072, 4000, 341.68
