bli_shgemm performance
MC = 256, KC = 3584, NC = 1024
m, n, k, GFLOPS
256, 1024, 80, 192.07
256, 1024, 160, 252.55
256, 1024, 240, 278.12
256, 1024, 320, 293.90
256, 1024, 400, 304.78
256, 1024, 480, 310.18
256, 1024, 560, 314.95
256, 1024, 640, 310.29
256, 1024, 720, 308.64
256, 1024, 800, 310.74
256, 1024, 880, 310.72
256, 1024, 960, 310.69
256, 1024, 1040, 307.36
256, 1024, 1120, 307.95
256, 1024, 1200, 307.21
256, 1024, 1280, 309.17
256, 1024, 1360, 308.68
256, 1024, 1440, 309.82
256, 1024, 1520, 308.34
256, 1024, 1600, 310.44
256, 1024, 1680, 310.02
256, 1024, 1760, 310.81
256, 1024, 1840, 310.71
256, 1024, 1920, 312.45
256, 1024, 2000, 312.55
256, 1024, 2080, 313.93
256, 1024, 2160, 313.27
256, 1024, 2240, 313.88
256, 1024, 2320, 314.45
256, 1024, 2400, 314.82
256, 1024, 2480, 314.34
256, 1024, 2560, 315.15
256, 1024, 2640, 314.93
256, 1024, 2720, 315.14
256, 1024, 2800, 315.19
256, 1024, 2880, 316.12
256, 1024, 2960, 315.76
256, 1024, 3040, 316.47
256, 1024, 3120, 315.46
256, 1024, 3200, 316.26
256, 1024, 3280, 315.61
256, 1024, 3360, 316.97
256, 1024, 3440, 316.29
256, 1024, 3520, 316.03
256, 1024, 3600, 309.32
256, 1024, 3680, 326.04
256, 1024, 3760, 324.37
256, 1024, 3840, 325.94
256, 1024, 3920, 324.77
256, 1024, 4000, 326.99
