bli_shgemm performance
MC = 640, KC = 1536, NC = 4096
m, n, k, GFLOPS
640, 80, 80, 195.77
640, 160, 160, 265.67
640, 240, 240, 303.09
640, 320, 320, 325.34
640, 400, 400, 341.51
640, 480, 480, 349.75
640, 560, 560, 352.51
640, 640, 640, 349.53
640, 720, 720, 351.66
640, 800, 800, 367.53
640, 880, 880, 366.47
640, 960, 960, 365.22
640, 1040, 1040, 373.11
640, 1120, 1120, 379.36
640, 1200, 1200, 376.49
640, 1280, 1280, 370.32
640, 1360, 1360, 379.98
640, 1440, 1440, 383.06
640, 1520, 1520, 388.79
640, 1600, 1600, 377.84
640, 1680, 1680, 375.08
640, 1760, 1760, 377.27
640, 1840, 1840, 378.84
640, 1920, 1920, 372.48
640, 2000, 2000, 382.46
640, 2080, 2080, 378.37
640, 2160, 2160, 330.66
640, 2240, 2240, 375.91
640, 2320, 2320, 333.10
640, 2400, 2400, 380.50
640, 2480, 2480, 329.52
640, 2560, 2560, 365.97
640, 2640, 2640, 325.52
640, 2720, 2720, 380.23
640, 2800, 2800, 321.79
640, 2880, 2880, 380.49
640, 2960, 2960, 314.73
640, 3040, 3040, 384.04
640, 3120, 3120, 302.91
640, 3200, 3200, 369.34
640, 3280, 3280, 292.16
640, 3360, 3360, 378.22
640, 3440, 3440, 290.20
640, 3520, 3520, 375.95
640, 3600, 3600, 283.26
640, 3680, 3680, 378.73
640, 3760, 3760, 282.14
640, 3840, 3840, 364.52
640, 3920, 3920, 279.71
640, 4000, 4000, 378.38
