bli_shgemm performance
MC = 384, KC = 1792, NC = 1024
m, n, k, GFLOPS
384, 1024, 80, 196.73
384, 1024, 160, 269.28
384, 1024, 240, 290.36
384, 1024, 320, 310.71
384, 1024, 400, 322.76
384, 1024, 480, 326.59
384, 1024, 560, 331.34
384, 1024, 640, 332.61
384, 1024, 720, 324.25
384, 1024, 800, 328.80
384, 1024, 880, 325.79
384, 1024, 960, 333.48
384, 1024, 1040, 332.37
384, 1024, 1120, 333.14
384, 1024, 1200, 334.86
384, 1024, 1280, 336.65
384, 1024, 1360, 336.22
384, 1024, 1440, 336.10
384, 1024, 1520, 337.32
384, 1024, 1600, 338.74
384, 1024, 1680, 339.27
384, 1024, 1760, 338.54
384, 1024, 1840, 317.68
384, 1024, 1920, 327.10
384, 1024, 2000, 327.36
384, 1024, 2080, 328.97
384, 1024, 2160, 327.89
384, 1024, 2240, 332.29
384, 1024, 2320, 329.82
384, 1024, 2400, 332.37
384, 1024, 2480, 327.99
384, 1024, 2560, 333.34
384, 1024, 2640, 331.80
384, 1024, 2720, 332.75
384, 1024, 2800, 329.51
384, 1024, 2880, 333.74
384, 1024, 2960, 333.11
384, 1024, 3040, 333.98
384, 1024, 3120, 332.55
384, 1024, 3200, 335.81
384, 1024, 3280, 347.34
384, 1024, 3360, 348.22
384, 1024, 3440, 346.65
384, 1024, 3520, 349.94
384, 1024, 3600, 343.00
384, 1024, 3680, 343.03
384, 1024, 3760, 340.93
384, 1024, 3840, 344.17
384, 1024, 3920, 342.58
384, 1024, 4000, 344.51
