bli_shgemm performance
MC = 384, KC = 256, NC = 5120
m, n, k, GFLOPS
384, 5120, 80, 176.11
384, 5120, 160, 237.36
384, 5120, 240, 270.60
384, 5120, 320, 234.72
384, 5120, 400, 250.93
384, 5120, 480, 265.72
384, 5120, 560, 243.84
384, 5120, 640, 253.96
384, 5120, 720, 261.49
384, 5120, 800, 248.50
384, 5120, 880, 255.65
384, 5120, 960, 276.38
384, 5120, 1040, 264.33
384, 5120, 1120, 270.34
384, 5120, 1200, 274.77
384, 5120, 1280, 279.48
384, 5120, 1360, 269.59
384, 5120, 1440, 275.05
384, 5120, 1520, 277.66
384, 5120, 1600, 271.48
384, 5120, 1680, 273.94
384, 5120, 1760, 279.23
384, 5120, 1840, 270.48
384, 5120, 1920, 274.54
384, 5120, 2000, 276.92
384, 5120, 2080, 271.89
384, 5120, 2160, 274.02
384, 5120, 2240, 278.01
384, 5120, 2320, 271.33
384, 5120, 2400, 274.98
384, 5120, 2480, 276.49
384, 5120, 2560, 280.56
384, 5120, 2640, 273.14
384, 5120, 2720, 277.49
384, 5120, 2800, 278.04
384, 5120, 2880, 275.31
384, 5120, 2960, 276.17
384, 5120, 3040, 278.92
384, 5120, 3120, 274.04
384, 5120, 3200, 277.58
384, 5120, 3280, 277.65
384, 5120, 3360, 274.97
384, 5120, 3440, 275.79
384, 5120, 3520, 278.89
384, 5120, 3600, 273.05
384, 5120, 3680, 276.93
384, 5120, 3760, 276.14
384, 5120, 3840, 280.48
384, 5120, 3920, 275.08
384, 5120, 4000, 278.16
