bli_shgemm performance
MC = 256, KC = 2304, NC = 1024
m, n, k, GFLOPS
256, 80, 80, 176.48
256, 160, 160, 240.09
256, 240, 240, 280.86
256, 320, 320, 299.00
256, 400, 400, 312.40
256, 480, 480, 320.78
256, 560, 560, 327.24
256, 640, 640, 330.77
256, 720, 720, 338.86
256, 800, 800, 336.52
256, 880, 880, 339.22
256, 960, 960, 335.39
256, 1040, 1040, 327.56
256, 1120, 1120, 326.80
256, 1200, 1200, 328.51
256, 1280, 1280, 318.94
256, 1360, 1360, 334.72
256, 1440, 1440, 336.46
256, 1520, 1520, 336.46
256, 1600, 1600, 338.02
256, 1680, 1680, 339.15
256, 1760, 1760, 343.35
256, 1840, 1840, 343.13
256, 1920, 1920, 334.94
256, 2000, 2000, 345.59
256, 2080, 2080, 341.45
256, 2160, 2160, 271.95
256, 2240, 2240, 341.12
256, 2320, 2320, 267.97
256, 2400, 2400, 333.75
256, 2480, 2480, 263.74
256, 2560, 2560, 308.22
256, 2640, 2640, 259.58
256, 2720, 2720, 334.63
256, 2800, 2800, 254.54
256, 2880, 2880, 331.84
256, 2960, 2960, 250.71
256, 3040, 3040, 334.11
256, 3120, 3120, 239.88
256, 3200, 3200, 321.41
256, 3280, 3280, 234.18
256, 3360, 3360, 332.07
256, 3440, 3440, 226.16
256, 3520, 3520, 329.83
256, 3600, 3600, 226.95
256, 3680, 3680, 335.18
256, 3760, 3760, 230.26
256, 3840, 3840, 321.56
256, 3920, 3920, 234.33
256, 4000, 4000, 337.70
