bli_shgemm performance
MC = 640, KC = 1024, NC = 2048
m, n, k, GFLOPS
640, 2048, 80, 182.20
640, 2048, 160, 260.59
640, 2048, 240, 292.40
640, 2048, 320, 314.13
640, 2048, 400, 327.20
640, 2048, 480, 335.82
640, 2048, 560, 342.77
640, 2048, 640, 347.76
640, 2048, 720, 350.85
640, 2048, 800, 358.43
640, 2048, 880, 357.53
640, 2048, 960, 362.72
640, 2048, 1040, 325.74
640, 2048, 1120, 329.21
640, 2048, 1200, 330.34
640, 2048, 1280, 335.56
640, 2048, 1360, 336.82
640, 2048, 1440, 347.41
640, 2048, 1520, 347.03
640, 2048, 1600, 350.82
640, 2048, 1680, 356.76
640, 2048, 1760, 360.75
640, 2048, 1840, 361.40
640, 2048, 1920, 363.15
640, 2048, 2000, 363.82
640, 2048, 2080, 352.09
640, 2048, 2160, 353.25
640, 2048, 2240, 355.70
640, 2048, 2320, 357.52
640, 2048, 2400, 358.78
640, 2048, 2480, 359.83
640, 2048, 2560, 361.47
640, 2048, 2640, 362.43
640, 2048, 2720, 361.92
640, 2048, 2800, 363.47
640, 2048, 2880, 363.75
640, 2048, 2960, 364.54
640, 2048, 3040, 365.43
640, 2048, 3120, 356.70
640, 2048, 3200, 357.79
640, 2048, 3280, 351.09
640, 2048, 3360, 353.00
640, 2048, 3440, 352.43
640, 2048, 3520, 355.30
640, 2048, 3600, 355.04
640, 2048, 3680, 357.42
640, 2048, 3760, 355.62
640, 2048, 3840, 359.02
640, 2048, 3920, 358.26
640, 2048, 4000, 359.35
