bli_shgemm performance
MC = 512, KC = 512, NC = 4096
m, n, k, GFLOPS
512, 80, 80, 194.39
512, 160, 160, 263.28
512, 240, 240, 299.73
512, 320, 320, 324.03
512, 400, 400, 341.09
512, 480, 480, 349.82
512, 560, 560, 333.21
512, 640, 640, 337.33
512, 720, 720, 346.65
512, 800, 800, 348.01
512, 880, 880, 342.57
512, 960, 960, 350.75
512, 1040, 1040, 326.92
512, 1120, 1120, 340.41
512, 1200, 1200, 343.37
512, 1280, 1280, 334.34
512, 1360, 1360, 343.50
512, 1440, 1440, 352.30
512, 1520, 1520, 353.05
512, 1600, 1600, 348.82
512, 1680, 1680, 346.95
512, 1760, 1760, 352.53
512, 1840, 1840, 349.84
512, 1920, 1920, 346.98
512, 2000, 2000, 354.07
512, 2080, 2080, 347.08
512, 2160, 2160, 319.70
512, 2240, 2240, 347.93
512, 2320, 2320, 322.90
512, 2400, 2400, 351.11
512, 2480, 2480, 324.82
512, 2560, 2560, 329.45
512, 2640, 2640, 316.08
512, 2720, 2720, 348.43
512, 2800, 2800, 316.56
512, 2880, 2880, 350.71
512, 2960, 2960, 318.23
512, 3040, 3040, 353.15
512, 3120, 3120, 312.07
512, 3200, 3200, 338.75
512, 3280, 3280, 312.28
512, 3360, 3360, 349.63
512, 3440, 3440, 313.91
512, 3520, 3520, 351.94
512, 3600, 3600, 307.28
512, 3680, 3680, 347.48
512, 3760, 3760, 306.49
512, 3840, 3840, 338.00
512, 3920, 3920, 311.01
512, 4000, 4000, 350.28
