bli_shgemm performance
MC = 256, KC = 3584, NC = 4096
m, n, k, GFLOPS
256, 80, 80, 184.46
256, 160, 160, 248.75
256, 240, 240, 282.72
256, 320, 320, 302.02
256, 400, 400, 315.50
256, 480, 480, 324.42
256, 560, 560, 327.08
256, 640, 640, 330.52
256, 720, 720, 337.86
256, 800, 800, 339.85
256, 880, 880, 336.79
256, 960, 960, 338.57
256, 1040, 1040, 339.35
256, 1120, 1120, 339.45
256, 1200, 1200, 340.25
256, 1280, 1280, 322.70
256, 1360, 1360, 344.51
256, 1440, 1440, 346.68
256, 1520, 1520, 347.08
256, 1600, 1600, 347.86
256, 1680, 1680, 344.30
256, 1760, 1760, 349.42
256, 1840, 1840, 343.15
256, 1920, 1920, 337.87
256, 2000, 2000, 344.44
256, 2080, 2080, 350.36
256, 2160, 2160, 335.40
256, 2240, 2240, 348.17
256, 2320, 2320, 336.33
256, 2400, 2400, 349.41
256, 2480, 2480, 334.26
256, 2560, 2560, 324.90
256, 2640, 2640, 333.32
256, 2720, 2720, 346.23
256, 2800, 2800, 328.99
256, 2880, 2880, 346.90
256, 2960, 2960, 323.41
256, 3040, 3040, 344.70
256, 3120, 3120, 327.34
256, 3200, 3200, 335.44
256, 3280, 3280, 316.54
256, 3360, 3360, 338.90
256, 3440, 3440, 236.03
256, 3520, 3520, 342.75
256, 3600, 3600, 219.96
256, 3680, 3680, 340.92
256, 3760, 3760, 215.89
256, 3840, 3840, 318.78
256, 3920, 3920, 211.14
256, 4000, 4000, 340.64
