bli_shgemm performance
MC = 512, KC = 768, NC = 4096
m, n, k, GFLOPS
512, 80, 80, 194.73
512, 160, 160, 262.40
512, 240, 240, 299.44
512, 320, 320, 321.20
512, 400, 400, 340.78
512, 480, 480, 349.27
512, 560, 560, 347.74
512, 640, 640, 346.92
512, 720, 720, 356.86
512, 800, 800, 341.08
512, 880, 880, 343.20
512, 960, 960, 348.37
512, 1040, 1040, 339.43
512, 1120, 1120, 348.64
512, 1200, 1200, 345.80
512, 1280, 1280, 344.53
512, 1360, 1360, 353.34
512, 1440, 1440, 358.06
512, 1520, 1520, 358.46
512, 1600, 1600, 353.07
512, 1680, 1680, 353.31
512, 1760, 1760, 359.28
512, 1840, 1840, 357.43
512, 1920, 1920, 352.61
512, 2000, 2000, 357.42
512, 2080, 2080, 360.64
512, 2160, 2160, 344.55
512, 2240, 2240, 362.46
512, 2320, 2320, 334.40
512, 2400, 2400, 355.67
512, 2480, 2480, 336.48
512, 2560, 2560, 338.10
512, 2640, 2640, 337.44
512, 2720, 2720, 360.72
512, 2800, 2800, 334.41
512, 2880, 2880, 360.01
512, 2960, 2960, 333.94
512, 3040, 3040, 362.22
512, 3120, 3120, 327.69
512, 3200, 3200, 355.44
512, 3280, 3280, 330.50
512, 3360, 3360, 359.00
512, 3440, 3440, 327.84
512, 3520, 3520, 359.60
512, 3600, 3600, 324.84
512, 3680, 3680, 357.85
512, 3760, 3760, 326.79
512, 3840, 3840, 352.08
512, 3920, 3920, 317.79
512, 4000, 4000, 355.68
