bli_shgemm performance
MC = 384, KC = 2560, NC = 4096
m, n, k, GFLOPS
384, 80, 80, 190.82
384, 160, 160, 257.91
384, 240, 240, 292.02
384, 320, 320, 312.86
384, 400, 400, 328.56
384, 480, 480, 336.85
384, 560, 560, 342.75
384, 640, 640, 346.56
384, 720, 720, 353.50
384, 800, 800, 352.99
384, 880, 880, 351.32
384, 960, 960, 351.59
384, 1040, 1040, 354.74
384, 1120, 1120, 355.67
384, 1200, 1200, 360.00
384, 1280, 1280, 347.69
384, 1360, 1360, 365.31
384, 1440, 1440, 366.80
384, 1520, 1520, 369.66
384, 1600, 1600, 369.56
384, 1680, 1680, 371.58
384, 1760, 1760, 371.00
384, 1840, 1840, 370.86
384, 1920, 1920, 364.33
384, 2000, 2000, 371.79
384, 2080, 2080, 372.80
384, 2160, 2160, 364.77
384, 2240, 2240, 373.53
384, 2320, 2320, 362.38
384, 2400, 2400, 369.57
384, 2480, 2480, 359.06
384, 2560, 2560, 351.88
384, 2640, 2640, 296.38
384, 2720, 2720, 366.59
384, 2800, 2800, 288.91
384, 2880, 2880, 362.71
384, 2960, 2960, 283.95
384, 3040, 3040, 367.98
384, 3120, 3120, 281.02
384, 3200, 3200, 358.15
384, 3280, 3280, 270.07
384, 3360, 3360, 366.53
384, 3440, 3440, 265.25
384, 3520, 3520, 364.90
384, 3600, 3600, 260.95
384, 3680, 3680, 368.20
384, 3760, 3760, 255.43
384, 3840, 3840, 354.31
384, 3920, 3920, 250.00
384, 4000, 4000, 367.71
