bli_shgemm performance
MC = 384, KC = 3072, NC = 5120
m, n, k, GFLOPS
384, 5120, 80, 175.41
384, 5120, 160, 241.39
384, 5120, 240, 269.95
384, 5120, 320, 289.68
384, 5120, 400, 302.95
384, 5120, 480, 309.70
384, 5120, 560, 316.46
384, 5120, 640, 319.43
384, 5120, 720, 322.15
384, 5120, 800, 329.59
384, 5120, 880, 328.74
384, 5120, 960, 330.51
384, 5120, 1040, 330.86
384, 5120, 1120, 330.75
384, 5120, 1200, 330.21
384, 5120, 1280, 331.39
384, 5120, 1360, 330.98
384, 5120, 1440, 331.71
384, 5120, 1520, 333.06
384, 5120, 1600, 333.90
384, 5120, 1680, 331.30
384, 5120, 1760, 332.77
384, 5120, 1840, 331.96
384, 5120, 1920, 333.30
384, 5120, 2000, 335.36
384, 5120, 2080, 332.55
384, 5120, 2160, 359.07
384, 5120, 2240, 359.00
384, 5120, 2320, 357.20
384, 5120, 2400, 356.46
384, 5120, 2480, 357.81
384, 5120, 2560, 356.44
384, 5120, 2640, 361.53
384, 5120, 2720, 359.76
384, 5120, 2800, 358.57
384, 5120, 2880, 360.48
384, 5120, 2960, 361.87
384, 5120, 3040, 360.73
384, 5120, 3120, 323.70
384, 5120, 3200, 325.34
384, 5120, 3280, 326.54
384, 5120, 3360, 356.46
384, 5120, 3440, 357.12
384, 5120, 3520, 357.22
384, 5120, 3600, 356.47
384, 5120, 3680, 357.39
384, 5120, 3760, 356.59
384, 5120, 3840, 358.89
384, 5120, 3920, 358.16
384, 5120, 4000, 359.19
