bli_shgemm performance
MC = 384, KC = 1536, NC = 1024
m, n, k, GFLOPS
384, 80, 80, 190.47
384, 160, 160, 257.12
384, 240, 240, 292.71
384, 320, 320, 313.87
384, 400, 400, 328.16
384, 480, 480, 336.78
384, 560, 560, 341.62
384, 640, 640, 343.45
384, 720, 720, 348.27
384, 800, 800, 353.46
384, 880, 880, 353.00
384, 960, 960, 356.42
384, 1040, 1040, 345.13
384, 1120, 1120, 346.50
384, 1200, 1200, 346.24
384, 1280, 1280, 338.37
384, 1360, 1360, 352.91
384, 1440, 1440, 352.55
384, 1520, 1520, 357.62
384, 1600, 1600, 349.10
384, 1680, 1680, 348.57
384, 1760, 1760, 355.44
384, 1840, 1840, 353.60
384, 1920, 1920, 345.18
384, 2000, 2000, 354.46
384, 2080, 2080, 344.06
384, 2160, 2160, 331.90
384, 2240, 2240, 345.44
384, 2320, 2320, 334.08
384, 2400, 2400, 345.80
384, 2480, 2480, 335.22
384, 2560, 2560, 333.28
384, 2640, 2640, 335.02
384, 2720, 2720, 348.01
384, 2800, 2800, 333.82
384, 2880, 2880, 353.16
384, 2960, 2960, 335.03
384, 3040, 3040, 350.86
384, 3120, 3120, 324.88
384, 3200, 3200, 341.16
384, 3280, 3280, 324.94
384, 3360, 3360, 344.27
384, 3440, 3440, 327.43
384, 3520, 3520, 349.52
384, 3600, 3600, 327.84
384, 3680, 3680, 347.19
384, 3760, 3760, 330.98
384, 3840, 3840, 344.73
384, 3920, 3920, 332.11
384, 4000, 4000, 350.41
