bli_shgemm performance
MC = 640, KC = 2304, NC = 2048
m, n, k, GFLOPS
640, 80, 80, 196.19
640, 160, 160, 265.63
640, 240, 240, 304.86
640, 320, 320, 326.12
640, 400, 400, 340.91
640, 480, 480, 347.97
640, 560, 560, 346.31
640, 640, 640, 348.58
640, 720, 720, 354.14
640, 800, 800, 357.45
640, 880, 880, 360.74
640, 960, 960, 366.69
640, 1040, 1040, 374.15
640, 1120, 1120, 372.88
640, 1200, 1200, 380.23
640, 1280, 1280, 369.22
640, 1360, 1360, 383.47
640, 1440, 1440, 384.40
640, 1520, 1520, 386.82
640, 1600, 1600, 387.91
640, 1680, 1680, 389.19
640, 1760, 1760, 387.70
640, 1840, 1840, 391.33
640, 1920, 1920, 389.73
640, 2000, 2000, 391.58
640, 2080, 2080, 373.53
640, 2160, 2160, 334.34
640, 2240, 2240, 357.68
640, 2320, 2320, 317.24
640, 2400, 2400, 370.90
640, 2480, 2480, 315.53
640, 2560, 2560, 361.86
640, 2640, 2640, 311.72
640, 2720, 2720, 381.08
640, 2800, 2800, 338.06
640, 2880, 2880, 356.12
640, 2960, 2960, 339.78
640, 3040, 3040, 358.30
640, 3120, 3120, 343.73
640, 3200, 3200, 358.69
640, 3280, 3280, 342.14
640, 3360, 3360, 362.61
640, 3440, 3440, 346.94
640, 3520, 3520, 388.56
640, 3600, 3600, 368.18
640, 3680, 3680, 389.27
640, 3760, 3760, 351.81
640, 3840, 3840, 366.26
640, 3920, 3920, 353.64
640, 4000, 4000, 370.93
