bli_shgemm performance
MC = 256, KC = 1792, NC = 2048
m, n, k, GFLOPS
256, 2048, 1792, 314.95
256, 2048, 1792, 315.06
256, 2048, 1792, 314.92
256, 2048, 1792, 314.96
256, 2048, 1792, 314.41
256, 2048, 1792, 314.35
256, 2048, 1792, 314.01
256, 2048, 1792, 314.62
256, 2048, 1792, 314.38
256, 2048, 1792, 315.18
256, 2048, 1792, 314.86
256, 2048, 1792, 314.67
256, 2048, 1792, 314.62
256, 2048, 1792, 314.57
256, 2048, 1792, 313.87
256, 2048, 1792, 313.86
256, 2048, 1792, 314.49
256, 2048, 1792, 314.14
256, 2048, 1792, 313.90
256, 2048, 1792, 314.17
256, 2048, 1792, 313.64
256, 2048, 1792, 314.47
256, 2048, 1792, 313.71
256, 2048, 1792, 314.43
256, 2048, 1792, 314.37
256, 2048, 1792, 313.95
256, 2048, 1792, 314.43
256, 2048, 1792, 314.30
256, 2048, 1792, 314.68
256, 2048, 1792, 314.12
256, 2048, 1792, 314.51
256, 2048, 1792, 313.59
256, 2048, 1792, 314.19
256, 2048, 1792, 313.96
256, 2048, 1792, 313.64
256, 2048, 1792, 314.25
256, 2048, 1792, 314.28
256, 2048, 1792, 314.20
256, 2048, 1792, 314.28
256, 2048, 1792, 314.30
256, 2048, 1792, 313.83
256, 2048, 1792, 314.35
256, 2048, 1792, 314.15
256, 2048, 1792, 314.32
256, 2048, 1792, 314.17
256, 2048, 1792, 313.94
256, 2048, 1792, 313.93
256, 2048, 1792, 314.46
256, 2048, 1792, 313.94
256, 2048, 1792, 314.26
