bli_shgemm performance
MC = 384, KC = 3328, NC = 1024
m, n, k, GFLOPS
384, 1024, 3328, 342.22
384, 1024, 3328, 343.76
384, 1024, 3328, 343.71
384, 1024, 3328, 343.28
384, 1024, 3328, 342.80
384, 1024, 3328, 343.02
384, 1024, 3328, 342.97
384, 1024, 3328, 343.02
384, 1024, 3328, 342.43
384, 1024, 3328, 343.37
384, 1024, 3328, 343.06
384, 1024, 3328, 342.49
384, 1024, 3328, 342.45
384, 1024, 3328, 342.97
384, 1024, 3328, 343.38
384, 1024, 3328, 342.33
384, 1024, 3328, 343.05
384, 1024, 3328, 343.36
384, 1024, 3328, 343.14
384, 1024, 3328, 342.35
384, 1024, 3328, 343.09
384, 1024, 3328, 342.91
384, 1024, 3328, 342.83
384, 1024, 3328, 342.76
384, 1024, 3328, 343.01
384, 1024, 3328, 342.92
384, 1024, 3328, 342.66
384, 1024, 3328, 342.54
384, 1024, 3328, 342.47
384, 1024, 3328, 343.55
384, 1024, 3328, 342.78
384, 1024, 3328, 343.00
384, 1024, 3328, 343.14
384, 1024, 3328, 342.49
384, 1024, 3328, 342.83
384, 1024, 3328, 342.48
384, 1024, 3328, 343.08
384, 1024, 3328, 343.00
384, 1024, 3328, 342.83
384, 1024, 3328, 343.20
384, 1024, 3328, 342.78
384, 1024, 3328, 342.91
384, 1024, 3328, 342.59
384, 1024, 3328, 342.86
384, 1024, 3328, 342.69
384, 1024, 3328, 342.75
384, 1024, 3328, 342.95
384, 1024, 3328, 342.50
384, 1024, 3328, 342.75
384, 1024, 3328, 342.52
