bli_shgemm performance
MC = 512, KC = 1024, NC = 2048
m, n, k, GFLOPS
512, 2048, 80, 190.92
512, 2048, 160, 259.86
512, 2048, 240, 278.96
512, 2048, 320, 294.29
512, 2048, 400, 311.70
512, 2048, 480, 318.08
512, 2048, 560, 329.96
512, 2048, 640, 332.29
512, 2048, 720, 335.91
512, 2048, 800, 341.98
512, 2048, 880, 342.16
512, 2048, 960, 346.88
512, 2048, 1040, 315.82
512, 2048, 1120, 323.46
512, 2048, 1200, 324.47
512, 2048, 1280, 329.22
512, 2048, 1360, 338.29
512, 2048, 1440, 340.77
512, 2048, 1520, 341.18
512, 2048, 1600, 344.38
512, 2048, 1680, 343.56
512, 2048, 1760, 346.40
512, 2048, 1840, 348.56
512, 2048, 1920, 350.11
512, 2048, 2000, 352.12
512, 2048, 2080, 342.21
512, 2048, 2160, 342.01
512, 2048, 2240, 345.69
512, 2048, 2320, 345.17
512, 2048, 2400, 347.48
512, 2048, 2480, 347.58
512, 2048, 2560, 350.48
512, 2048, 2640, 350.30
512, 2048, 2720, 350.83
512, 2048, 2800, 351.21
512, 2048, 2880, 353.45
512, 2048, 2960, 353.35
512, 2048, 3040, 354.77
512, 2048, 3120, 345.68
512, 2048, 3200, 347.92
512, 2048, 3280, 347.46
512, 2048, 3360, 349.22
512, 2048, 3440, 348.79
512, 2048, 3520, 351.60
512, 2048, 3600, 351.14
512, 2048, 3680, 352.39
512, 2048, 3760, 350.58
512, 2048, 3840, 353.68
512, 2048, 3920, 353.23
512, 2048, 4000, 354.19
