bli_shgemm performance
MC = 640, KC = 3584, NC = 1024
m, n, k, GFLOPS
640, 1024, 80, 206.81
640, 1024, 160, 273.38
640, 1024, 240, 306.13
640, 1024, 320, 325.48
640, 1024, 400, 328.70
640, 1024, 480, 331.11
640, 1024, 560, 330.72
640, 1024, 640, 331.23
640, 1024, 720, 332.05
640, 1024, 800, 340.73
640, 1024, 880, 340.66
640, 1024, 960, 349.03
640, 1024, 1040, 349.81
640, 1024, 1120, 351.05
640, 1024, 1200, 353.11
640, 1024, 1280, 356.63
640, 1024, 1360, 356.48
640, 1024, 1440, 360.80
640, 1024, 1520, 362.48
640, 1024, 1600, 364.57
640, 1024, 1680, 364.18
640, 1024, 1760, 365.44
640, 1024, 1840, 365.48
640, 1024, 1920, 367.60
640, 1024, 2000, 366.87
640, 1024, 2080, 367.69
640, 1024, 2160, 368.40
640, 1024, 2240, 369.27
640, 1024, 2320, 365.36
640, 1024, 2400, 366.92
640, 1024, 2480, 366.67
640, 1024, 2560, 366.70
640, 1024, 2640, 366.43
640, 1024, 2720, 365.71
640, 1024, 2800, 365.47
640, 1024, 2880, 364.23
640, 1024, 2960, 359.54
640, 1024, 3040, 354.24
640, 1024, 3120, 337.57
640, 1024, 3200, 318.53
640, 1024, 3280, 308.58
640, 1024, 3360, 298.21
640, 1024, 3440, 297.82
640, 1024, 3520, 290.78
640, 1024, 3600, 301.59
640, 1024, 3680, 310.49
640, 1024, 3760, 311.81
640, 1024, 3840, 312.93
640, 1024, 3920, 313.20
640, 1024, 4000, 314.13
