bli_shgemm performance
MC = 384, KC = 1024, NC = 2048
m, n, k, GFLOPS
384, 80, 80, 190.33
384, 160, 160, 258.36
384, 240, 240, 294.19
384, 320, 320, 314.45
384, 400, 400, 328.53
384, 480, 480, 337.31
384, 560, 560, 344.09
384, 640, 640, 339.68
384, 720, 720, 345.10
384, 800, 800, 346.92
384, 880, 880, 351.35
384, 960, 960, 351.86
384, 1040, 1040, 345.00
384, 1120, 1120, 343.91
384, 1200, 1200, 346.43
384, 1280, 1280, 333.39
384, 1360, 1360, 348.77
384, 1440, 1440, 351.99
384, 1520, 1520, 350.09
384, 1600, 1600, 351.23
384, 1680, 1680, 354.01
384, 1760, 1760, 356.20
384, 1840, 1840, 360.31
384, 1920, 1920, 348.83
384, 2000, 2000, 361.97
384, 2080, 2080, 341.78
384, 2160, 2160, 283.71
384, 2240, 2240, 341.88
384, 2320, 2320, 284.85
384, 2400, 2400, 347.14
384, 2480, 2480, 284.89
384, 2560, 2560, 327.45
384, 2640, 2640, 278.78
384, 2720, 2720, 349.68
384, 2800, 2800, 273.92
384, 2880, 2880, 354.54
384, 2960, 2960, 270.87
384, 3040, 3040, 357.83
384, 3120, 3120, 327.65
384, 3200, 3200, 347.74
384, 3280, 3280, 324.42
384, 3360, 3360, 347.34
384, 3440, 3440, 328.49
384, 3520, 3520, 349.87
384, 3600, 3600, 329.41
384, 3680, 3680, 348.29
384, 3760, 3760, 331.65
384, 3840, 3840, 344.27
384, 3920, 3920, 332.88
384, 4000, 4000, 351.93
