bli_shgemm performance
MC = 640, KC = 3072, NC = 1024
m, n, k, GFLOPS
640, 80, 80, 194.99
640, 160, 160, 266.42
640, 240, 240, 302.83
640, 320, 320, 324.67
640, 400, 400, 340.08
640, 480, 480, 349.22
640, 560, 560, 352.72
640, 640, 640, 350.79
640, 720, 720, 353.54
640, 800, 800, 356.15
640, 880, 880, 362.17
640, 960, 960, 366.04
640, 1040, 1040, 355.28
640, 1120, 1120, 355.12
640, 1200, 1200, 363.10
640, 1280, 1280, 357.07
640, 1360, 1360, 370.31
640, 1440, 1440, 370.81
640, 1520, 1520, 376.56
640, 1600, 1600, 375.50
640, 1680, 1680, 379.17
640, 1760, 1760, 378.69
640, 1840, 1840, 383.82
640, 1920, 1920, 376.27
640, 2000, 2000, 386.22
640, 2080, 2080, 377.59
640, 2160, 2160, 320.48
640, 2240, 2240, 378.32
640, 2320, 2320, 321.21
640, 2400, 2400, 379.30
640, 2480, 2480, 309.34
640, 2560, 2560, 358.91
640, 2640, 2640, 299.99
640, 2720, 2720, 366.37
640, 2800, 2800, 286.57
640, 2880, 2880, 343.65
640, 2960, 2960, 274.86
640, 3040, 3040, 337.50
640, 3120, 3120, 278.56
640, 3200, 3200, 335.42
640, 3280, 3280, 280.07
640, 3360, 3360, 338.62
640, 3440, 3440, 352.96
640, 3520, 3520, 369.98
640, 3600, 3600, 353.38
640, 3680, 3680, 368.22
640, 3760, 3760, 354.39
640, 3840, 3840, 367.22
640, 3920, 3920, 359.09
640, 4000, 4000, 341.15
