bli_shgemm performance
MC = 256, KC = 1024, NC = 1024
m, n, k, GFLOPS
256, 1024, 80, 193.23
256, 1024, 160, 254.71
256, 1024, 240, 279.31
256, 1024, 320, 291.70
256, 1024, 400, 305.58
256, 1024, 480, 308.90
256, 1024, 560, 313.40
256, 1024, 640, 313.48
256, 1024, 720, 313.58
256, 1024, 800, 316.78
256, 1024, 880, 314.39
256, 1024, 960, 313.84
256, 1024, 1040, 293.26
256, 1024, 1120, 293.36
256, 1024, 1200, 292.94
256, 1024, 1280, 298.06
256, 1024, 1360, 315.12
256, 1024, 1440, 317.51
256, 1024, 1520, 318.61
256, 1024, 1600, 319.74
256, 1024, 1680, 318.33
256, 1024, 1760, 319.99
256, 1024, 1840, 321.07
256, 1024, 1920, 322.49
256, 1024, 2000, 321.51
256, 1024, 2080, 314.72
256, 1024, 2160, 314.66
256, 1024, 2240, 316.92
256, 1024, 2320, 316.23
256, 1024, 2400, 317.31
256, 1024, 2480, 316.58
256, 1024, 2560, 320.14
256, 1024, 2640, 318.77
256, 1024, 2720, 319.14
256, 1024, 2800, 319.08
256, 1024, 2880, 321.25
256, 1024, 2960, 321.00
256, 1024, 3040, 321.38
256, 1024, 3120, 316.21
256, 1024, 3200, 316.98
256, 1024, 3280, 316.31
256, 1024, 3360, 318.21
256, 1024, 3440, 316.81
256, 1024, 3520, 320.12
256, 1024, 3600, 318.44
256, 1024, 3680, 319.11
256, 1024, 3760, 317.20
256, 1024, 3840, 320.66
256, 1024, 3920, 319.96
256, 1024, 4000, 320.99
