bli_shgemm performance
MC = 384, KC = 1024, NC = 3072
m, n, k, GFLOPS
384, 3072, 80, 178.92
384, 3072, 160, 233.48
384, 3072, 240, 273.96
384, 3072, 320, 293.36
384, 3072, 400, 303.99
384, 3072, 480, 311.18
384, 3072, 560, 318.59
384, 3072, 640, 320.91
384, 3072, 720, 325.75
384, 3072, 800, 326.06
384, 3072, 880, 327.95
384, 3072, 960, 343.11
384, 3072, 1040, 309.96
384, 3072, 1120, 313.58
384, 3072, 1200, 324.44
384, 3072, 1280, 329.33
384, 3072, 1360, 330.46
384, 3072, 1440, 334.23
384, 3072, 1520, 334.24
384, 3072, 1600, 337.67
384, 3072, 1680, 337.09
384, 3072, 1760, 339.96
384, 3072, 1840, 340.84
384, 3072, 1920, 342.85
384, 3072, 2000, 344.45
384, 3072, 2080, 332.42
384, 3072, 2160, 332.41
384, 3072, 2240, 335.41
384, 3072, 2320, 335.42
384, 3072, 2400, 337.45
384, 3072, 2480, 338.42
384, 3072, 2560, 339.47
384, 3072, 2640, 339.44
384, 3072, 2720, 341.16
384, 3072, 2800, 342.06
384, 3072, 2880, 343.43
384, 3072, 2960, 344.41
384, 3072, 3040, 345.27
384, 3072, 3120, 336.51
384, 3072, 3200, 337.61
384, 3072, 3280, 337.11
384, 3072, 3360, 339.21
384, 3072, 3440, 339.39
384, 3072, 3520, 340.43
384, 3072, 3600, 341.18
384, 3072, 3680, 342.34
384, 3072, 3760, 341.89
384, 3072, 3840, 343.67
384, 3072, 3920, 343.78
384, 3072, 4000, 344.47
