bli_shgemm performance
MC = 384, KC = 256, NC = 5120
m, n, k, GFLOPS
384, 5120, 256, 271.25
384, 5120, 256, 271.52
384, 5120, 256, 271.06
384, 5120, 256, 271.47
384, 5120, 256, 271.22
384, 5120, 256, 271.61
384, 5120, 256, 271.75
384, 5120, 256, 271.06
384, 5120, 256, 270.92
384, 5120, 256, 271.65
384, 5120, 256, 271.23
384, 5120, 256, 271.24
384, 5120, 256, 271.19
384, 5120, 256, 270.94
384, 5120, 256, 271.27
384, 5120, 256, 271.36
384, 5120, 256, 270.85
384, 5120, 256, 271.15
384, 5120, 256, 270.59
384, 5120, 256, 271.17
384, 5120, 256, 271.28
384, 5120, 256, 271.28
384, 5120, 256, 271.26
384, 5120, 256, 271.37
384, 5120, 256, 271.39
384, 5120, 256, 271.39
384, 5120, 256, 271.26
384, 5120, 256, 271.03
384, 5120, 256, 270.97
384, 5120, 256, 270.73
384, 5120, 256, 270.92
384, 5120, 256, 271.19
384, 5120, 256, 270.87
384, 5120, 256, 271.67
384, 5120, 256, 270.69
384, 5120, 256, 271.35
384, 5120, 256, 271.10
384, 5120, 256, 270.91
384, 5120, 256, 270.90
384, 5120, 256, 270.24
384, 5120, 256, 270.44
384, 5120, 256, 271.17
384, 5120, 256, 270.74
384, 5120, 256, 271.08
384, 5120, 256, 270.73
384, 5120, 256, 271.96
384, 5120, 256, 272.19
384, 5120, 256, 272.36
384, 5120, 256, 272.04
384, 5120, 256, 271.84
