bli_shgemm performance
MC = 640, KC = 256, NC = 4096
m, n, k, GFLOPS
640, 4096, 256, 280.49
640, 4096, 256, 280.76
640, 4096, 256, 280.88
640, 4096, 256, 280.42
640, 4096, 256, 279.97
640, 4096, 256, 280.13
640, 4096, 256, 280.03
640, 4096, 256, 279.21
640, 4096, 256, 279.58
640, 4096, 256, 279.72
640, 4096, 256, 280.30
640, 4096, 256, 279.90
640, 4096, 256, 280.52
640, 4096, 256, 280.41
640, 4096, 256, 280.58
640, 4096, 256, 279.98
640, 4096, 256, 280.42
640, 4096, 256, 280.04
640, 4096, 256, 279.53
640, 4096, 256, 279.71
640, 4096, 256, 279.93
640, 4096, 256, 278.91
640, 4096, 256, 280.12
640, 4096, 256, 279.99
640, 4096, 256, 280.45
640, 4096, 256, 279.26
640, 4096, 256, 279.46
640, 4096, 256, 280.44
640, 4096, 256, 279.63
640, 4096, 256, 280.22
640, 4096, 256, 279.91
640, 4096, 256, 279.28
640, 4096, 256, 280.27
640, 4096, 256, 279.62
640, 4096, 256, 279.06
640, 4096, 256, 279.91
640, 4096, 256, 280.18
640, 4096, 256, 280.08
640, 4096, 256, 279.75
640, 4096, 256, 279.77
640, 4096, 256, 280.14
640, 4096, 256, 280.30
640, 4096, 256, 277.93
640, 4096, 256, 279.65
640, 4096, 256, 280.09
640, 4096, 256, 279.94
640, 4096, 256, 279.87
640, 4096, 256, 280.76
640, 4096, 256, 280.45
640, 4096, 256, 280.58
