bli_shgemm performance
MC = 640, KC = 768, NC = 2048
m, n, k, GFLOPS
640, 2048, 768, 344.18
640, 2048, 768, 344.03
640, 2048, 768, 344.00
640, 2048, 768, 343.75
640, 2048, 768, 344.03
640, 2048, 768, 344.40
640, 2048, 768, 344.35
640, 2048, 768, 343.64
640, 2048, 768, 343.22
640, 2048, 768, 344.22
640, 2048, 768, 344.19
640, 2048, 768, 344.31
640, 2048, 768, 344.13
640, 2048, 768, 344.21
640, 2048, 768, 344.03
640, 2048, 768, 344.98
640, 2048, 768, 344.04
640, 2048, 768, 344.49
640, 2048, 768, 344.65
640, 2048, 768, 343.68
640, 2048, 768, 343.95
640, 2048, 768, 344.69
640, 2048, 768, 344.65
640, 2048, 768, 343.65
640, 2048, 768, 343.50
640, 2048, 768, 344.05
640, 2048, 768, 344.61
640, 2048, 768, 343.89
640, 2048, 768, 343.57
640, 2048, 768, 344.73
640, 2048, 768, 345.52
640, 2048, 768, 344.39
640, 2048, 768, 344.51
640, 2048, 768, 344.59
640, 2048, 768, 345.03
640, 2048, 768, 345.66
640, 2048, 768, 344.00
640, 2048, 768, 344.46
640, 2048, 768, 345.43
640, 2048, 768, 343.77
640, 2048, 768, 345.02
640, 2048, 768, 343.85
640, 2048, 768, 345.21
640, 2048, 768, 344.02
640, 2048, 768, 344.92
640, 2048, 768, 344.87
640, 2048, 768, 344.66
640, 2048, 768, 344.29
640, 2048, 768, 343.95
640, 2048, 768, 344.81
