bli_shgemm performance
MC = 640, KC = 3584, NC = 4096
m, n, k, GFLOPS
640, 4096, 3584, 296.30
640, 4096, 3584, 295.60
640, 4096, 3584, 296.24
640, 4096, 3584, 322.61
640, 4096, 3584, 317.27
640, 4096, 3584, 298.03
640, 4096, 3584, 296.77
640, 4096, 3584, 295.67
640, 4096, 3584, 296.46
640, 4096, 3584, 295.86
640, 4096, 3584, 295.64
640, 4096, 3584, 324.84
640, 4096, 3584, 327.03
640, 4096, 3584, 296.57
640, 4096, 3584, 319.69
640, 4096, 3584, 295.86
640, 4096, 3584, 296.20
640, 4096, 3584, 296.36
640, 4096, 3584, 296.45
640, 4096, 3584, 295.86
640, 4096, 3584, 296.04
640, 4096, 3584, 296.25
640, 4096, 3584, 326.82
640, 4096, 3584, 295.61
640, 4096, 3584, 295.70
640, 4096, 3584, 322.49
640, 4096, 3584, 326.67
640, 4096, 3584, 296.01
640, 4096, 3584, 295.78
640, 4096, 3584, 325.96
640, 4096, 3584, 295.91
640, 4096, 3584, 300.26
640, 4096, 3584, 296.58
640, 4096, 3584, 325.09
640, 4096, 3584, 295.83
640, 4096, 3584, 296.82
640, 4096, 3584, 296.43
640, 4096, 3584, 314.43
640, 4096, 3584, 295.77
640, 4096, 3584, 295.83
640, 4096, 3584, 295.94
640, 4096, 3584, 296.58
640, 4096, 3584, 319.62
640, 4096, 3584, 297.76
640, 4096, 3584, 321.60
640, 4096, 3584, 295.83
640, 4096, 3584, 296.85
640, 4096, 3584, 321.47
640, 4096, 3584, 295.91
640, 4096, 3584, 296.48
