bli_shgemm performance
MC = 256, KC = 2816, NC = 2048
m, n, k, GFLOPS
256, 2048, 2816, 314.66
256, 2048, 2816, 315.03
256, 2048, 2816, 314.74
256, 2048, 2816, 314.73
256, 2048, 2816, 314.64
256, 2048, 2816, 315.51
256, 2048, 2816, 315.21
256, 2048, 2816, 314.65
256, 2048, 2816, 314.87
256, 2048, 2816, 315.48
256, 2048, 2816, 314.87
256, 2048, 2816, 315.42
256, 2048, 2816, 314.59
256, 2048, 2816, 314.93
256, 2048, 2816, 314.97
256, 2048, 2816, 314.20
256, 2048, 2816, 314.55
256, 2048, 2816, 315.04
256, 2048, 2816, 315.57
256, 2048, 2816, 315.28
256, 2048, 2816, 315.29
256, 2048, 2816, 316.23
256, 2048, 2816, 315.86
256, 2048, 2816, 316.14
256, 2048, 2816, 315.77
256, 2048, 2816, 315.43
256, 2048, 2816, 314.79
256, 2048, 2816, 315.61
256, 2048, 2816, 314.92
256, 2048, 2816, 314.30
256, 2048, 2816, 315.14
256, 2048, 2816, 314.97
256, 2048, 2816, 314.79
256, 2048, 2816, 315.64
256, 2048, 2816, 315.53
256, 2048, 2816, 315.15
256, 2048, 2816, 314.72
256, 2048, 2816, 315.05
256, 2048, 2816, 314.89
256, 2048, 2816, 314.82
256, 2048, 2816, 315.09
256, 2048, 2816, 315.56
256, 2048, 2816, 315.22
256, 2048, 2816, 315.55
256, 2048, 2816, 315.60
256, 2048, 2816, 314.96
256, 2048, 2816, 315.48
256, 2048, 2816, 315.54
256, 2048, 2816, 315.25
256, 2048, 2816, 315.97
