bli_shgemm performance
MC = 512, KC = 2560, NC = 3072
m, n, k, GFLOPS
512, 80, 80, 194.53
512, 160, 160, 263.13
512, 240, 240, 301.31
512, 320, 320, 324.02
512, 400, 400, 340.03
512, 480, 480, 349.19
512, 560, 560, 344.87
512, 640, 640, 345.59
512, 720, 720, 348.45
512, 800, 800, 355.29
512, 880, 880, 354.57
512, 960, 960, 362.25
512, 1040, 1040, 366.33
512, 1120, 1120, 366.98
512, 1200, 1200, 371.85
512, 1280, 1280, 361.47
512, 1360, 1360, 376.40
512, 1440, 1440, 377.17
512, 1520, 1520, 378.27
512, 1600, 1600, 378.56
512, 1680, 1680, 381.28
512, 1760, 1760, 382.27
512, 1840, 1840, 381.69
512, 1920, 1920, 376.15
512, 2000, 2000, 385.76
512, 2080, 2080, 381.55
512, 2160, 2160, 329.48
512, 2240, 2240, 380.23
512, 2320, 2320, 326.62
512, 2400, 2400, 382.26
512, 2480, 2480, 326.45
512, 2560, 2560, 365.38
512, 2640, 2640, 312.18
512, 2720, 2720, 379.30
512, 2800, 2800, 309.07
512, 2880, 2880, 374.58
512, 2960, 2960, 299.42
512, 3040, 3040, 376.44
512, 3120, 3120, 292.69
512, 3200, 3200, 367.65
512, 3280, 3280, 282.02
512, 3360, 3360, 370.44
512, 3440, 3440, 279.08
512, 3520, 3520, 367.96
512, 3600, 3600, 274.68
512, 3680, 3680, 372.07
512, 3760, 3760, 270.61
512, 3840, 3840, 359.87
512, 3920, 3920, 266.84
512, 4000, 4000, 372.95
