bli_shgemm performance
MC = 384, KC = 1280, NC = 3072
m, n, k, GFLOPS
384, 3072, 1280, 335.67
384, 3072, 1280, 336.80
384, 3072, 1280, 337.02
384, 3072, 1280, 336.22
384, 3072, 1280, 335.28
384, 3072, 1280, 335.78
384, 3072, 1280, 336.01
384, 3072, 1280, 335.19
384, 3072, 1280, 336.87
384, 3072, 1280, 336.75
384, 3072, 1280, 336.70
384, 3072, 1280, 335.52
384, 3072, 1280, 336.43
384, 3072, 1280, 336.20
384, 3072, 1280, 335.34
384, 3072, 1280, 335.68
384, 3072, 1280, 336.10
384, 3072, 1280, 336.30
384, 3072, 1280, 335.28
384, 3072, 1280, 335.53
384, 3072, 1280, 336.24
384, 3072, 1280, 336.48
384, 3072, 1280, 336.03
384, 3072, 1280, 336.06
384, 3072, 1280, 336.68
384, 3072, 1280, 335.69
384, 3072, 1280, 336.01
384, 3072, 1280, 335.86
384, 3072, 1280, 336.18
384, 3072, 1280, 335.68
384, 3072, 1280, 336.56
384, 3072, 1280, 336.41
384, 3072, 1280, 335.88
384, 3072, 1280, 335.59
384, 3072, 1280, 335.96
384, 3072, 1280, 336.19
384, 3072, 1280, 336.62
384, 3072, 1280, 336.84
384, 3072, 1280, 336.90
384, 3072, 1280, 336.38
384, 3072, 1280, 336.66
384, 3072, 1280, 336.05
384, 3072, 1280, 335.46
384, 3072, 1280, 335.21
384, 3072, 1280, 335.63
384, 3072, 1280, 335.82
384, 3072, 1280, 335.38
384, 3072, 1280, 336.18
384, 3072, 1280, 335.80
384, 3072, 1280, 335.96
