bli_shgemm performance
MC = 256, KC = 3584, NC = 4096
m, n, k, GFLOPS
256, 4096, 80, 187.64
256, 4096, 160, 237.27
256, 4096, 240, 248.94
256, 4096, 320, 263.92
256, 4096, 400, 273.72
256, 4096, 480, 280.75
256, 4096, 560, 286.63
256, 4096, 640, 289.82
256, 4096, 720, 292.03
256, 4096, 800, 297.42
256, 4096, 880, 298.01
256, 4096, 960, 300.05
256, 4096, 1040, 300.88
256, 4096, 1120, 301.26
256, 4096, 1200, 301.58
256, 4096, 1280, 302.06
256, 4096, 1360, 301.51
256, 4096, 1440, 300.88
256, 4096, 1520, 300.71
256, 4096, 1600, 300.53
256, 4096, 1680, 301.11
256, 4096, 1760, 300.99
256, 4096, 1840, 302.89
256, 4096, 1920, 303.52
256, 4096, 2000, 301.23
256, 4096, 2080, 301.59
256, 4096, 2160, 304.97
256, 4096, 2240, 304.19
256, 4096, 2320, 299.64
256, 4096, 2400, 303.31
256, 4096, 2480, 301.58
256, 4096, 2560, 300.39
256, 4096, 2640, 301.67
256, 4096, 2720, 301.60
256, 4096, 2800, 299.36
256, 4096, 2880, 299.55
256, 4096, 2960, 318.12
256, 4096, 3040, 318.52
256, 4096, 3120, 319.35
256, 4096, 3200, 320.96
256, 4096, 3280, 318.95
256, 4096, 3360, 317.63
256, 4096, 3440, 317.71
256, 4096, 3520, 317.02
256, 4096, 3600, 290.29
256, 4096, 3680, 293.40
256, 4096, 3760, 293.54
256, 4096, 3840, 316.38
256, 4096, 3920, 316.93
256, 4096, 4000, 317.07
