bli_shgemm performance
MC = 384, KC = 4096, NC = 5120
m, n, k, GFLOPS
384, 5120, 4096, 320.84
384, 5120, 4096, 320.82
384, 5120, 4096, 320.90
384, 5120, 4096, 321.01
384, 5120, 4096, 320.82
384, 5120, 4096, 320.67
384, 5120, 4096, 320.85
384, 5120, 4096, 320.74
384, 5120, 4096, 320.68
384, 5120, 4096, 320.77
384, 5120, 4096, 321.03
384, 5120, 4096, 320.69
384, 5120, 4096, 320.85
384, 5120, 4096, 320.90
384, 5120, 4096, 320.81
384, 5120, 4096, 320.89
384, 5120, 4096, 320.91
384, 5120, 4096, 320.94
384, 5120, 4096, 320.87
384, 5120, 4096, 321.02
384, 5120, 4096, 320.90
384, 5120, 4096, 321.05
384, 5120, 4096, 321.13
384, 5120, 4096, 321.01
384, 5120, 4096, 321.05
384, 5120, 4096, 320.78
384, 5120, 4096, 320.92
384, 5120, 4096, 320.89
384, 5120, 4096, 321.08
384, 5120, 4096, 321.08
384, 5120, 4096, 320.80
384, 5120, 4096, 320.82
384, 5120, 4096, 321.07
384, 5120, 4096, 320.77
384, 5120, 4096, 320.89
384, 5120, 4096, 321.18
384, 5120, 4096, 320.92
384, 5120, 4096, 320.80
384, 5120, 4096, 320.80
384, 5120, 4096, 320.89
384, 5120, 4096, 320.67
384, 5120, 4096, 320.88
384, 5120, 4096, 321.11
384, 5120, 4096, 320.71
384, 5120, 4096, 320.87
384, 5120, 4096, 320.86
384, 5120, 4096, 321.08
384, 5120, 4096, 320.87
384, 5120, 4096, 320.80
384, 5120, 4096, 320.89
