bli_shgemm performance
MC = 512, KC = 768, NC = 5120
m, n, k, GFLOPS
512, 5120, 80, 176.42
512, 5120, 160, 238.73
512, 5120, 240, 276.17
512, 5120, 320, 298.60
512, 5120, 400, 313.42
512, 5120, 480, 321.89
512, 5120, 560, 328.88
512, 5120, 640, 332.76
512, 5120, 720, 334.52
512, 5120, 800, 303.85
512, 5120, 880, 306.80
512, 5120, 960, 311.01
512, 5120, 1040, 315.52
512, 5120, 1120, 319.87
512, 5120, 1200, 325.23
512, 5120, 1280, 327.80
512, 5120, 1360, 348.14
512, 5120, 1440, 348.36
512, 5120, 1520, 352.55
512, 5120, 1600, 336.49
512, 5120, 1680, 338.01
512, 5120, 1760, 340.86
512, 5120, 1840, 342.66
512, 5120, 1920, 344.84
512, 5120, 2000, 346.15
512, 5120, 2080, 346.95
512, 5120, 2160, 349.34
512, 5120, 2240, 350.19
512, 5120, 2320, 339.60
512, 5120, 2400, 343.81
512, 5120, 2480, 342.71
512, 5120, 2560, 343.57
512, 5120, 2640, 346.30
512, 5120, 2720, 348.60
512, 5120, 2800, 348.14
512, 5120, 2880, 350.17
512, 5120, 2960, 349.65
512, 5120, 3040, 351.93
512, 5120, 3120, 344.26
512, 5120, 3200, 344.34
512, 5120, 3280, 345.05
512, 5120, 3360, 346.68
512, 5120, 3440, 347.07
512, 5120, 3520, 348.27
512, 5120, 3600, 349.60
512, 5120, 3680, 350.39
512, 5120, 3760, 350.63
512, 5120, 3840, 352.76
512, 5120, 3920, 345.54
512, 5120, 4000, 346.06
