bli_shgemm performance
MC = 512, KC = 2560, NC = 1024
m, n, k, GFLOPS
512, 1024, 2560, 320.64
512, 1024, 2560, 322.56
512, 1024, 2560, 321.35
512, 1024, 2560, 321.99
512, 1024, 2560, 319.82
512, 1024, 2560, 321.78
512, 1024, 2560, 321.12
512, 1024, 2560, 322.04
512, 1024, 2560, 321.91
512, 1024, 2560, 322.09
512, 1024, 2560, 321.50
512, 1024, 2560, 323.08
512, 1024, 2560, 320.97
512, 1024, 2560, 322.32
512, 1024, 2560, 321.76
512, 1024, 2560, 321.81
512, 1024, 2560, 320.25
512, 1024, 2560, 320.72
512, 1024, 2560, 321.83
512, 1024, 2560, 324.75
512, 1024, 2560, 319.45
512, 1024, 2560, 321.24
512, 1024, 2560, 320.56
512, 1024, 2560, 320.73
512, 1024, 2560, 320.64
512, 1024, 2560, 321.75
512, 1024, 2560, 321.82
512, 1024, 2560, 322.21
512, 1024, 2560, 320.16
512, 1024, 2560, 323.46
512, 1024, 2560, 322.20
512, 1024, 2560, 321.34
512, 1024, 2560, 321.04
512, 1024, 2560, 322.55
512, 1024, 2560, 320.67
512, 1024, 2560, 358.83
512, 1024, 2560, 359.42
512, 1024, 2560, 358.72
512, 1024, 2560, 358.16
512, 1024, 2560, 358.05
512, 1024, 2560, 357.98
512, 1024, 2560, 357.89
512, 1024, 2560, 358.14
512, 1024, 2560, 358.51
512, 1024, 2560, 358.17
512, 1024, 2560, 357.89
512, 1024, 2560, 358.42
512, 1024, 2560, 358.60
512, 1024, 2560, 358.40
512, 1024, 2560, 358.79
