bli_shgemm performance
MC = 384, KC = 3072, NC = 3072
m, n, k, GFLOPS
384, 80, 80, 189.27
384, 160, 160, 258.50
384, 240, 240, 294.42
384, 320, 320, 315.06
384, 400, 400, 331.61
384, 480, 480, 340.63
384, 560, 560, 346.05
384, 640, 640, 346.65
384, 720, 720, 351.87
384, 800, 800, 351.32
384, 880, 880, 351.68
384, 960, 960, 357.13
384, 1040, 1040, 353.99
384, 1120, 1120, 359.76
384, 1200, 1200, 359.32
384, 1280, 1280, 347.96
384, 1360, 1360, 364.03
384, 1440, 1440, 367.36
384, 1520, 1520, 367.55
384, 1600, 1600, 370.27
384, 1680, 1680, 367.88
384, 1760, 1760, 371.12
384, 1840, 1840, 368.59
384, 1920, 1920, 364.03
384, 2000, 2000, 368.43
384, 2080, 2080, 368.25
384, 2160, 2160, 361.65
384, 2240, 2240, 368.11
384, 2320, 2320, 359.80
384, 2400, 2400, 367.80
384, 2480, 2480, 306.95
384, 2560, 2560, 351.34
384, 2640, 2640, 300.23
384, 2720, 2720, 373.36
384, 2800, 2800, 296.20
384, 2880, 2880, 369.99
384, 2960, 2960, 289.11
384, 3040, 3040, 371.91
384, 3120, 3120, 273.01
384, 3200, 3200, 353.72
384, 3280, 3280, 263.16
384, 3360, 3360, 365.07
384, 3440, 3440, 335.84
384, 3520, 3520, 366.43
384, 3600, 3600, 337.03
384, 3680, 3680, 364.13
384, 3760, 3760, 338.61
384, 3840, 3840, 359.70
384, 3920, 3920, 340.58
384, 4000, 4000, 366.33
