bli_shgemm performance
MC = 512, KC = 512, NC = 1024
m, n, k, GFLOPS
512, 1024, 512, 325.52
512, 1024, 512, 326.92
512, 1024, 512, 326.51
512, 1024, 512, 327.07
512, 1024, 512, 326.75
512, 1024, 512, 326.40
512, 1024, 512, 326.13
512, 1024, 512, 326.85
512, 1024, 512, 326.68
512, 1024, 512, 326.46
512, 1024, 512, 326.67
512, 1024, 512, 326.88
512, 1024, 512, 326.86
512, 1024, 512, 326.92
512, 1024, 512, 326.88
512, 1024, 512, 326.82
512, 1024, 512, 326.30
512, 1024, 512, 326.83
512, 1024, 512, 326.44
512, 1024, 512, 326.17
512, 1024, 512, 325.66
512, 1024, 512, 326.02
512, 1024, 512, 326.60
512, 1024, 512, 325.96
512, 1024, 512, 326.61
512, 1024, 512, 327.08
512, 1024, 512, 326.40
512, 1024, 512, 327.49
512, 1024, 512, 327.10
512, 1024, 512, 326.15
512, 1024, 512, 327.02
512, 1024, 512, 326.39
512, 1024, 512, 326.26
512, 1024, 512, 326.42
512, 1024, 512, 326.03
512, 1024, 512, 327.11
512, 1024, 512, 326.83
512, 1024, 512, 328.37
512, 1024, 512, 326.75
512, 1024, 512, 326.16
512, 1024, 512, 325.82
512, 1024, 512, 327.02
512, 1024, 512, 327.24
512, 1024, 512, 326.78
512, 1024, 512, 326.44
512, 1024, 512, 326.67
512, 1024, 512, 327.02
512, 1024, 512, 326.68
512, 1024, 512, 326.58
512, 1024, 512, 326.89
