bli_shgemm performance
MC = 256, KC = 2816, NC = 1024
m, n, k, GFLOPS
256, 1024, 80, 195.02
256, 1024, 160, 247.01
256, 1024, 240, 279.23
256, 1024, 320, 293.38
256, 1024, 400, 304.78
256, 1024, 480, 308.60
256, 1024, 560, 314.48
256, 1024, 640, 307.74
256, 1024, 720, 309.09
256, 1024, 800, 310.12
256, 1024, 880, 306.53
256, 1024, 960, 308.54
256, 1024, 1040, 305.81
256, 1024, 1120, 306.40
256, 1024, 1200, 304.69
256, 1024, 1280, 307.23
256, 1024, 1360, 306.57
256, 1024, 1440, 308.51
256, 1024, 1520, 307.70
256, 1024, 1600, 310.07
256, 1024, 1680, 309.09
256, 1024, 1760, 311.46
256, 1024, 1840, 310.31
256, 1024, 1920, 310.70
256, 1024, 2000, 311.26
256, 1024, 2080, 312.10
256, 1024, 2160, 312.65
256, 1024, 2240, 313.69
256, 1024, 2320, 313.04
256, 1024, 2400, 314.11
256, 1024, 2480, 313.27
256, 1024, 2560, 314.77
256, 1024, 2640, 314.72
256, 1024, 2720, 314.71
256, 1024, 2800, 314.11
256, 1024, 2880, 307.93
256, 1024, 2960, 321.33
256, 1024, 3040, 323.18
256, 1024, 3120, 321.77
256, 1024, 3200, 324.10
256, 1024, 3280, 323.22
256, 1024, 3360, 324.58
256, 1024, 3440, 322.87
256, 1024, 3520, 325.02
256, 1024, 3600, 324.57
256, 1024, 3680, 325.83
256, 1024, 3760, 324.00
256, 1024, 3840, 326.60
256, 1024, 3920, 326.39
256, 1024, 4000, 326.62
