bli_shgemm performance
MC = 512, KC = 4096, NC = 2048
m, n, k, GFLOPS
512, 80, 80, 194.41
512, 160, 160, 263.23
512, 240, 240, 299.41
512, 320, 320, 322.01
512, 400, 400, 336.84
512, 480, 480, 344.85
512, 560, 560, 348.96
512, 640, 640, 348.66
512, 720, 720, 352.62
512, 800, 800, 354.25
512, 880, 880, 355.19
512, 960, 960, 361.08
512, 1040, 1040, 364.78
512, 1120, 1120, 364.42
512, 1200, 1200, 365.85
512, 1280, 1280, 365.17
512, 1360, 1360, 375.52
512, 1440, 1440, 376.82
512, 1520, 1520, 377.24
512, 1600, 1600, 380.53
512, 1680, 1680, 383.99
512, 1760, 1760, 383.42
512, 1840, 1840, 386.21
512, 1920, 1920, 380.52
512, 2000, 2000, 388.54
512, 2080, 2080, 379.15
512, 2160, 2160, 329.87
512, 2240, 2240, 378.12
512, 2320, 2320, 324.85
512, 2400, 2400, 377.32
512, 2480, 2480, 321.43
512, 2560, 2560, 360.98
512, 2640, 2640, 319.93
512, 2720, 2720, 382.97
512, 2800, 2800, 312.60
512, 2880, 2880, 375.85
512, 2960, 2960, 308.08
512, 3040, 3040, 377.51
512, 3120, 3120, 300.68
512, 3200, 3200, 371.56
512, 3280, 3280, 349.29
512, 3360, 3360, 379.80
512, 3440, 3440, 351.43
512, 3520, 3520, 379.95
512, 3600, 3600, 349.14
512, 3680, 3680, 376.47
512, 3760, 3760, 344.05
512, 3840, 3840, 367.82
512, 3920, 3920, 339.08
512, 4000, 4000, 360.95
