bli_shgemm performance
MC = 384, KC = 1024, NC = 2048
m, n, k, GFLOPS
384, 2048, 1024, 332.94
384, 2048, 1024, 333.29
384, 2048, 1024, 333.38
384, 2048, 1024, 332.47
384, 2048, 1024, 332.82
384, 2048, 1024, 333.34
384, 2048, 1024, 332.86
384, 2048, 1024, 333.35
384, 2048, 1024, 333.42
384, 2048, 1024, 332.79
384, 2048, 1024, 332.71
384, 2048, 1024, 332.48
384, 2048, 1024, 333.16
384, 2048, 1024, 333.20
384, 2048, 1024, 333.01
384, 2048, 1024, 332.76
384, 2048, 1024, 332.66
384, 2048, 1024, 332.93
384, 2048, 1024, 333.24
384, 2048, 1024, 333.16
384, 2048, 1024, 332.96
384, 2048, 1024, 332.71
384, 2048, 1024, 333.20
384, 2048, 1024, 332.90
384, 2048, 1024, 333.30
384, 2048, 1024, 333.20
384, 2048, 1024, 332.83
384, 2048, 1024, 333.02
384, 2048, 1024, 333.42
384, 2048, 1024, 332.75
384, 2048, 1024, 333.67
384, 2048, 1024, 332.72
384, 2048, 1024, 332.87
384, 2048, 1024, 332.76
384, 2048, 1024, 333.05
384, 2048, 1024, 333.28
384, 2048, 1024, 333.61
384, 2048, 1024, 333.20
384, 2048, 1024, 333.84
384, 2048, 1024, 333.46
384, 2048, 1024, 333.55
384, 2048, 1024, 333.52
384, 2048, 1024, 333.29
384, 2048, 1024, 333.20
384, 2048, 1024, 332.99
384, 2048, 1024, 332.94
384, 2048, 1024, 333.06
384, 2048, 1024, 333.07
384, 2048, 1024, 332.51
384, 2048, 1024, 332.54
