bli_shgemm performance
MC = 256, KC = 2048, NC = 4096
m, n, k, GFLOPS
256, 80, 80, 183.57
256, 160, 160, 248.33
256, 240, 240, 282.23
256, 320, 320, 298.01
256, 400, 400, 311.59
256, 480, 480, 320.22
256, 560, 560, 326.45
256, 640, 640, 330.20
256, 720, 720, 338.40
256, 800, 800, 342.60
256, 880, 880, 338.86
256, 960, 960, 339.15
256, 1040, 1040, 339.06
256, 1120, 1120, 342.40
256, 1200, 1200, 341.51
256, 1280, 1280, 324.26
256, 1360, 1360, 343.29
256, 1440, 1440, 346.24
256, 1520, 1520, 346.18
256, 1600, 1600, 348.27
256, 1680, 1680, 346.44
256, 1760, 1760, 348.78
256, 1840, 1840, 347.26
256, 1920, 1920, 339.32
256, 2000, 2000, 345.53
256, 2080, 2080, 342.61
256, 2160, 2160, 326.25
256, 2240, 2240, 339.62
256, 2320, 2320, 327.73
256, 2400, 2400, 338.82
256, 2480, 2480, 266.19
256, 2560, 2560, 316.90
256, 2640, 2640, 258.02
256, 2720, 2720, 344.61
256, 2800, 2800, 256.40
256, 2880, 2880, 351.68
256, 2960, 2960, 251.70
256, 3040, 3040, 339.88
256, 3120, 3120, 244.51
256, 3200, 3200, 333.77
256, 3280, 3280, 236.57
256, 3360, 3360, 346.49
256, 3440, 3440, 230.42
256, 3520, 3520, 341.50
256, 3600, 3600, 229.68
256, 3680, 3680, 346.16
256, 3760, 3760, 220.04
256, 3840, 3840, 327.78
256, 3920, 3920, 216.23
256, 4000, 4000, 344.64
