bli_shgemm performance
MC = 256, KC = 4096, NC = 2048
m, n, k, GFLOPS
256, 80, 80, 183.00
256, 160, 160, 248.29
256, 240, 240, 281.56
256, 320, 320, 301.90
256, 400, 400, 313.22
256, 480, 480, 320.88
256, 560, 560, 325.33
256, 640, 640, 330.33
256, 720, 720, 334.99
256, 800, 800, 314.49
256, 880, 880, 301.86
256, 960, 960, 301.12
256, 1040, 1040, 310.89
256, 1120, 1120, 303.00
256, 1200, 1200, 302.61
256, 1280, 1280, 301.94
256, 1360, 1360, 310.00
256, 1440, 1440, 315.42
256, 1520, 1520, 316.91
256, 1600, 1600, 312.71
256, 1680, 1680, 318.14
256, 1760, 1760, 317.43
256, 1840, 1840, 322.28
256, 1920, 1920, 314.55
256, 2000, 2000, 325.37
256, 2080, 2080, 321.25
256, 2160, 2160, 259.80
256, 2240, 2240, 343.17
256, 2320, 2320, 266.32
256, 2400, 2400, 345.59
256, 2480, 2480, 266.04
256, 2560, 2560, 321.47
256, 2640, 2640, 262.71
256, 2720, 2720, 346.01
256, 2800, 2800, 259.25
256, 2880, 2880, 344.19
256, 2960, 2960, 251.72
256, 3040, 3040, 347.05
256, 3120, 3120, 298.68
256, 3200, 3200, 346.88
256, 3280, 3280, 296.51
256, 3360, 3360, 352.87
256, 3440, 3440, 300.21
256, 3520, 3520, 350.16
256, 3600, 3600, 302.12
256, 3680, 3680, 351.52
256, 3760, 3760, 301.52
256, 3840, 3840, 346.66
256, 3920, 3920, 300.70
256, 4000, 4000, 351.91
