bli_shgemm performance
MC = 512, KC = 1536, NC = 3072
m, n, k, GFLOPS
512, 80, 80, 193.82
512, 160, 160, 263.24
512, 240, 240, 301.66
512, 320, 320, 323.98
512, 400, 400, 334.99
512, 480, 480, 344.72
512, 560, 560, 351.14
512, 640, 640, 349.58
512, 720, 720, 352.33
512, 800, 800, 358.31
512, 880, 880, 356.55
512, 960, 960, 361.27
512, 1040, 1040, 361.59
512, 1120, 1120, 359.69
512, 1200, 1200, 368.18
512, 1280, 1280, 356.45
512, 1360, 1360, 367.56
512, 1440, 1440, 365.71
512, 1520, 1520, 374.67
512, 1600, 1600, 359.12
512, 1680, 1680, 366.30
512, 1760, 1760, 363.51
512, 1840, 1840, 363.58
512, 1920, 1920, 357.95
512, 2000, 2000, 367.83
512, 2080, 2080, 358.47
512, 2160, 2160, 299.20
512, 2240, 2240, 357.31
512, 2320, 2320, 296.02
512, 2400, 2400, 358.17
512, 2480, 2480, 317.83
512, 2560, 2560, 350.61
512, 2640, 2640, 326.60
512, 2720, 2720, 365.48
512, 2800, 2800, 318.78
512, 2880, 2880, 374.03
512, 2960, 2960, 319.33
512, 3040, 3040, 376.49
512, 3120, 3120, 339.28
512, 3200, 3200, 361.72
512, 3280, 3280, 338.03
512, 3360, 3360, 363.93
512, 3440, 3440, 343.26
512, 3520, 3520, 367.28
512, 3600, 3600, 343.98
512, 3680, 3680, 367.07
512, 3760, 3760, 347.65
512, 3840, 3840, 362.10
512, 3920, 3920, 340.95
512, 4000, 4000, 368.73
