bli_shgemm performance
MC = 256, KC = 768, NC = 3072
m, n, k, GFLOPS
256, 3072, 80, 195.83
256, 3072, 160, 237.82
256, 3072, 240, 262.27
256, 3072, 320, 279.70
256, 3072, 400, 274.30
256, 3072, 480, 281.78
256, 3072, 560, 287.58
256, 3072, 640, 299.94
256, 3072, 720, 305.94
256, 3072, 800, 277.24
256, 3072, 880, 292.17
256, 3072, 960, 298.04
256, 3072, 1040, 297.94
256, 3072, 1120, 303.04
256, 3072, 1200, 304.35
256, 3072, 1280, 307.61
256, 3072, 1360, 306.83
256, 3072, 1440, 309.68
256, 3072, 1520, 312.95
256, 3072, 1600, 301.91
256, 3072, 1680, 301.71
256, 3072, 1760, 305.10
256, 3072, 1840, 305.43
256, 3072, 1920, 307.84
256, 3072, 2000, 308.66
256, 3072, 2080, 310.20
256, 3072, 2160, 309.97
256, 3072, 2240, 312.02
256, 3072, 2320, 303.71
256, 3072, 2400, 305.91
256, 3072, 2480, 304.70
256, 3072, 2560, 307.52
256, 3072, 2640, 307.58
256, 3072, 2720, 309.78
256, 3072, 2800, 308.61
256, 3072, 2880, 311.20
256, 3072, 2960, 310.50
256, 3072, 3040, 312.53
256, 3072, 3120, 306.04
256, 3072, 3200, 307.40
256, 3072, 3280, 307.38
256, 3072, 3360, 309.61
256, 3072, 3440, 309.05
256, 3072, 3520, 310.55
256, 3072, 3600, 310.56
256, 3072, 3680, 311.81
256, 3072, 3760, 310.96
256, 3072, 3840, 313.97
256, 3072, 3920, 308.13
256, 3072, 4000, 308.71
