bli_shgemm performance
MC = 384, KC = 1280, NC = 4096
m, n, k, GFLOPS
384, 80, 80, 190.74
384, 160, 160, 258.62
384, 240, 240, 293.35
384, 320, 320, 315.05
384, 400, 400, 328.02
384, 480, 480, 336.67
384, 560, 560, 342.55
384, 640, 640, 339.36
384, 720, 720, 347.16
384, 800, 800, 352.80
384, 880, 880, 347.79
384, 960, 960, 351.75
384, 1040, 1040, 348.07
384, 1120, 1120, 355.81
384, 1200, 1200, 355.55
384, 1280, 1280, 350.07
384, 1360, 1360, 350.15
384, 1440, 1440, 352.43
384, 1520, 1520, 351.41
384, 1600, 1600, 354.12
384, 1680, 1680, 355.14
384, 1760, 1760, 356.55
384, 1840, 1840, 358.62
384, 1920, 1920, 348.73
384, 2000, 2000, 360.85
384, 2080, 2080, 360.83
384, 2160, 2160, 301.08
384, 2240, 2240, 357.19
384, 2320, 2320, 292.23
384, 2400, 2400, 358.42
384, 2480, 2480, 291.08
384, 2560, 2560, 340.46
384, 2640, 2640, 284.01
384, 2720, 2720, 353.86
384, 2800, 2800, 281.82
384, 2880, 2880, 352.56
384, 2960, 2960, 274.08
384, 3040, 3040, 356.62
384, 3120, 3120, 267.91
384, 3200, 3200, 345.61
384, 3280, 3280, 263.23
384, 3360, 3360, 357.50
384, 3440, 3440, 258.68
384, 3520, 3520, 353.01
384, 3600, 3600, 252.60
384, 3680, 3680, 358.02
384, 3760, 3760, 247.47
384, 3840, 3840, 342.22
384, 3920, 3920, 239.11
384, 4000, 4000, 352.29
