bli_shgemm performance
MC = 512, KC = 1536, NC = 1024
m, n, k, GFLOPS
512, 1024, 1536, 351.66
512, 1024, 1536, 352.01
512, 1024, 1536, 351.80
512, 1024, 1536, 351.73
512, 1024, 1536, 351.00
512, 1024, 1536, 351.50
512, 1024, 1536, 351.30
512, 1024, 1536, 351.28
512, 1024, 1536, 351.58
512, 1024, 1536, 352.60
512, 1024, 1536, 352.17
512, 1024, 1536, 351.57
512, 1024, 1536, 351.40
512, 1024, 1536, 351.08
512, 1024, 1536, 350.81
512, 1024, 1536, 352.21
512, 1024, 1536, 351.30
512, 1024, 1536, 352.12
512, 1024, 1536, 351.44
512, 1024, 1536, 352.19
512, 1024, 1536, 352.25
512, 1024, 1536, 351.85
512, 1024, 1536, 351.28
512, 1024, 1536, 351.38
512, 1024, 1536, 352.04
512, 1024, 1536, 351.74
512, 1024, 1536, 352.21
512, 1024, 1536, 351.52
512, 1024, 1536, 352.05
512, 1024, 1536, 352.10
512, 1024, 1536, 352.07
512, 1024, 1536, 352.14
512, 1024, 1536, 351.64
512, 1024, 1536, 351.53
512, 1024, 1536, 351.66
512, 1024, 1536, 352.42
512, 1024, 1536, 353.30
512, 1024, 1536, 351.34
512, 1024, 1536, 352.05
512, 1024, 1536, 352.29
512, 1024, 1536, 351.68
512, 1024, 1536, 352.47
512, 1024, 1536, 351.77
512, 1024, 1536, 351.81
512, 1024, 1536, 351.69
512, 1024, 1536, 351.69
512, 1024, 1536, 352.73
512, 1024, 1536, 351.50
512, 1024, 1536, 351.70
512, 1024, 1536, 351.46
