bli_shgemm performance
MC = 384, KC = 2560, NC = 3072
m, n, k, GFLOPS
384, 80, 80, 190.77
384, 160, 160, 258.27
384, 240, 240, 294.08
384, 320, 320, 312.97
384, 400, 400, 329.72
384, 480, 480, 337.60
384, 560, 560, 342.67
384, 640, 640, 345.59
384, 720, 720, 352.11
384, 800, 800, 353.23
384, 880, 880, 350.24
384, 960, 960, 352.45
384, 1040, 1040, 351.84
384, 1120, 1120, 359.13
384, 1200, 1200, 361.77
384, 1280, 1280, 347.29
384, 1360, 1360, 366.86
384, 1440, 1440, 368.85
384, 1520, 1520, 368.62
384, 1600, 1600, 370.13
384, 1680, 1680, 369.19
384, 1760, 1760, 371.49
384, 1840, 1840, 369.96
384, 1920, 1920, 361.91
384, 2000, 2000, 370.02
384, 2080, 2080, 367.88
384, 2160, 2160, 312.12
384, 2240, 2240, 370.26
384, 2320, 2320, 309.69
384, 2400, 2400, 372.58
384, 2480, 2480, 307.54
384, 2560, 2560, 351.00
384, 2640, 2640, 289.33
384, 2720, 2720, 365.77
384, 2800, 2800, 285.35
384, 2880, 2880, 361.90
384, 2960, 2960, 279.95
384, 3040, 3040, 363.02
384, 3120, 3120, 268.36
384, 3200, 3200, 355.77
384, 3280, 3280, 262.21
384, 3360, 3360, 365.63
384, 3440, 3440, 259.54
384, 3520, 3520, 362.85
384, 3600, 3600, 252.54
384, 3680, 3680, 367.36
384, 3760, 3760, 251.20
384, 3840, 3840, 353.20
384, 3920, 3920, 245.59
384, 4000, 4000, 361.06
