bli_shgemm performance
MC = 640, KC = 3584, NC = 3072
m, n, k, GFLOPS
640, 3072, 3584, 314.11
640, 3072, 3584, 313.43
640, 3072, 3584, 313.79
640, 3072, 3584, 313.82
640, 3072, 3584, 313.76
640, 3072, 3584, 313.63
640, 3072, 3584, 313.54
640, 3072, 3584, 313.45
640, 3072, 3584, 313.84
640, 3072, 3584, 313.54
640, 3072, 3584, 313.60
640, 3072, 3584, 313.81
640, 3072, 3584, 313.53
640, 3072, 3584, 313.98
640, 3072, 3584, 313.72
640, 3072, 3584, 313.68
640, 3072, 3584, 313.38
640, 3072, 3584, 313.38
640, 3072, 3584, 313.90
640, 3072, 3584, 313.55
640, 3072, 3584, 313.67
640, 3072, 3584, 313.36
640, 3072, 3584, 313.92
640, 3072, 3584, 313.49
640, 3072, 3584, 313.81
640, 3072, 3584, 313.33
640, 3072, 3584, 313.81
640, 3072, 3584, 313.92
640, 3072, 3584, 313.87
640, 3072, 3584, 313.53
640, 3072, 3584, 313.94
640, 3072, 3584, 313.56
640, 3072, 3584, 314.35
640, 3072, 3584, 313.69
640, 3072, 3584, 313.48
640, 3072, 3584, 314.09
640, 3072, 3584, 314.14
640, 3072, 3584, 313.42
640, 3072, 3584, 314.11
640, 3072, 3584, 313.15
640, 3072, 3584, 313.61
640, 3072, 3584, 314.30
640, 3072, 3584, 313.99
640, 3072, 3584, 313.47
640, 3072, 3584, 313.72
640, 3072, 3584, 313.59
640, 3072, 3584, 313.80
640, 3072, 3584, 313.87
640, 3072, 3584, 313.14
640, 3072, 3584, 313.95
