bli_shgemm performance
MC = 256, KC = 2048, NC = 5120
m, n, k, GFLOPS
256, 80, 80, 182.96
256, 160, 160, 247.89
256, 240, 240, 280.61
256, 320, 320, 300.24
256, 400, 400, 312.78
256, 480, 480, 321.04
256, 560, 560, 327.85
256, 640, 640, 330.80
256, 720, 720, 338.24
256, 800, 800, 343.85
256, 880, 880, 339.07
256, 960, 960, 339.07
256, 1040, 1040, 338.52
256, 1120, 1120, 340.75
256, 1200, 1200, 339.12
256, 1280, 1280, 324.54
256, 1360, 1360, 340.01
256, 1440, 1440, 344.10
256, 1520, 1520, 344.18
256, 1600, 1600, 348.44
256, 1680, 1680, 346.55
256, 1760, 1760, 348.97
256, 1840, 1840, 347.17
256, 1920, 1920, 339.40
256, 2000, 2000, 347.05
256, 2080, 2080, 342.62
256, 2160, 2160, 325.50
256, 2240, 2240, 342.59
256, 2320, 2320, 327.20
256, 2400, 2400, 342.01
256, 2480, 2480, 326.93
256, 2560, 2560, 318.94
256, 2640, 2640, 322.58
256, 2720, 2720, 322.85
256, 2800, 2800, 257.39
256, 2880, 2880, 340.32
256, 2960, 2960, 249.39
256, 3040, 3040, 344.12
256, 3120, 3120, 241.73
256, 3200, 3200, 333.24
256, 3280, 3280, 240.42
256, 3360, 3360, 339.50
256, 3440, 3440, 233.59
256, 3520, 3520, 339.90
256, 3600, 3600, 228.07
256, 3680, 3680, 346.50
256, 3760, 3760, 218.77
256, 3840, 3840, 327.69
256, 3920, 3920, 214.41
256, 4000, 4000, 343.48
