bli_shgemm performance
MC = 384, KC = 3072, NC = 5120
m, n, k, GFLOPS
384, 5120, 3072, 335.98
384, 5120, 3072, 335.21
384, 5120, 3072, 335.85
384, 5120, 3072, 335.91
384, 5120, 3072, 335.70
384, 5120, 3072, 335.28
384, 5120, 3072, 335.92
384, 5120, 3072, 335.51
384, 5120, 3072, 335.80
384, 5120, 3072, 335.37
384, 5120, 3072, 335.78
384, 5120, 3072, 335.91
384, 5120, 3072, 336.19
384, 5120, 3072, 335.94
384, 5120, 3072, 335.76
384, 5120, 3072, 335.75
384, 5120, 3072, 335.31
384, 5120, 3072, 336.58
384, 5120, 3072, 336.18
384, 5120, 3072, 335.72
384, 5120, 3072, 335.88
384, 5120, 3072, 335.61
384, 5120, 3072, 335.43
384, 5120, 3072, 335.42
384, 5120, 3072, 336.00
384, 5120, 3072, 335.83
384, 5120, 3072, 335.46
384, 5120, 3072, 335.59
384, 5120, 3072, 336.05
384, 5120, 3072, 335.84
384, 5120, 3072, 335.48
384, 5120, 3072, 335.32
384, 5120, 3072, 336.04
384, 5120, 3072, 335.44
384, 5120, 3072, 335.49
384, 5120, 3072, 335.24
384, 5120, 3072, 335.41
384, 5120, 3072, 335.91
384, 5120, 3072, 335.32
384, 5120, 3072, 336.63
384, 5120, 3072, 335.85
384, 5120, 3072, 335.41
384, 5120, 3072, 335.73
384, 5120, 3072, 335.76
384, 5120, 3072, 335.68
384, 5120, 3072, 335.55
384, 5120, 3072, 335.40
384, 5120, 3072, 335.98
384, 5120, 3072, 335.47
384, 5120, 3072, 335.48
