bli_shgemm performance
MC = 256, KC = 3584, NC = 5120
m, n, k, GFLOPS
256, 80, 80, 183.23
256, 160, 160, 248.38
256, 240, 240, 280.49
256, 320, 320, 298.96
256, 400, 400, 312.91
256, 480, 480, 321.08
256, 560, 560, 326.68
256, 640, 640, 330.35
256, 720, 720, 337.52
256, 800, 800, 338.35
256, 880, 880, 335.40
256, 960, 960, 338.35
256, 1040, 1040, 339.10
256, 1120, 1120, 342.86
256, 1200, 1200, 342.21
256, 1280, 1280, 326.16
256, 1360, 1360, 344.69
256, 1440, 1440, 345.87
256, 1520, 1520, 342.48
256, 1600, 1600, 346.67
256, 1680, 1680, 343.64
256, 1760, 1760, 351.73
256, 1840, 1840, 348.98
256, 1920, 1920, 338.39
256, 2000, 2000, 346.39
256, 2080, 2080, 350.37
256, 2160, 2160, 260.27
256, 2240, 2240, 346.66
256, 2320, 2320, 256.86
256, 2400, 2400, 346.81
256, 2480, 2480, 299.67
256, 2560, 2560, 294.56
256, 2640, 2640, 299.78
256, 2720, 2720, 311.43
256, 2800, 2800, 296.69
256, 2880, 2880, 313.12
256, 2960, 2960, 292.57
256, 3040, 3040, 309.58
256, 3120, 3120, 291.37
256, 3200, 3200, 306.97
256, 3280, 3280, 289.50
256, 3360, 3360, 308.27
256, 3440, 3440, 282.87
256, 3520, 3520, 312.10
256, 3600, 3600, 276.10
256, 3680, 3680, 302.52
256, 3760, 3760, 276.03
256, 3840, 3840, 293.75
256, 3920, 3920, 275.22
256, 4000, 4000, 304.12
