bli_shgemm performance
MC = 640, KC = 512, NC = 4096
m, n, k, GFLOPS
640, 80, 80, 195.88
640, 160, 160, 266.34
640, 240, 240, 305.37
640, 320, 320, 328.40
640, 400, 400, 345.23
640, 480, 480, 350.21
640, 560, 560, 333.75
640, 640, 640, 332.22
640, 720, 720, 338.29
640, 800, 800, 341.66
640, 880, 880, 338.44
640, 960, 960, 354.05
640, 1040, 1040, 330.59
640, 1120, 1120, 343.84
640, 1200, 1200, 345.83
640, 1280, 1280, 338.68
640, 1360, 1360, 347.91
640, 1440, 1440, 357.41
640, 1520, 1520, 356.70
640, 1600, 1600, 351.20
640, 1680, 1680, 353.88
640, 1760, 1760, 359.47
640, 1840, 1840, 355.91
640, 1920, 1920, 353.05
640, 2000, 2000, 359.14
640, 2080, 2080, 349.41
640, 2160, 2160, 323.61
640, 2240, 2240, 354.05
640, 2320, 2320, 328.51
640, 2400, 2400, 357.56
640, 2480, 2480, 331.14
640, 2560, 2560, 332.86
640, 2640, 2640, 323.87
640, 2720, 2720, 352.49
640, 2800, 2800, 323.84
640, 2880, 2880, 353.68
640, 2960, 2960, 326.11
640, 3040, 3040, 356.47
640, 3120, 3120, 320.21
640, 3200, 3200, 340.25
640, 3280, 3280, 319.59
640, 3360, 3360, 354.04
640, 3440, 3440, 322.23
640, 3520, 3520, 355.34
640, 3600, 3600, 314.37
640, 3680, 3680, 352.47
640, 3760, 3760, 314.73
640, 3840, 3840, 336.48
640, 3920, 3920, 319.17
640, 4000, 4000, 354.30
