bli_shgemm performance
MC = 512, KC = 2560, NC = 3072
m, n, k, GFLOPS
512, 3072, 2560, 376.53
512, 3072, 2560, 376.20
512, 3072, 2560, 375.04
512, 3072, 2560, 375.31
512, 3072, 2560, 375.38
512, 3072, 2560, 375.70
512, 3072, 2560, 375.98
512, 3072, 2560, 375.84
512, 3072, 2560, 375.88
512, 3072, 2560, 376.51
512, 3072, 2560, 375.67
512, 3072, 2560, 375.69
512, 3072, 2560, 376.32
512, 3072, 2560, 375.93
512, 3072, 2560, 375.64
512, 3072, 2560, 375.15
512, 3072, 2560, 376.47
512, 3072, 2560, 376.13
512, 3072, 2560, 375.78
512, 3072, 2560, 376.20
512, 3072, 2560, 375.47
512, 3072, 2560, 375.91
512, 3072, 2560, 375.92
512, 3072, 2560, 376.25
512, 3072, 2560, 376.02
512, 3072, 2560, 375.45
512, 3072, 2560, 375.98
512, 3072, 2560, 376.81
512, 3072, 2560, 376.03
512, 3072, 2560, 376.43
512, 3072, 2560, 375.56
512, 3072, 2560, 376.08
512, 3072, 2560, 375.48
512, 3072, 2560, 375.88
512, 3072, 2560, 376.48
512, 3072, 2560, 376.26
512, 3072, 2560, 375.34
512, 3072, 2560, 376.20
512, 3072, 2560, 376.10
512, 3072, 2560, 376.15
512, 3072, 2560, 375.48
512, 3072, 2560, 375.37
512, 3072, 2560, 376.23
512, 3072, 2560, 375.81
512, 3072, 2560, 376.73
512, 3072, 2560, 376.09
512, 3072, 2560, 376.58
512, 3072, 2560, 376.57
512, 3072, 2560, 375.87
512, 3072, 2560, 375.92
