bli_shgemm performance
MC = 384, KC = 512, NC = 2048
m, n, k, GFLOPS
384, 80, 80, 189.75
384, 160, 160, 258.20
384, 240, 240, 293.44
384, 320, 320, 315.76
384, 400, 400, 331.94
384, 480, 480, 340.76
384, 560, 560, 321.66
384, 640, 640, 325.12
384, 720, 720, 333.02
384, 800, 800, 336.79
384, 880, 880, 336.84
384, 960, 960, 343.13
384, 1040, 1040, 323.82
384, 1120, 1120, 333.16
384, 1200, 1200, 332.53
384, 1280, 1280, 325.21
384, 1360, 1360, 334.32
384, 1440, 1440, 344.45
384, 1520, 1520, 341.23
384, 1600, 1600, 339.59
384, 1680, 1680, 336.63
384, 1760, 1760, 340.96
384, 1840, 1840, 336.16
384, 1920, 1920, 333.64
384, 2000, 2000, 339.97
384, 2080, 2080, 328.52
384, 2160, 2160, 305.65
384, 2240, 2240, 332.21
384, 2320, 2320, 312.65
384, 2400, 2400, 335.39
384, 2480, 2480, 316.91
384, 2560, 2560, 314.76
384, 2640, 2640, 309.98
384, 2720, 2720, 332.33
384, 2800, 2800, 309.86
384, 2880, 2880, 334.48
384, 2960, 2960, 309.21
384, 3040, 3040, 334.99
384, 3120, 3120, 303.04
384, 3200, 3200, 322.60
384, 3280, 3280, 301.91
384, 3360, 3360, 332.44
384, 3440, 3440, 301.21
384, 3520, 3520, 333.97
384, 3600, 3600, 295.36
384, 3680, 3680, 329.50
384, 3760, 3760, 293.14
384, 3840, 3840, 315.10
384, 3920, 3920, 295.26
384, 4000, 4000, 330.91
