bli_shgemm performance
MC = 512, KC = 3072, NC = 1024
m, n, k, GFLOPS
512, 80, 80, 194.34
512, 160, 160, 262.98
512, 240, 240, 300.21
512, 320, 320, 321.00
512, 400, 400, 337.12
512, 480, 480, 345.31
512, 560, 560, 350.74
512, 640, 640, 350.60
512, 720, 720, 353.41
512, 800, 800, 355.75
512, 880, 880, 352.48
512, 960, 960, 358.80
512, 1040, 1040, 349.07
512, 1120, 1120, 349.63
512, 1200, 1200, 355.49
512, 1280, 1280, 350.09
512, 1360, 1360, 363.90
512, 1440, 1440, 363.59
512, 1520, 1520, 368.76
512, 1600, 1600, 366.31
512, 1680, 1680, 372.72
512, 1760, 1760, 370.29
512, 1840, 1840, 375.50
512, 1920, 1920, 369.93
512, 2000, 2000, 378.76
512, 2080, 2080, 370.78
512, 2160, 2160, 312.17
512, 2240, 2240, 372.06
512, 2320, 2320, 310.90
512, 2400, 2400, 375.52
512, 2480, 2480, 311.91
512, 2560, 2560, 360.31
512, 2640, 2640, 303.41
512, 2720, 2720, 378.84
512, 2800, 2800, 297.67
512, 2880, 2880, 375.89
512, 2960, 2960, 295.02
512, 3040, 3040, 378.24
512, 3120, 3120, 286.84
512, 3200, 3200, 353.29
512, 3280, 3280, 286.28
512, 3360, 3360, 362.25
512, 3440, 3440, 289.35
512, 3520, 3520, 361.86
512, 3600, 3600, 293.11
512, 3680, 3680, 363.21
512, 3760, 3760, 294.22
512, 3840, 3840, 356.65
512, 3920, 3920, 297.03
512, 4000, 4000, 367.14
