bli_shgemm performance
MC = 384, KC = 768, NC = 5120
m, n, k, GFLOPS
384, 80, 80, 190.14
384, 160, 160, 258.18
384, 240, 240, 294.24
384, 320, 320, 314.70
384, 400, 400, 325.85
384, 480, 480, 336.99
384, 560, 560, 343.34
384, 640, 640, 349.90
384, 720, 720, 354.46
384, 800, 800, 332.95
384, 880, 880, 329.53
384, 960, 960, 343.83
384, 1040, 1040, 335.88
384, 1120, 1120, 343.52
384, 1200, 1200, 339.40
384, 1280, 1280, 335.35
384, 1360, 1360, 338.42
384, 1440, 1440, 345.15
384, 1520, 1520, 345.62
384, 1600, 1600, 343.86
384, 1680, 1680, 342.67
384, 1760, 1760, 349.91
384, 1840, 1840, 348.44
384, 1920, 1920, 343.04
384, 2000, 2000, 355.30
384, 2080, 2080, 352.19
384, 2160, 2160, 333.79
384, 2240, 2240, 352.68
384, 2320, 2320, 326.19
384, 2400, 2400, 349.28
384, 2480, 2480, 327.38
384, 2560, 2560, 329.66
384, 2640, 2640, 325.73
384, 2720, 2720, 350.20
384, 2800, 2800, 326.01
384, 2880, 2880, 351.15
384, 2960, 2960, 323.55
384, 3040, 3040, 352.68
384, 3120, 3120, 317.44
384, 3200, 3200, 339.01
384, 3280, 3280, 316.30
384, 3360, 3360, 346.21
384, 3440, 3440, 314.56
384, 3520, 3520, 349.13
384, 3600, 3600, 313.89
384, 3680, 3680, 347.49
384, 3760, 3760, 313.27
384, 3840, 3840, 337.99
384, 3920, 3920, 306.16
384, 4000, 4000, 343.63
