bli_shgemm performance
MC = 384, KC = 3584, NC = 4096
m, n, k, GFLOPS
384, 4096, 80, 173.37
384, 4096, 160, 239.12
384, 4096, 240, 269.90
384, 4096, 320, 288.79
384, 4096, 400, 295.59
384, 4096, 480, 303.64
384, 4096, 560, 309.93
384, 4096, 640, 313.75
384, 4096, 720, 315.88
384, 4096, 800, 322.03
384, 4096, 880, 322.98
384, 4096, 960, 326.26
384, 4096, 1040, 327.24
384, 4096, 1120, 327.87
384, 4096, 1200, 329.22
384, 4096, 1280, 329.24
384, 4096, 1360, 329.51
384, 4096, 1440, 329.96
384, 4096, 1520, 332.30
384, 4096, 1600, 331.98
384, 4096, 1680, 330.95
384, 4096, 1760, 331.51
384, 4096, 1840, 331.76
384, 4096, 1920, 332.13
384, 4096, 2000, 332.57
384, 4096, 2080, 332.57
384, 4096, 2160, 331.71
384, 4096, 2240, 333.30
384, 4096, 2320, 331.77
384, 4096, 2400, 332.45
384, 4096, 2480, 343.24
384, 4096, 2560, 344.61
384, 4096, 2640, 343.65
384, 4096, 2720, 344.35
384, 4096, 2800, 343.30
384, 4096, 2880, 342.23
384, 4096, 2960, 342.92
384, 4096, 3040, 342.21
384, 4096, 3120, 342.01
384, 4096, 3200, 342.34
384, 4096, 3280, 341.71
384, 4096, 3360, 341.80
384, 4096, 3440, 341.26
384, 4096, 3520, 341.25
384, 4096, 3600, 319.65
384, 4096, 3680, 322.64
384, 4096, 3760, 322.63
384, 4096, 3840, 323.23
384, 4096, 3920, 323.48
384, 4096, 4000, 345.37
