bli_shgemm performance
MC = 384, KC = 256, NC = 3072
m, n, k, GFLOPS
384, 3072, 256, 282.39
384, 3072, 256, 283.16
384, 3072, 256, 283.22
384, 3072, 256, 283.33
384, 3072, 256, 283.73
384, 3072, 256, 283.33
384, 3072, 256, 283.49
384, 3072, 256, 283.11
384, 3072, 256, 283.08
384, 3072, 256, 283.44
384, 3072, 256, 283.72
384, 3072, 256, 282.99
384, 3072, 256, 283.46
384, 3072, 256, 283.69
384, 3072, 256, 283.59
384, 3072, 256, 283.34
384, 3072, 256, 283.50
384, 3072, 256, 284.02
384, 3072, 256, 283.14
384, 3072, 256, 282.90
384, 3072, 256, 283.21
384, 3072, 256, 283.43
384, 3072, 256, 282.63
384, 3072, 256, 282.75
384, 3072, 256, 283.67
384, 3072, 256, 283.24
384, 3072, 256, 283.62
384, 3072, 256, 283.47
384, 3072, 256, 283.08
384, 3072, 256, 282.88
384, 3072, 256, 282.62
384, 3072, 256, 283.47
384, 3072, 256, 283.09
384, 3072, 256, 283.36
384, 3072, 256, 283.39
384, 3072, 256, 283.20
384, 3072, 256, 282.90
384, 3072, 256, 283.13
384, 3072, 256, 283.53
384, 3072, 256, 283.77
384, 3072, 256, 282.90
384, 3072, 256, 284.07
384, 3072, 256, 283.77
384, 3072, 256, 283.22
384, 3072, 256, 283.36
384, 3072, 256, 283.36
384, 3072, 256, 283.27
384, 3072, 256, 283.19
384, 3072, 256, 282.59
384, 3072, 256, 282.29
