bli_shgemm performance
MC = 512, KC = 3328, NC = 2048
m, n, k, GFLOPS
512, 2048, 3328, 352.97
512, 2048, 3328, 352.77
512, 2048, 3328, 353.11
512, 2048, 3328, 352.79
512, 2048, 3328, 353.03
512, 2048, 3328, 352.88
512, 2048, 3328, 352.95
512, 2048, 3328, 352.96
512, 2048, 3328, 352.84
512, 2048, 3328, 353.30
512, 2048, 3328, 352.82
512, 2048, 3328, 352.56
512, 2048, 3328, 353.49
512, 2048, 3328, 352.85
512, 2048, 3328, 353.28
512, 2048, 3328, 352.76
512, 2048, 3328, 353.79
512, 2048, 3328, 353.24
512, 2048, 3328, 353.12
512, 2048, 3328, 352.77
512, 2048, 3328, 352.84
512, 2048, 3328, 352.74
512, 2048, 3328, 352.44
512, 2048, 3328, 352.39
512, 2048, 3328, 353.02
512, 2048, 3328, 353.14
512, 2048, 3328, 352.62
512, 2048, 3328, 352.79
512, 2048, 3328, 352.88
512, 2048, 3328, 352.73
512, 2048, 3328, 352.60
512, 2048, 3328, 353.25
512, 2048, 3328, 353.96
512, 2048, 3328, 353.15
512, 2048, 3328, 353.38
512, 2048, 3328, 353.00
512, 2048, 3328, 352.93
512, 2048, 3328, 353.21
512, 2048, 3328, 353.12
512, 2048, 3328, 352.96
512, 2048, 3328, 353.08
512, 2048, 3328, 353.67
512, 2048, 3328, 352.31
512, 2048, 3328, 352.75
512, 2048, 3328, 352.76
512, 2048, 3328, 352.91
512, 2048, 3328, 353.18
512, 2048, 3328, 352.96
512, 2048, 3328, 353.09
512, 2048, 3328, 353.17
