bli_shgemm performance
MC = 384, KC = 3072, NC = 5120
m, n, k, GFLOPS
384, 80, 80, 189.93
384, 160, 160, 258.72
384, 240, 240, 294.24
384, 320, 320, 315.61
384, 400, 400, 331.52
384, 480, 480, 340.69
384, 560, 560, 345.03
384, 640, 640, 345.38
384, 720, 720, 353.43
384, 800, 800, 354.42
384, 880, 880, 349.45
384, 960, 960, 351.94
384, 1040, 1040, 356.08
384, 1120, 1120, 358.13
384, 1200, 1200, 361.71
384, 1280, 1280, 348.21
384, 1360, 1360, 364.48
384, 1440, 1440, 365.20
384, 1520, 1520, 366.28
384, 1600, 1600, 368.10
384, 1680, 1680, 366.76
384, 1760, 1760, 368.99
384, 1840, 1840, 369.53
384, 1920, 1920, 363.90
384, 2000, 2000, 370.80
384, 2080, 2080, 372.06
384, 2160, 2160, 360.83
384, 2240, 2240, 370.95
384, 2320, 2320, 360.10
384, 2400, 2400, 370.90
384, 2480, 2480, 355.68
384, 2560, 2560, 352.34
384, 2640, 2640, 355.86
384, 2720, 2720, 372.07
384, 2800, 2800, 348.09
384, 2880, 2880, 373.20
384, 2960, 2960, 349.04
384, 3040, 3040, 367.33
384, 3120, 3120, 337.81
384, 3200, 3200, 352.47
384, 3280, 3280, 268.03
384, 3360, 3360, 366.87
384, 3440, 3440, 261.55
384, 3520, 3520, 363.34
384, 3600, 3600, 257.39
384, 3680, 3680, 367.22
384, 3760, 3760, 251.32
384, 3840, 3840, 350.21
384, 3920, 3920, 247.07
384, 4000, 4000, 366.53
