bli_shgemm performance
MC = 640, KC = 512, NC = 2048
m, n, k, GFLOPS
640, 2048, 80, 181.12
640, 2048, 160, 245.72
640, 2048, 240, 277.01
640, 2048, 320, 298.61
640, 2048, 400, 308.95
640, 2048, 480, 321.83
640, 2048, 560, 291.63
640, 2048, 640, 302.17
640, 2048, 720, 308.31
640, 2048, 800, 316.81
640, 2048, 880, 320.65
640, 2048, 960, 338.59
640, 2048, 1040, 316.43
640, 2048, 1120, 320.62
640, 2048, 1200, 323.31
640, 2048, 1280, 329.18
640, 2048, 1360, 328.29
640, 2048, 1440, 328.90
640, 2048, 1520, 331.10
640, 2048, 1600, 318.86
640, 2048, 1680, 321.17
640, 2048, 1760, 312.87
640, 2048, 1840, 314.77
640, 2048, 1920, 320.86
640, 2048, 2000, 328.39
640, 2048, 2080, 317.92
640, 2048, 2160, 322.98
640, 2048, 2240, 329.18
640, 2048, 2320, 327.20
640, 2048, 2400, 332.24
640, 2048, 2480, 331.74
640, 2048, 2560, 336.47
640, 2048, 2640, 325.97
640, 2048, 2720, 330.10
640, 2048, 2800, 329.27
640, 2048, 2880, 332.75
640, 2048, 2960, 332.17
640, 2048, 3040, 334.78
640, 2048, 3120, 327.32
640, 2048, 3200, 329.47
640, 2048, 3280, 329.69
640, 2048, 3360, 332.41
640, 2048, 3440, 332.50
640, 2048, 3520, 335.92
640, 2048, 3600, 328.18
640, 2048, 3680, 330.10
640, 2048, 3760, 329.67
640, 2048, 3840, 332.09
640, 2048, 3920, 332.44
640, 2048, 4000, 334.13
