bli_shgemm performance
MC = 384, KC = 3328, NC = 2048
m, n, k, GFLOPS
384, 80, 80, 190.90
384, 160, 160, 257.95
384, 240, 240, 293.62
384, 320, 320, 312.16
384, 400, 400, 327.96
384, 480, 480, 335.97
384, 560, 560, 342.07
384, 640, 640, 345.14
384, 720, 720, 347.65
384, 800, 800, 348.64
384, 880, 880, 348.29
384, 960, 960, 352.87
384, 1040, 1040, 354.10
384, 1120, 1120, 354.61
384, 1200, 1200, 360.63
384, 1280, 1280, 346.34
384, 1360, 1360, 366.49
384, 1440, 1440, 367.13
384, 1520, 1520, 368.80
384, 1600, 1600, 367.98
384, 1680, 1680, 370.43
384, 1760, 1760, 370.53
384, 1840, 1840, 371.05
384, 1920, 1920, 362.40
384, 2000, 2000, 373.83
384, 2080, 2080, 366.80
384, 2160, 2160, 307.89
384, 2240, 2240, 366.20
384, 2320, 2320, 303.39
384, 2400, 2400, 368.20
384, 2480, 2480, 301.61
384, 2560, 2560, 348.96
384, 2640, 2640, 291.99
384, 2720, 2720, 367.88
384, 2800, 2800, 288.81
384, 2880, 2880, 364.85
384, 2960, 2960, 282.94
384, 3040, 3040, 369.66
384, 3120, 3120, 281.21
384, 3200, 3200, 362.83
384, 3280, 3280, 273.55
384, 3360, 3360, 364.27
384, 3440, 3440, 345.71
384, 3520, 3520, 362.87
384, 3600, 3600, 345.10
384, 3680, 3680, 361.51
384, 3760, 3760, 344.96
384, 3840, 3840, 357.50
384, 3920, 3920, 348.40
384, 4000, 4000, 363.72
