bli_shgemm performance
MC = 512, KC = 3328, NC = 2048
m, n, k, GFLOPS
512, 80, 80, 194.16
512, 160, 160, 263.71
512, 240, 240, 298.60
512, 320, 320, 319.90
512, 400, 400, 336.65
512, 480, 480, 342.86
512, 560, 560, 344.47
512, 640, 640, 346.14
512, 720, 720, 348.59
512, 800, 800, 352.92
512, 880, 880, 349.26
512, 960, 960, 360.92
512, 1040, 1040, 365.53
512, 1120, 1120, 366.87
512, 1200, 1200, 371.16
512, 1280, 1280, 362.47
512, 1360, 1360, 375.49
512, 1440, 1440, 377.19
512, 1520, 1520, 378.51
512, 1600, 1600, 379.47
512, 1680, 1680, 379.66
512, 1760, 1760, 382.48
512, 1840, 1840, 385.04
512, 1920, 1920, 376.54
512, 2000, 2000, 385.87
512, 2080, 2080, 375.37
512, 2160, 2160, 319.21
512, 2240, 2240, 376.93
512, 2320, 2320, 321.43
512, 2400, 2400, 382.08
512, 2480, 2480, 317.92
512, 2560, 2560, 363.61
512, 2640, 2640, 311.42
512, 2720, 2720, 380.50
512, 2800, 2800, 308.78
512, 2880, 2880, 379.66
512, 2960, 2960, 362.97
512, 3040, 3040, 372.39
512, 3120, 3120, 359.41
512, 3200, 3200, 370.10
512, 3280, 3280, 357.71
512, 3360, 3360, 373.26
512, 3440, 3440, 352.93
512, 3520, 3520, 377.72
512, 3600, 3600, 355.67
512, 3680, 3680, 377.63
512, 3760, 3760, 357.66
512, 3840, 3840, 374.39
512, 3920, 3920, 357.22
512, 4000, 4000, 377.31
