bli_shgemm performance
MC = 640, KC = 768, NC = 5120
m, n, k, GFLOPS
640, 5120, 80, 177.81
640, 5120, 160, 238.33
640, 5120, 240, 280.03
640, 5120, 320, 304.23
640, 5120, 400, 319.46
640, 5120, 480, 327.18
640, 5120, 560, 334.48
640, 5120, 640, 337.39
640, 5120, 720, 340.07
640, 5120, 800, 305.90
640, 5120, 880, 313.83
640, 5120, 960, 317.43
640, 5120, 1040, 320.35
640, 5120, 1120, 325.13
640, 5120, 1200, 326.86
640, 5120, 1280, 329.88
640, 5120, 1360, 334.26
640, 5120, 1440, 334.24
640, 5120, 1520, 333.79
640, 5120, 1600, 321.60
640, 5120, 1680, 321.57
640, 5120, 1760, 343.18
640, 5120, 1840, 345.07
640, 5120, 1920, 347.91
640, 5120, 2000, 351.56
640, 5120, 2080, 353.22
640, 5120, 2160, 351.66
640, 5120, 2240, 353.98
640, 5120, 2320, 340.32
640, 5120, 2400, 343.09
640, 5120, 2480, 343.66
640, 5120, 2560, 345.01
640, 5120, 2640, 348.61
640, 5120, 2720, 351.24
640, 5120, 2800, 350.40
640, 5120, 2880, 352.65
640, 5120, 2960, 353.33
640, 5120, 3040, 355.10
640, 5120, 3120, 344.87
640, 5120, 3200, 346.65
640, 5120, 3280, 348.29
640, 5120, 3360, 348.05
640, 5120, 3440, 349.71
640, 5120, 3520, 350.84
640, 5120, 3600, 351.85
640, 5120, 3680, 352.34
640, 5120, 3760, 354.82
640, 5120, 3840, 354.43
640, 5120, 3920, 352.13
640, 5120, 4000, 353.31
