bli_shgemm performance
MC = 384, KC = 512, NC = 2048
m, n, k, GFLOPS
384, 2048, 80, 199.57
384, 2048, 160, 253.33
384, 2048, 240, 278.39
384, 2048, 320, 289.46
384, 2048, 400, 294.00
384, 2048, 480, 301.95
384, 2048, 560, 276.91
384, 2048, 640, 287.16
384, 2048, 720, 288.75
384, 2048, 800, 296.17
384, 2048, 880, 298.88
384, 2048, 960, 305.64
384, 2048, 1040, 288.80
384, 2048, 1120, 293.95
384, 2048, 1200, 294.26
384, 2048, 1280, 307.49
384, 2048, 1360, 305.89
384, 2048, 1440, 311.55
384, 2048, 1520, 311.00
384, 2048, 1600, 304.49
384, 2048, 1680, 304.50
384, 2048, 1760, 308.77
384, 2048, 1840, 309.57
384, 2048, 1920, 313.51
384, 2048, 2000, 312.66
384, 2048, 2080, 307.06
384, 2048, 2160, 306.74
384, 2048, 2240, 312.31
384, 2048, 2320, 313.62
384, 2048, 2400, 315.42
384, 2048, 2480, 315.68
384, 2048, 2560, 317.61
384, 2048, 2640, 310.53
384, 2048, 2720, 312.07
384, 2048, 2800, 307.08
384, 2048, 2880, 311.74
384, 2048, 2960, 310.45
384, 2048, 3040, 312.86
384, 2048, 3120, 305.65
384, 2048, 3200, 309.37
384, 2048, 3280, 311.25
384, 2048, 3360, 314.28
384, 2048, 3440, 313.16
384, 2048, 3520, 317.54
384, 2048, 3600, 310.97
384, 2048, 3680, 312.64
384, 2048, 3760, 311.26
384, 2048, 3840, 315.31
384, 2048, 3920, 314.18
384, 2048, 4000, 316.56
