bli_shgemm performance
MC = 384, KC = 1536, NC = 3072
m, n, k, GFLOPS
384, 3072, 80, 177.95
384, 3072, 160, 254.02
384, 3072, 240, 272.09
384, 3072, 320, 289.80
384, 3072, 400, 300.75
384, 3072, 480, 308.99
384, 3072, 560, 315.64
384, 3072, 640, 319.16
384, 3072, 720, 329.38
384, 3072, 800, 335.94
384, 3072, 880, 336.56
384, 3072, 960, 341.38
384, 3072, 1040, 342.45
384, 3072, 1120, 344.72
384, 3072, 1200, 348.08
384, 3072, 1280, 348.67
384, 3072, 1360, 349.60
384, 3072, 1440, 352.87
384, 3072, 1520, 352.04
384, 3072, 1600, 323.20
384, 3072, 1680, 323.51
384, 3072, 1760, 340.32
384, 3072, 1840, 341.98
384, 3072, 1920, 343.37
384, 3072, 2000, 342.64
384, 3072, 2080, 344.71
384, 3072, 2160, 344.94
384, 3072, 2240, 346.09
384, 3072, 2320, 347.56
384, 3072, 2400, 348.62
384, 3072, 2480, 349.42
384, 3072, 2560, 350.51
384, 3072, 2640, 351.06
384, 3072, 2720, 351.90
384, 3072, 2800, 352.85
384, 3072, 2880, 353.30
384, 3072, 2960, 353.35
384, 3072, 3040, 354.12
384, 3072, 3120, 343.59
384, 3072, 3200, 344.67
384, 3072, 3280, 345.72
384, 3072, 3360, 346.78
384, 3072, 3440, 346.80
384, 3072, 3520, 348.66
384, 3072, 3600, 348.51
384, 3072, 3680, 348.88
384, 3072, 3760, 348.53
384, 3072, 3840, 350.27
384, 3072, 3920, 350.35
384, 3072, 4000, 351.26
