bli_shgemm performance
MC = 384, KC = 3328, NC = 2048
m, n, k, GFLOPS
384, 2048, 80, 205.25
384, 2048, 160, 258.54
384, 2048, 240, 282.39
384, 2048, 320, 296.67
384, 2048, 400, 303.72
384, 2048, 480, 310.86
384, 2048, 560, 313.42
384, 2048, 640, 314.42
384, 2048, 720, 316.40
384, 2048, 800, 323.97
384, 2048, 880, 323.41
384, 2048, 960, 330.45
384, 2048, 1040, 331.60
384, 2048, 1120, 334.24
384, 2048, 1200, 335.68
384, 2048, 1280, 337.28
384, 2048, 1360, 336.10
384, 2048, 1440, 338.18
384, 2048, 1520, 338.97
384, 2048, 1600, 341.13
384, 2048, 1680, 341.60
384, 2048, 1760, 343.06
384, 2048, 1840, 343.85
384, 2048, 1920, 344.84
384, 2048, 2000, 349.78
384, 2048, 2080, 352.18
384, 2048, 2160, 352.17
384, 2048, 2240, 352.76
384, 2048, 2320, 353.02
384, 2048, 2400, 352.76
384, 2048, 2480, 352.23
384, 2048, 2560, 352.99
384, 2048, 2640, 353.20
384, 2048, 2720, 353.44
384, 2048, 2800, 352.70
384, 2048, 2880, 353.15
384, 2048, 2960, 352.63
384, 2048, 3040, 352.75
384, 2048, 3120, 352.54
384, 2048, 3200, 352.23
384, 2048, 3280, 352.01
384, 2048, 3360, 335.53
384, 2048, 3440, 336.00
384, 2048, 3520, 338.01
384, 2048, 3600, 338.38
384, 2048, 3680, 339.42
384, 2048, 3760, 339.97
384, 2048, 3840, 340.91
384, 2048, 3920, 340.76
384, 2048, 4000, 351.05
