bli_shgemm performance
MC = 512, KC = 2048, NC = 4096
m, n, k, GFLOPS
512, 4096, 80, 176.00
512, 4096, 160, 245.23
512, 4096, 240, 277.60
512, 4096, 320, 298.77
512, 4096, 400, 312.02
512, 4096, 480, 320.38
512, 4096, 560, 327.04
512, 4096, 640, 329.67
512, 4096, 720, 335.34
512, 4096, 800, 336.03
512, 4096, 880, 338.74
512, 4096, 960, 340.22
512, 4096, 1040, 341.00
512, 4096, 1120, 342.03
512, 4096, 1200, 343.42
512, 4096, 1280, 343.32
512, 4096, 1360, 342.57
512, 4096, 1440, 344.21
512, 4096, 1520, 345.07
512, 4096, 1600, 358.17
512, 4096, 1680, 358.56
512, 4096, 1760, 358.06
512, 4096, 1840, 357.56
512, 4096, 1920, 360.31
512, 4096, 2000, 361.40
512, 4096, 2080, 327.86
512, 4096, 2160, 332.70
512, 4096, 2240, 337.77
512, 4096, 2320, 351.58
512, 4096, 2400, 352.00
512, 4096, 2480, 353.72
512, 4096, 2560, 347.88
512, 4096, 2640, 347.41
512, 4096, 2720, 346.71
512, 4096, 2800, 348.69
512, 4096, 2880, 348.47
512, 4096, 2960, 348.39
512, 4096, 3040, 349.38
512, 4096, 3120, 356.70
512, 4096, 3200, 361.53
512, 4096, 3280, 361.01
512, 4096, 3360, 360.23
512, 4096, 3440, 359.80
512, 4096, 3520, 360.67
512, 4096, 3600, 359.68
512, 4096, 3680, 359.74
512, 4096, 3760, 360.58
512, 4096, 3840, 360.05
512, 4096, 3920, 361.11
512, 4096, 4000, 361.98
