bli_shgemm performance
MC = 512, KC = 3584, NC = 3072
m, n, k, GFLOPS
512, 3072, 80, 174.11
512, 3072, 160, 256.37
512, 3072, 240, 278.18
512, 3072, 320, 301.31
512, 3072, 400, 314.30
512, 3072, 480, 322.99
512, 3072, 560, 331.06
512, 3072, 640, 333.82
512, 3072, 720, 337.04
512, 3072, 800, 347.23
512, 3072, 880, 348.55
512, 3072, 960, 351.06
512, 3072, 1040, 352.94
512, 3072, 1120, 353.57
512, 3072, 1200, 355.69
512, 3072, 1280, 357.34
512, 3072, 1360, 355.40
512, 3072, 1440, 355.33
512, 3072, 1520, 355.73
512, 3072, 1600, 354.99
512, 3072, 1680, 355.11
512, 3072, 1760, 357.52
512, 3072, 1840, 357.08
512, 3072, 1920, 357.76
512, 3072, 2000, 370.71
512, 3072, 2080, 369.30
512, 3072, 2160, 369.81
512, 3072, 2240, 368.96
512, 3072, 2320, 369.99
512, 3072, 2400, 376.61
512, 3072, 2480, 375.83
512, 3072, 2560, 374.65
512, 3072, 2640, 375.15
512, 3072, 2720, 373.11
512, 3072, 2800, 373.90
512, 3072, 2880, 373.45
512, 3072, 2960, 372.70
512, 3072, 3040, 372.75
512, 3072, 3120, 371.96
512, 3072, 3200, 368.95
512, 3072, 3280, 367.50
512, 3072, 3360, 365.82
512, 3072, 3440, 363.39
512, 3072, 3520, 362.62
512, 3072, 3600, 324.93
512, 3072, 3680, 327.17
512, 3072, 3760, 327.88
512, 3072, 3840, 329.29
512, 3072, 3920, 329.63
512, 3072, 4000, 330.98
