bli_shgemm performance
MC = 384, KC = 3328, NC = 5120
m, n, k, GFLOPS
384, 5120, 3328, 335.56
384, 5120, 3328, 335.57
384, 5120, 3328, 335.33
384, 5120, 3328, 335.40
384, 5120, 3328, 335.18
384, 5120, 3328, 336.23
384, 5120, 3328, 335.57
384, 5120, 3328, 335.19
384, 5120, 3328, 335.41
384, 5120, 3328, 335.67
384, 5120, 3328, 335.22
384, 5120, 3328, 335.40
384, 5120, 3328, 335.53
384, 5120, 3328, 335.45
384, 5120, 3328, 335.73
384, 5120, 3328, 336.29
384, 5120, 3328, 335.36
384, 5120, 3328, 335.53
384, 5120, 3328, 335.37
384, 5120, 3328, 335.28
384, 5120, 3328, 335.43
384, 5120, 3328, 335.19
384, 5120, 3328, 335.43
384, 5120, 3328, 335.77
384, 5120, 3328, 335.06
384, 5120, 3328, 336.17
384, 5120, 3328, 335.73
384, 5120, 3328, 335.69
384, 5120, 3328, 335.70
384, 5120, 3328, 335.35
384, 5120, 3328, 335.79
384, 5120, 3328, 335.10
384, 5120, 3328, 335.08
384, 5120, 3328, 335.64
384, 5120, 3328, 335.06
384, 5120, 3328, 335.36
384, 5120, 3328, 336.75
384, 5120, 3328, 335.41
384, 5120, 3328, 335.24
384, 5120, 3328, 336.00
384, 5120, 3328, 335.43
384, 5120, 3328, 335.81
384, 5120, 3328, 335.65
384, 5120, 3328, 335.92
384, 5120, 3328, 335.72
384, 5120, 3328, 335.45
384, 5120, 3328, 335.74
384, 5120, 3328, 335.39
384, 5120, 3328, 335.29
384, 5120, 3328, 335.66
