bli_shgemm performance
MC = 256, KC = 2560, NC = 4096
m, n, k, GFLOPS
80, 4096, 80, 168.03
160, 4096, 160, 216.01
240, 4096, 240, 242.99
320, 4096, 320, 271.07
400, 4096, 400, 291.18
480, 4096, 480, 306.76
560, 4096, 560, 315.09
640, 4096, 640, 322.71
720, 4096, 720, 328.66
800, 4096, 800, 334.18
880, 4096, 880, 336.93
960, 4096, 960, 345.23
1040, 4096, 1040, 344.54
1120, 4096, 1120, 348.93
1200, 4096, 1200, 349.03
1280, 4096, 1280, 358.27
1360, 4096, 1360, 357.06
1440, 4096, 1440, 359.74
1520, 4096, 1520, 359.32
1600, 4096, 1600, 362.46
1680, 4096, 1680, 364.20
1760, 4096, 1760, 365.59
1840, 4096, 1840, 365.39
1920, 4096, 1920, 370.19
2000, 4096, 2000, 371.56
2080, 4096, 2080, 380.75
2160, 4096, 2160, 382.75
2240, 4096, 2240, 381.38
2320, 4096, 2320, 382.73
2400, 4096, 2400, 385.35
2480, 4096, 2480, 385.18
2560, 4096, 2560, 390.01
2640, 4096, 2640, 364.22
2720, 4096, 2720, 361.41
2800, 4096, 2800, 365.45
2880, 4096, 2880, 366.12
2960, 4096, 2960, 366.93
3040, 4096, 3040, 369.84
3120, 4096, 3120, 368.69
3200, 4096, 3200, 371.25
3280, 4096, 3280, 369.40
3360, 4096, 3360, 374.35
3440, 4096, 3440, 375.22
3520, 4096, 3520, 377.27
3600, 4096, 3600, 377.25
3680, 4096, 3680, 380.12
3760, 4096, 3760, 380.99
3840, 4096, 3840, 382.38
3920, 4096, 3920, 383.61
4000, 4096, 4000, 384.73
