bli_shgemm performance
MC = 640, KC = 3072, NC = 1024
m, n, k, GFLOPS
80, 1024, 80, 167.90
160, 1024, 160, 232.88
240, 1024, 240, 274.18
320, 1024, 320, 303.70
400, 1024, 400, 317.89
480, 1024, 480, 327.97
560, 1024, 560, 323.32
640, 1024, 640, 330.26
720, 1024, 720, 333.94
800, 1024, 800, 345.39
880, 1024, 880, 349.73
960, 1024, 960, 361.13
1040, 1024, 1040, 362.85
1120, 1024, 1120, 369.47
1200, 1024, 1200, 372.00
1280, 1024, 1280, 376.79
1360, 1024, 1360, 376.61
1440, 1024, 1440, 382.18
1520, 1024, 1520, 378.97
1600, 1024, 1600, 384.68
1680, 1024, 1680, 384.11
1760, 1024, 1760, 387.76
1840, 1024, 1840, 388.90
1920, 1024, 1920, 390.55
2000, 1024, 2000, 388.37
2080, 1024, 2080, 390.99
2160, 1024, 2160, 390.48
2240, 1024, 2240, 393.65
2320, 1024, 2320, 393.98
2400, 1024, 2400, 378.53
2480, 1024, 2480, 392.98
2560, 1024, 2560, 379.64
2640, 1024, 2640, 378.82
2720, 1024, 2720, 372.84
2800, 1024, 2800, 381.61
2880, 1024, 2880, 379.32
2960, 1024, 2960, 373.58
3040, 1024, 3040, 359.86
3120, 1024, 3120, 347.42
3200, 1024, 3200, 343.85
3280, 1024, 3280, 345.66
3360, 1024, 3360, 349.19
3440, 1024, 3440, 351.01
3520, 1024, 3520, 353.81
3600, 1024, 3600, 355.78
3680, 1024, 3680, 357.37
3760, 1024, 3760, 356.90
3840, 1024, 3840, 356.18
3920, 1024, 3920, 356.50
4000, 1024, 4000, 359.20
