bli_shgemm performance
MC = 256, KC = 768, NC = 4096
m, n, k, GFLOPS
80, 4096, 80, 168.70
160, 4096, 160, 213.94
240, 4096, 240, 243.24
320, 4096, 320, 270.96
400, 4096, 400, 293.15
480, 4096, 480, 305.55
560, 4096, 560, 315.00
640, 4096, 640, 322.46
720, 4096, 720, 328.69
800, 4096, 800, 298.68
880, 4096, 880, 307.50
960, 4096, 960, 316.02
1040, 4096, 1040, 319.82
1120, 4096, 1120, 322.30
1200, 4096, 1200, 325.08
1280, 4096, 1280, 328.14
1360, 4096, 1360, 328.28
1440, 4096, 1440, 328.99
1520, 4096, 1520, 332.38
1600, 4096, 1600, 310.73
1680, 4096, 1680, 314.33
1760, 4096, 1760, 319.03
1840, 4096, 1840, 318.65
1920, 4096, 1920, 319.66
2000, 4096, 2000, 320.65
2080, 4096, 2080, 324.50
2160, 4096, 2160, 329.57
2240, 4096, 2240, 332.83
2320, 4096, 2320, 312.00
2400, 4096, 2400, 316.00
2480, 4096, 2480, 315.02
2560, 4096, 2560, 320.44
2640, 4096, 2640, 320.20
2720, 4096, 2720, 325.79
2800, 4096, 2800, 324.19
2880, 4096, 2880, 326.46
2960, 4096, 2960, 326.96
3040, 4096, 3040, 329.59
3120, 4096, 3120, 314.83
3200, 4096, 3200, 318.03
3280, 4096, 3280, 318.13
3360, 4096, 3360, 321.13
3440, 4096, 3440, 322.24
3520, 4096, 3520, 325.74
3600, 4096, 3600, 324.76
3680, 4096, 3680, 326.56
3760, 4096, 3760, 326.42
3840, 4096, 3840, 333.29
3920, 4096, 3920, 316.53
4000, 4096, 4000, 320.38
