bli_shgemm performance
MC = 384, KC = 1792, NC = 3072
m, n, k, GFLOPS
80, 3072, 80, 168.14
160, 3072, 160, 242.28
240, 3072, 240, 258.77
320, 3072, 320, 282.49
400, 3072, 400, 295.99
480, 3072, 480, 311.02
560, 3072, 560, 323.60
640, 3072, 640, 331.92
720, 3072, 720, 340.44
800, 3072, 800, 346.69
880, 3072, 880, 352.72
960, 3072, 960, 364.71
1040, 3072, 1040, 364.79
1120, 3072, 1120, 367.19
1200, 3072, 1200, 367.04
1280, 3072, 1280, 370.17
1360, 3072, 1360, 371.78
1440, 3072, 1440, 374.33
1520, 3072, 1520, 375.76
1600, 3072, 1600, 375.14
1680, 3072, 1680, 377.49
1760, 3072, 1760, 378.70
1840, 3072, 1840, 359.46
1920, 3072, 1920, 362.26
2000, 3072, 2000, 361.71
2080, 3072, 2080, 361.29
2160, 3072, 2160, 361.87
2240, 3072, 2240, 363.54
2320, 3072, 2320, 361.68
2400, 3072, 2400, 363.12
2480, 3072, 2480, 363.35
2560, 3072, 2560, 368.54
2640, 3072, 2640, 367.33
2720, 3072, 2720, 370.10
2800, 3072, 2800, 369.45
2880, 3072, 2880, 373.76
2960, 3072, 2960, 371.40
3040, 3072, 3040, 374.68
3120, 3072, 3120, 375.34
3200, 3072, 3200, 379.80
3280, 3072, 3280, 377.93
3360, 3072, 3360, 380.78
3440, 3072, 3440, 382.37
3520, 3072, 3520, 384.11
3600, 3072, 3600, 365.33
3680, 3072, 3680, 366.51
3760, 3072, 3760, 367.57
3840, 3072, 3840, 369.81
3920, 3072, 3920, 368.44
4000, 3072, 4000, 371.06
