bli_shgemm performance
MC = 384, KC = 1280, NC = 4096
m, n, k, GFLOPS
80, 4096, 80, 165.77
160, 4096, 160, 210.31
240, 4096, 240, 246.75
320, 4096, 320, 274.02
400, 4096, 400, 292.38
480, 4096, 480, 306.63
560, 4096, 560, 317.48
640, 4096, 640, 326.55
720, 4096, 720, 334.65
800, 4096, 800, 338.47
880, 4096, 880, 344.04
960, 4096, 960, 348.67
1040, 4096, 1040, 350.64
1120, 4096, 1120, 355.78
1200, 4096, 1200, 354.56
1280, 4096, 1280, 358.28
1360, 4096, 1360, 333.69
1440, 4096, 1440, 336.73
1520, 4096, 1520, 336.20
1600, 4096, 1600, 340.28
1680, 4096, 1680, 340.51
1760, 4096, 1760, 342.21
1840, 4096, 1840, 344.18
1920, 4096, 1920, 347.75
2000, 4096, 2000, 344.79
2080, 4096, 2080, 352.18
2160, 4096, 2160, 350.78
2240, 4096, 2240, 357.52
2320, 4096, 2320, 354.62
2400, 4096, 2400, 359.71
2480, 4096, 2480, 362.52
2560, 4096, 2560, 360.69
2640, 4096, 2640, 343.95
2720, 4096, 2720, 342.07
2800, 4096, 2800, 344.70
2880, 4096, 2880, 346.86
2960, 4096, 2960, 348.40
3040, 4096, 3040, 352.20
3120, 4096, 3120, 350.78
3200, 4096, 3200, 352.81
3280, 4096, 3280, 355.00
3360, 4096, 3360, 357.70
3440, 4096, 3440, 356.48
3520, 4096, 3520, 359.20
3600, 4096, 3600, 359.46
3680, 4096, 3680, 361.91
3760, 4096, 3760, 363.83
3840, 4096, 3840, 365.49
3920, 4096, 3920, 348.90
4000, 4096, 4000, 349.84
