bli_shgemm performance
MC = 512, KC = 512, NC = 4096
m, n, k, GFLOPS
80, 4096, 80, 169.20
160, 4096, 160, 216.25
240, 4096, 240, 242.09
320, 4096, 320, 273.58
400, 4096, 400, 297.89
480, 4096, 480, 312.25
560, 4096, 560, 277.73
640, 4096, 640, 291.31
720, 4096, 720, 300.71
800, 4096, 800, 311.95
880, 4096, 880, 316.12
960, 4096, 960, 324.08
1040, 4096, 1040, 296.49
1120, 4096, 1120, 303.56
1200, 4096, 1200, 306.18
1280, 4096, 1280, 309.09
1360, 4096, 1360, 312.48
1440, 4096, 1440, 317.64
1520, 4096, 1520, 316.81
1600, 4096, 1600, 297.97
1680, 4096, 1680, 298.61
1760, 4096, 1760, 305.83
1840, 4096, 1840, 303.02
1920, 4096, 1920, 309.55
2000, 4096, 2000, 310.43
2080, 4096, 2080, 295.13
2160, 4096, 2160, 297.03
2240, 4096, 2240, 302.07
2320, 4096, 2320, 302.53
2400, 4096, 2400, 306.59
2480, 4096, 2480, 306.48
2560, 4096, 2560, 310.35
2640, 4096, 2640, 297.66
2720, 4096, 2720, 296.38
2800, 4096, 2800, 298.45
2880, 4096, 2880, 303.23
2960, 4096, 2960, 302.71
3040, 4096, 3040, 305.73
3120, 4096, 3120, 292.12
3200, 4096, 3200, 296.59
3280, 4096, 3280, 296.97
3360, 4096, 3360, 299.16
3440, 4096, 3440, 299.95
3520, 4096, 3520, 306.19
3600, 4096, 3600, 290.40
3680, 4096, 3680, 294.32
3760, 4096, 3760, 294.95
3840, 4096, 3840, 297.13
3920, 4096, 3920, 299.14
4000, 4096, 4000, 301.01
