bli_shgemm performance
MC = 256, KC = 2816, NC = 4096
m, n, k, GFLOPS
80, 4096, 80, 167.63
160, 4096, 160, 212.63
240, 4096, 240, 242.23
320, 4096, 320, 270.07
400, 4096, 400, 290.92
480, 4096, 480, 305.91
560, 4096, 560, 314.77
640, 4096, 640, 322.24
720, 4096, 720, 327.85
800, 4096, 800, 337.27
880, 4096, 880, 339.81
960, 4096, 960, 344.93
1040, 4096, 1040, 345.93
1120, 4096, 1120, 346.62
1200, 4096, 1200, 352.36
1280, 4096, 1280, 358.01
1360, 4096, 1360, 358.87
1440, 4096, 1440, 360.94
1520, 4096, 1520, 358.43
1600, 4096, 1600, 361.26
1680, 4096, 1680, 364.49
1760, 4096, 1760, 366.32
1840, 4096, 1840, 365.86
1920, 4096, 1920, 369.77
2000, 4096, 2000, 370.79
2080, 4096, 2080, 380.96
2160, 4096, 2160, 381.76
2240, 4096, 2240, 384.61
2320, 4096, 2320, 383.19
2400, 4096, 2400, 384.00
2480, 4096, 2480, 384.44
2560, 4096, 2560, 387.80
2640, 4096, 2640, 386.12
2720, 4096, 2720, 387.46
2800, 4096, 2800, 390.33
2880, 4096, 2880, 368.84
2960, 4096, 2960, 365.75
3040, 4096, 3040, 369.75
3120, 4096, 3120, 367.08
3200, 4096, 3200, 368.45
3280, 4096, 3280, 371.29
3360, 4096, 3360, 371.33
3440, 4096, 3440, 370.56
3520, 4096, 3520, 376.15
3600, 4096, 3600, 374.93
3680, 4096, 3680, 374.65
3760, 4096, 3760, 377.16
3840, 4096, 3840, 381.08
3920, 4096, 3920, 378.02
4000, 4096, 4000, 382.42
