bli_shgemm performance
MC = 256, KC = 1280, NC = 2048
m, n, k, GFLOPS
80, 2048, 80, 162.29
160, 2048, 160, 235.91
240, 2048, 240, 275.59
320, 2048, 320, 284.27
400, 2048, 400, 296.43
480, 2048, 480, 310.14
560, 2048, 560, 321.56
640, 2048, 640, 328.19
720, 2048, 720, 339.95
800, 2048, 800, 344.04
880, 2048, 880, 348.68
960, 2048, 960, 356.43
1040, 2048, 1040, 357.65
1120, 2048, 1120, 362.11
1200, 2048, 1200, 348.73
1280, 2048, 1280, 336.23
1360, 2048, 1360, 346.68
1440, 2048, 1440, 350.43
1520, 2048, 1520, 359.37
1600, 2048, 1600, 362.15
1680, 2048, 1680, 363.36
1760, 2048, 1760, 365.74
1840, 2048, 1840, 366.67
1920, 2048, 1920, 367.00
2000, 2048, 2000, 368.01
2080, 2048, 2080, 364.04
2160, 2048, 2160, 364.92
2240, 2048, 2240, 368.67
2320, 2048, 2320, 367.90
2400, 2048, 2400, 369.91
2480, 2048, 2480, 369.82
2560, 2048, 2560, 372.05
2640, 2048, 2640, 355.72
2720, 2048, 2720, 358.49
2800, 2048, 2800, 358.54
2880, 2048, 2880, 360.32
2960, 2048, 2960, 359.04
3040, 2048, 3040, 360.35
3120, 2048, 3120, 360.13
3200, 2048, 3200, 361.20
3280, 2048, 3280, 361.25
3360, 2048, 3360, 352.27
3440, 2048, 3440, 363.92
3520, 2048, 3520, 351.22
3600, 2048, 3600, 364.58
3680, 2048, 3680, 353.55
3760, 2048, 3760, 369.44
3840, 2048, 3840, 372.88
3920, 2048, 3920, 359.36
4000, 2048, 4000, 361.71
