bli_shgemm performance
MC = 512, KC = 3328, NC = 4096
m, n, k, GFLOPS
80, 4096, 80, 168.61
160, 4096, 160, 217.06
240, 4096, 240, 246.26
320, 4096, 320, 274.11
400, 4096, 400, 295.83
480, 4096, 480, 312.04
560, 4096, 560, 320.23
640, 4096, 640, 324.87
720, 4096, 720, 332.33
800, 4096, 800, 342.78
880, 4096, 880, 343.86
960, 4096, 960, 349.23
1040, 4096, 1040, 349.63
1120, 4096, 1120, 351.27
1200, 4096, 1200, 353.47
1280, 4096, 1280, 359.35
1360, 4096, 1360, 361.34
1440, 4096, 1440, 363.86
1520, 4096, 1520, 370.74
1600, 4096, 1600, 370.34
1680, 4096, 1680, 370.75
1760, 4096, 1760, 373.89
1840, 4096, 1840, 373.86
1920, 4096, 1920, 376.99
2000, 4096, 2000, 377.18
2080, 4096, 2080, 383.60
2160, 4096, 2160, 385.25
2240, 4096, 2240, 387.92
2320, 4096, 2320, 384.51
2400, 4096, 2400, 390.74
2480, 4096, 2480, 390.84
2560, 4096, 2560, 390.52
2640, 4096, 2640, 387.89
2720, 4096, 2720, 392.96
2800, 4096, 2800, 393.11
2880, 4096, 2880, 394.80
2960, 4096, 2960, 394.45
3040, 4096, 3040, 394.47
3120, 4096, 3120, 393.92
3200, 4096, 3200, 393.70
3280, 4096, 3280, 393.77
3360, 4096, 3360, 373.11
3440, 4096, 3440, 377.15
3520, 4096, 3520, 374.76
3600, 4096, 3600, 377.05
3680, 4096, 3680, 374.53
3760, 4096, 3760, 375.67
3840, 4096, 3840, 378.42
3920, 4096, 3920, 384.61
4000, 4096, 4000, 381.15
