bli_shgemm performance
MC = 512, KC = 2304, NC = 3072
m, n, k, GFLOPS
80, 3072, 80, 167.61
160, 3072, 160, 236.48
240, 3072, 240, 256.60
320, 3072, 320, 282.94
400, 3072, 400, 298.07
480, 3072, 480, 314.50
560, 3072, 560, 322.84
640, 3072, 640, 332.74
720, 3072, 720, 339.89
800, 3072, 800, 349.78
880, 3072, 880, 355.95
960, 3072, 960, 362.83
1040, 3072, 1040, 362.80
1120, 3072, 1120, 366.40
1200, 3072, 1200, 376.81
1280, 3072, 1280, 380.61
1360, 3072, 1360, 375.34
1440, 3072, 1440, 377.83
1520, 3072, 1520, 379.11
1600, 3072, 1600, 379.77
1680, 3072, 1680, 381.21
1760, 3072, 1760, 381.92
1840, 3072, 1840, 382.95
1920, 3072, 1920, 387.01
2000, 3072, 2000, 388.64
2080, 3072, 2080, 388.92
2160, 3072, 2160, 389.48
2240, 3072, 2240, 391.68
2320, 3072, 2320, 368.92
2400, 3072, 2400, 371.41
2480, 3072, 2480, 370.35
2560, 3072, 2560, 372.15
2640, 3072, 2640, 370.76
2720, 3072, 2720, 373.74
2800, 3072, 2800, 374.73
2880, 3072, 2880, 376.54
2960, 3072, 2960, 376.27
3040, 3072, 3040, 378.93
3120, 3072, 3120, 378.96
3200, 3072, 3200, 381.32
3280, 3072, 3280, 383.21
3360, 3072, 3360, 385.48
3440, 3072, 3440, 385.70
3520, 3072, 3520, 388.19
3600, 3072, 3600, 387.58
3680, 3072, 3680, 390.33
3760, 3072, 3760, 390.79
3840, 3072, 3840, 392.73
3920, 3072, 3920, 393.12
4000, 3072, 4000, 394.70
