bli_shgemm performance
MC = 256, KC = 256, NC = 4096
m, n, k, GFLOPS
80, 4096, 80, 168.48
160, 4096, 160, 216.67
240, 4096, 240, 244.32
320, 4096, 320, 224.63
400, 4096, 400, 244.60
480, 4096, 480, 263.50
560, 4096, 560, 243.71
640, 4096, 640, 256.04
720, 4096, 720, 266.63
800, 4096, 800, 250.91
880, 4096, 880, 258.56
960, 4096, 960, 267.55
1040, 4096, 1040, 250.03
1120, 4096, 1120, 262.04
1200, 4096, 1200, 263.94
1280, 4096, 1280, 272.48
1360, 4096, 1360, 256.24
1440, 4096, 1440, 262.16
1520, 4096, 1520, 262.26
1600, 4096, 1600, 253.52
1680, 4096, 1680, 256.22
1760, 4096, 1760, 258.71
1840, 4096, 1840, 248.00
1920, 4096, 1920, 250.36
2000, 4096, 2000, 252.45
2080, 4096, 2080, 243.23
2160, 4096, 2160, 243.64
2240, 4096, 2240, 248.88
2320, 4096, 2320, 236.15
2400, 4096, 2400, 243.30
2480, 4096, 2480, 241.53
2560, 4096, 2560, 245.13
2640, 4096, 2640, 236.86
2720, 4096, 2720, 238.93
2800, 4096, 2800, 239.23
2880, 4096, 2880, 234.65
2960, 4096, 2960, 237.05
3040, 4096, 3040, 238.28
3120, 4096, 3120, 230.22
3200, 4096, 3200, 233.47
3280, 4096, 3280, 232.88
3360, 4096, 3360, 228.86
3440, 4096, 3440, 229.56
3520, 4096, 3520, 232.58
3600, 4096, 3600, 224.94
3680, 4096, 3680, 229.10
3760, 4096, 3760, 229.04
3840, 4096, 3840, 232.94
3920, 4096, 3920, 225.17
4000, 4096, 4000, 228.73
