bli_shgemm performance
MC = 256, KC = 3840, NC = 3072
m, n, k, GFLOPS
80, 3072, 80, 166.16
160, 3072, 160, 230.52
240, 3072, 240, 255.05
320, 3072, 320, 280.81
400, 3072, 400, 299.35
480, 3072, 480, 314.88
560, 3072, 560, 325.22
640, 3072, 640, 332.98
720, 3072, 720, 341.80
800, 3072, 800, 349.20
880, 3072, 880, 354.24
960, 3072, 960, 362.06
1040, 3072, 1040, 355.18
1120, 3072, 1120, 368.22
1200, 3072, 1200, 372.19
1280, 3072, 1280, 377.28
1360, 3072, 1360, 376.34
1440, 3072, 1440, 379.39
1520, 3072, 1520, 373.51
1600, 3072, 1600, 374.40
1680, 3072, 1680, 376.81
1760, 3072, 1760, 378.84
1840, 3072, 1840, 377.93
1920, 3072, 1920, 380.03
2000, 3072, 2000, 390.66
2080, 3072, 2080, 390.09
2160, 3072, 2160, 383.96
2240, 3072, 2240, 386.08
2320, 3072, 2320, 385.95
2400, 3072, 2400, 387.69
2480, 3072, 2480, 388.53
2560, 3072, 2560, 391.49
2640, 3072, 2640, 390.77
2720, 3072, 2720, 392.60
2800, 3072, 2800, 392.39
2880, 3072, 2880, 393.92
2960, 3072, 2960, 394.18
3040, 3072, 3040, 397.96
3120, 3072, 3120, 398.86
3200, 3072, 3200, 400.78
3280, 3072, 3280, 401.06
3360, 3072, 3360, 401.12
3440, 3072, 3440, 398.41
3520, 3072, 3520, 399.63
3600, 3072, 3600, 399.20
3680, 3072, 3680, 399.95
3760, 3072, 3760, 401.27
3840, 3072, 3840, 403.07
3920, 3072, 3920, 382.83
4000, 3072, 4000, 383.20
