bli_shgemm performance
MC = 640, KC = 768, NC = 3072
m, n, k, GFLOPS
80, 3072, 80, 165.61
160, 3072, 160, 231.16
240, 3072, 240, 263.16
320, 3072, 320, 276.90
400, 3072, 400, 298.50
480, 3072, 480, 319.96
560, 3072, 560, 334.03
640, 3072, 640, 341.49
720, 3072, 720, 342.54
800, 3072, 800, 319.23
880, 3072, 880, 321.04
960, 3072, 960, 328.90
1040, 3072, 1040, 333.44
1120, 3072, 1120, 340.73
1200, 3072, 1200, 340.83
1280, 3072, 1280, 344.90
1360, 3072, 1360, 348.54
1440, 3072, 1440, 347.52
1520, 3072, 1520, 349.76
1600, 3072, 1600, 332.47
1680, 3072, 1680, 346.78
1760, 3072, 1760, 348.42
1840, 3072, 1840, 350.34
1920, 3072, 1920, 353.88
2000, 3072, 2000, 352.79
2080, 3072, 2080, 342.28
2160, 3072, 2160, 342.86
2240, 3072, 2240, 344.07
2320, 3072, 2320, 329.55
2400, 3072, 2400, 331.51
2480, 3072, 2480, 331.45
2560, 3072, 2560, 335.96
2640, 3072, 2640, 334.15
2720, 3072, 2720, 338.43
2800, 3072, 2800, 336.24
2880, 3072, 2880, 340.49
2960, 3072, 2960, 338.75
3040, 3072, 3040, 341.41
3120, 3072, 3120, 329.23
3200, 3072, 3200, 331.70
3280, 3072, 3280, 331.16
3360, 3072, 3360, 334.86
3440, 3072, 3440, 334.91
3520, 3072, 3520, 338.11
3600, 3072, 3600, 336.78
3680, 3072, 3680, 339.47
3760, 3072, 3760, 338.20
3840, 3072, 3840, 343.89
3920, 3072, 3920, 327.50
4000, 3072, 4000, 332.75
