bli_shgemm performance
MC = 640, KC = 2560, NC = 3072
m, n, k, GFLOPS
80, 3072, 80, 166.33
160, 3072, 160, 238.50
240, 3072, 240, 253.41
320, 3072, 320, 280.35
400, 3072, 400, 296.78
480, 3072, 480, 313.46
560, 3072, 560, 325.68
640, 3072, 640, 335.71
720, 3072, 720, 338.90
800, 3072, 800, 350.42
880, 3072, 880, 355.56
960, 3072, 960, 361.60
1040, 3072, 1040, 366.52
1120, 3072, 1120, 368.83
1200, 3072, 1200, 371.24
1280, 3072, 1280, 373.01
1360, 3072, 1360, 381.63
1440, 3072, 1440, 385.24
1520, 3072, 1520, 386.15
1600, 3072, 1600, 379.55
1680, 3072, 1680, 382.42
1760, 3072, 1760, 383.42
1840, 3072, 1840, 384.02
1920, 3072, 1920, 387.09
2000, 3072, 2000, 386.92
2080, 3072, 2080, 388.66
2160, 3072, 2160, 388.42
2240, 3072, 2240, 390.80
2320, 3072, 2320, 390.56
2400, 3072, 2400, 393.39
2480, 3072, 2480, 391.59
2560, 3072, 2560, 391.69
2640, 3072, 2640, 366.26
2720, 3072, 2720, 367.66
2800, 3072, 2800, 368.68
2880, 3072, 2880, 371.87
2960, 3072, 2960, 371.99
3040, 3072, 3040, 373.18
3120, 3072, 3120, 375.15
3200, 3072, 3200, 377.67
3280, 3072, 3280, 375.71
3360, 3072, 3360, 380.16
3440, 3072, 3440, 379.85
3520, 3072, 3520, 383.80
3600, 3072, 3600, 385.07
3680, 3072, 3680, 387.09
3760, 3072, 3760, 387.94
3840, 3072, 3840, 389.00
3920, 3072, 3920, 389.23
4000, 3072, 4000, 391.36
