bli_shgemm performance
MC = 256, KC = 256, NC = 1024
m, n, k, GFLOPS
80, 1024, 80, 165.91
160, 1024, 160, 233.93
240, 1024, 240, 274.92
320, 1024, 320, 260.18
400, 1024, 400, 282.52
480, 1024, 480, 300.17
560, 1024, 560, 282.77
640, 1024, 640, 295.40
720, 1024, 720, 293.09
800, 1024, 800, 287.17
880, 1024, 880, 285.96
960, 1024, 960, 298.38
1040, 1024, 1040, 280.59
1120, 1024, 1120, 290.34
1200, 1024, 1200, 289.38
1280, 1024, 1280, 301.96
1360, 1024, 1360, 285.75
1440, 1024, 1440, 296.11
1520, 1024, 1520, 295.82
1600, 1024, 1600, 295.54
1680, 1024, 1680, 292.46
1760, 1024, 1760, 301.16
1840, 1024, 1840, 304.94
1920, 1024, 1920, 308.76
2000, 1024, 2000, 312.18
2080, 1024, 2080, 289.46
2160, 1024, 2160, 292.84
2240, 1024, 2240, 307.55
2320, 1024, 2320, 294.51
2400, 1024, 2400, 304.74
2480, 1024, 2480, 301.29
2560, 1024, 2560, 310.60
2640, 1024, 2640, 296.97
2720, 1024, 2720, 307.96
2800, 1024, 2800, 302.48
2880, 1024, 2880, 305.26
2960, 1024, 2960, 297.19
3040, 1024, 3040, 310.05
3120, 1024, 3120, 305.44
3200, 1024, 3200, 307.19
3280, 1024, 3280, 309.19
3360, 1024, 3360, 305.28
3440, 1024, 3440, 306.98
3520, 1024, 3520, 309.38
3600, 1024, 3600, 304.78
3680, 1024, 3680, 307.34
3760, 1024, 3760, 308.60
3840, 1024, 3840, 310.54
3920, 1024, 3920, 306.49
4000, 1024, 4000, 308.66
