bli_shgemm performance
MC = 384, KC = 1024, NC = 1024
m, n, k, GFLOPS
80, 1024, 80, 167.41
160, 1024, 160, 236.52
240, 1024, 240, 275.29
320, 1024, 320, 304.89
400, 1024, 400, 322.40
480, 1024, 480, 328.97
560, 1024, 560, 331.33
640, 1024, 640, 337.86
720, 1024, 720, 334.21
800, 1024, 800, 346.99
880, 1024, 880, 349.46
960, 1024, 960, 360.32
1040, 1024, 1040, 332.78
1120, 1024, 1120, 337.12
1200, 1024, 1200, 339.58
1280, 1024, 1280, 350.45
1360, 1024, 1360, 349.71
1440, 1024, 1440, 358.52
1520, 1024, 1520, 357.54
1600, 1024, 1600, 364.59
1680, 1024, 1680, 361.64
1760, 1024, 1760, 367.91
1840, 1024, 1840, 381.17
1920, 1024, 1920, 382.77
2000, 1024, 2000, 383.85
2080, 1024, 2080, 364.29
2160, 1024, 2160, 366.41
2240, 1024, 2240, 372.58
2320, 1024, 2320, 366.29
2400, 1024, 2400, 376.42
2480, 1024, 2480, 371.17
2560, 1024, 2560, 380.39
2640, 1024, 2640, 373.36
2720, 1024, 2720, 381.32
2800, 1024, 2800, 376.36
2880, 1024, 2880, 384.95
2960, 1024, 2960, 379.16
3040, 1024, 3040, 386.65
3120, 1024, 3120, 375.49
3200, 1024, 3200, 377.19
3280, 1024, 3280, 378.59
3360, 1024, 3360, 379.67
3440, 1024, 3440, 381.07
3520, 1024, 3520, 382.28
3600, 1024, 3600, 383.20
3680, 1024, 3680, 384.03
3760, 1024, 3760, 383.72
3840, 1024, 3840, 385.90
3920, 1024, 3920, 385.64
4000, 1024, 4000, 385.79
