bli_shgemm performance
MC = 256, KC = 1792, NC = 3072
m, n, k, GFLOPS
80, 3072, 80, 166.24
160, 3072, 160, 232.83
240, 3072, 240, 254.24
320, 3072, 320, 278.64
400, 3072, 400, 292.82
480, 3072, 480, 308.56
560, 3072, 560, 318.19
640, 3072, 640, 326.15
720, 3072, 720, 333.97
800, 3072, 800, 341.75
880, 3072, 880, 346.10
960, 3072, 960, 362.35
1040, 3072, 1040, 355.19
1120, 3072, 1120, 360.55
1200, 3072, 1200, 363.01
1280, 3072, 1280, 366.65
1360, 3072, 1360, 368.72
1440, 3072, 1440, 371.14
1520, 3072, 1520, 372.44
1600, 3072, 1600, 374.59
1680, 3072, 1680, 375.11
1760, 3072, 1760, 377.40
1840, 3072, 1840, 352.73
1920, 3072, 1920, 355.00
2000, 3072, 2000, 368.47
2080, 3072, 2080, 356.76
2160, 3072, 2160, 356.04
2240, 3072, 2240, 360.40
2320, 3072, 2320, 359.00
2400, 3072, 2400, 360.50
2480, 3072, 2480, 360.12
2560, 3072, 2560, 366.10
2640, 3072, 2640, 364.83
2720, 3072, 2720, 364.44
2800, 3072, 2800, 367.65
2880, 3072, 2880, 371.20
2960, 3072, 2960, 369.14
3040, 3072, 3040, 373.38
3120, 3072, 3120, 372.89
3200, 3072, 3200, 374.67
3280, 3072, 3280, 376.95
3360, 3072, 3360, 378.15
3440, 3072, 3440, 379.66
3520, 3072, 3520, 382.65
3600, 3072, 3600, 363.14
3680, 3072, 3680, 364.78
3760, 3072, 3760, 364.87
3840, 3072, 3840, 368.03
3920, 3072, 3920, 366.40
4000, 3072, 4000, 369.21
