bli_shgemm performance
MC = 384, KC = 1280, NC = 2048
m, n, k, GFLOPS
80, 2048, 80, 162.41
160, 2048, 160, 233.22
240, 2048, 240, 262.25
320, 2048, 320, 283.40
400, 2048, 400, 293.58
480, 2048, 480, 307.50
560, 2048, 560, 319.79
640, 2048, 640, 331.10
720, 2048, 720, 342.88
800, 2048, 800, 346.78
880, 2048, 880, 350.23
960, 2048, 960, 360.78
1040, 2048, 1040, 364.37
1120, 2048, 1120, 369.70
1200, 2048, 1200, 369.27
1280, 2048, 1280, 364.26
1360, 2048, 1360, 350.33
1440, 2048, 1440, 352.35
1520, 2048, 1520, 355.99
1600, 2048, 1600, 364.57
1680, 2048, 1680, 366.35
1760, 2048, 1760, 368.43
1840, 2048, 1840, 369.55
1920, 2048, 1920, 372.74
2000, 2048, 2000, 371.37
2080, 2048, 2080, 367.89
2160, 2048, 2160, 368.91
2240, 2048, 2240, 371.38
2320, 2048, 2320, 369.51
2400, 2048, 2400, 372.85
2480, 2048, 2480, 372.50
2560, 2048, 2560, 375.12
2640, 2048, 2640, 358.61
2720, 2048, 2720, 358.61
2800, 2048, 2800, 359.24
2880, 2048, 2880, 362.07
2960, 2048, 2960, 361.13
3040, 2048, 3040, 362.10
3120, 2048, 3120, 362.20
3200, 2048, 3200, 365.23
3280, 2048, 3280, 364.35
3360, 2048, 3360, 367.96
3440, 2048, 3440, 367.62
3520, 2048, 3520, 357.79
3600, 2048, 3600, 356.77
3680, 2048, 3680, 361.58
3760, 2048, 3760, 373.91
3840, 2048, 3840, 376.71
3920, 2048, 3920, 362.43
4000, 2048, 4000, 364.61
