bli_shgemm performance
MC = 640, KC = 2304, NC = 5120
m, n, k, GFLOPS
80, 5120, 80, 177.25
160, 5120, 160, 218.75
240, 5120, 240, 251.63
320, 5120, 320, 280.54
400, 5120, 400, 302.32
480, 5120, 480, 314.52
560, 5120, 560, 326.87
640, 5120, 640, 333.01
720, 5120, 720, 331.56
800, 5120, 800, 340.48
880, 5120, 880, 342.94
960, 5120, 960, 347.37
1040, 5120, 1040, 351.10
1120, 5120, 1120, 356.23
1200, 5120, 1200, 354.47
1280, 5120, 1280, 358.15
1360, 5120, 1360, 360.46
1440, 5120, 1440, 363.19
1520, 5120, 1520, 364.39
1600, 5120, 1600, 370.40
1680, 5120, 1680, 377.65
1760, 5120, 1760, 376.63
1840, 5120, 1840, 381.38
1920, 5120, 1920, 383.64
2000, 5120, 2000, 383.37
2080, 5120, 2080, 384.17
2160, 5120, 2160, 383.65
2240, 5120, 2240, 388.50
2320, 5120, 2320, 362.39
2400, 5120, 2400, 362.98
2480, 5120, 2480, 362.68
2560, 5120, 2560, 366.15
2640, 5120, 2640, 364.31
2720, 5120, 2720, 366.46
2800, 5120, 2800, 369.29
2880, 5120, 2880, 370.28
2960, 5120, 2960, 370.00
3040, 5120, 3040, 374.91
3120, 5120, 3120, 373.90
3200, 5120, 3200, 376.72
3280, 5120, 3280, 381.14
3360, 5120, 3360, 384.01
3440, 5120, 3440, 383.78
3520, 5120, 3520, 383.79
3600, 5120, 3600, 385.28
3680, 5120, 3680, 389.30
3760, 5120, 3760, 389.68
3840, 5120, 3840, 389.36
3920, 5120, 3920, 389.06
4000, 5120, 4000, 390.85
