bli_shgemm performance
MC = 640, KC = 2304, NC = 1024
m, n, k, GFLOPS
80, 1024, 80, 165.33
160, 1024, 160, 233.28
240, 1024, 240, 274.87
320, 1024, 320, 303.91
400, 1024, 400, 324.12
480, 1024, 480, 325.13
560, 1024, 560, 325.36
640, 1024, 640, 329.47
720, 1024, 720, 336.98
800, 1024, 800, 351.17
880, 1024, 880, 351.34
960, 1024, 960, 363.05
1040, 1024, 1040, 364.23
1120, 1024, 1120, 369.06
1200, 1024, 1200, 370.20
1280, 1024, 1280, 373.86
1360, 1024, 1360, 372.63
1440, 1024, 1440, 378.94
1520, 1024, 1520, 380.31
1600, 1024, 1600, 385.10
1680, 1024, 1680, 385.09
1760, 1024, 1760, 388.05
1840, 1024, 1840, 388.91
1920, 1024, 1920, 390.47
2000, 1024, 2000, 390.31
2080, 1024, 2080, 391.24
2160, 1024, 2160, 391.77
2240, 1024, 2240, 393.51
2320, 1024, 2320, 375.92
2400, 1024, 2400, 378.42
2480, 1024, 2480, 377.31
2560, 1024, 2560, 379.65
2640, 1024, 2640, 378.74
2720, 1024, 2720, 381.58
2800, 1024, 2800, 379.87
2880, 1024, 2880, 389.37
2960, 1024, 2960, 389.75
3040, 1024, 3040, 391.37
3120, 1024, 3120, 393.83
3200, 1024, 3200, 393.30
3280, 1024, 3280, 394.05
3360, 1024, 3360, 394.35
3440, 1024, 3440, 395.54
3520, 1024, 3520, 395.27
3600, 1024, 3600, 396.44
3680, 1024, 3680, 397.43
3760, 1024, 3760, 400.28
3840, 1024, 3840, 401.14
3920, 1024, 3920, 401.13
4000, 1024, 4000, 401.43
