bli_shgemm performance
MC = 384, KC = 2560, NC = 3072
m, n, k, GFLOPS
80, 3072, 80, 166.95
160, 3072, 160, 231.85
240, 3072, 240, 248.76
320, 3072, 320, 277.09
400, 3072, 400, 300.74
480, 3072, 480, 315.58
560, 3072, 560, 329.14
640, 3072, 640, 337.90
720, 3072, 720, 340.83
800, 3072, 800, 348.26
880, 3072, 880, 352.47
960, 3072, 960, 359.82
1040, 3072, 1040, 363.47
1120, 3072, 1120, 367.66
1200, 3072, 1200, 366.83
1280, 3072, 1280, 370.35
1360, 3072, 1360, 379.62
1440, 3072, 1440, 383.14
1520, 3072, 1520, 376.37
1600, 3072, 1600, 375.38
1680, 3072, 1680, 377.87
1760, 3072, 1760, 379.56
1840, 3072, 1840, 380.09
1920, 3072, 1920, 383.44
2000, 3072, 2000, 384.35
2080, 3072, 2080, 386.69
2160, 3072, 2160, 392.24
2240, 3072, 2240, 394.26
2320, 3072, 2320, 393.24
2400, 3072, 2400, 394.90
2480, 3072, 2480, 396.45
2560, 3072, 2560, 397.74
2640, 3072, 2640, 370.35
2720, 3072, 2720, 369.45
2800, 3072, 2800, 370.34
2880, 3072, 2880, 372.11
2960, 3072, 2960, 371.55
3040, 3072, 3040, 375.27
3120, 3072, 3120, 374.11
3200, 3072, 3200, 377.81
3280, 3072, 3280, 376.79
3360, 3072, 3360, 380.86
3440, 3072, 3440, 381.36
3520, 3072, 3520, 384.54
3600, 3072, 3600, 384.66
3680, 3072, 3680, 386.38
3760, 3072, 3760, 386.87
3840, 3072, 3840, 389.47
3920, 3072, 3920, 389.54
4000, 3072, 4000, 390.93
