bli_shgemm performance
MC = 512, KC = 2816, NC = 2048
m, n, k, GFLOPS
80, 2048, 80, 163.75
160, 2048, 160, 233.79
240, 2048, 240, 264.26
320, 2048, 320, 280.11
400, 2048, 400, 297.06
480, 2048, 480, 309.33
560, 2048, 560, 320.33
640, 2048, 640, 327.83
720, 2048, 720, 344.98
800, 2048, 800, 357.44
880, 2048, 880, 360.65
960, 2048, 960, 368.42
1040, 2048, 1040, 367.95
1120, 2048, 1120, 372.53
1200, 2048, 1200, 376.43
1280, 2048, 1280, 380.57
1360, 2048, 1360, 382.52
1440, 2048, 1440, 381.06
1520, 2048, 1520, 382.63
1600, 2048, 1600, 383.08
1680, 2048, 1680, 385.66
1760, 2048, 1760, 386.39
1840, 2048, 1840, 386.79
1920, 2048, 1920, 395.97
2000, 2048, 2000, 400.12
2080, 2048, 2080, 395.35
2160, 2048, 2160, 395.73
2240, 2048, 2240, 397.82
2320, 2048, 2320, 397.88
2400, 2048, 2400, 398.55
2480, 2048, 2480, 399.50
2560, 2048, 2560, 400.50
2640, 2048, 2640, 399.44
2720, 2048, 2720, 400.41
2800, 2048, 2800, 399.32
2880, 2048, 2880, 382.05
2960, 2048, 2960, 381.65
3040, 2048, 3040, 384.29
3120, 2048, 3120, 382.96
3200, 2048, 3200, 384.64
3280, 2048, 3280, 384.19
3360, 2048, 3360, 385.52
3440, 2048, 3440, 385.41
3520, 2048, 3520, 385.96
3600, 2048, 3600, 390.36
3680, 2048, 3680, 392.19
3760, 2048, 3760, 392.49
3840, 2048, 3840, 394.68
3920, 2048, 3920, 395.25
4000, 2048, 4000, 397.02
