bli_shgemm performance
MC = 384, KC = 3072, NC = 5120
m, n, k, GFLOPS
80, 5120, 80, 176.13
160, 5120, 160, 227.99
240, 5120, 240, 247.17
320, 5120, 320, 279.60
400, 5120, 400, 296.40
480, 5120, 480, 309.17
560, 5120, 560, 322.64
640, 5120, 640, 328.75
720, 5120, 720, 334.63
800, 5120, 800, 336.67
880, 5120, 880, 338.86
960, 5120, 960, 343.85
1040, 5120, 1040, 348.02
1120, 5120, 1120, 351.70
1200, 5120, 1200, 349.32
1280, 5120, 1280, 351.72
1360, 5120, 1360, 363.72
1440, 5120, 1440, 368.53
1520, 5120, 1520, 361.41
1600, 5120, 1600, 365.22
1680, 5120, 1680, 371.43
1760, 5120, 1760, 377.66
1840, 5120, 1840, 379.39
1920, 5120, 1920, 381.46
2000, 5120, 2000, 381.78
2080, 5120, 2080, 383.62
2160, 5120, 2160, 384.63
2240, 5120, 2240, 384.08
2320, 5120, 2320, 387.17
2400, 5120, 2400, 389.73
2480, 5120, 2480, 390.19
2560, 5120, 2560, 392.27
2640, 5120, 2640, 386.62
2720, 5120, 2720, 392.53
2800, 5120, 2800, 393.79
2880, 5120, 2880, 385.57
2960, 5120, 2960, 397.09
3040, 5120, 3040, 397.80
3120, 5120, 3120, 372.10
3200, 5120, 3200, 372.54
3280, 5120, 3280, 373.59
3360, 5120, 3360, 379.31
3440, 5120, 3440, 379.68
3520, 5120, 3520, 381.61
3600, 5120, 3600, 381.39
3680, 5120, 3680, 382.48
3760, 5120, 3760, 381.87
3840, 5120, 3840, 386.07
3920, 5120, 3920, 382.66
4000, 5120, 4000, 387.42
