bli_shgemm performance
MC = 640, KC = 768, NC = 4096
m, n, k, GFLOPS
80, 4096, 80, 168.33
160, 4096, 160, 215.66
240, 4096, 240, 246.52
320, 4096, 320, 274.42
400, 4096, 400, 297.59
480, 4096, 480, 312.10
560, 4096, 560, 325.17
640, 4096, 640, 333.21
720, 4096, 720, 338.04
800, 4096, 800, 304.43
880, 4096, 880, 314.97
960, 4096, 960, 321.02
1040, 4096, 1040, 324.60
1120, 4096, 1120, 328.82
1200, 4096, 1200, 335.61
1280, 4096, 1280, 337.18
1360, 4096, 1360, 335.02
1440, 4096, 1440, 331.46
1520, 4096, 1520, 334.42
1600, 4096, 1600, 315.66
1680, 4096, 1680, 322.16
1760, 4096, 1760, 327.76
1840, 4096, 1840, 320.55
1920, 4096, 1920, 330.68
2000, 4096, 2000, 325.60
2080, 4096, 2080, 333.98
2160, 4096, 2160, 334.87
2240, 4096, 2240, 335.58
2320, 4096, 2320, 320.42
2400, 4096, 2400, 322.78
2480, 4096, 2480, 323.95
2560, 4096, 2560, 328.11
2640, 4096, 2640, 324.32
2720, 4096, 2720, 329.02
2800, 4096, 2800, 329.01
2880, 4096, 2880, 332.04
2960, 4096, 2960, 334.66
3040, 4096, 3040, 331.56
3120, 4096, 3120, 322.67
3200, 4096, 3200, 326.20
3280, 4096, 3280, 326.33
3360, 4096, 3360, 330.43
3440, 4096, 3440, 330.64
3520, 4096, 3520, 334.45
3600, 4096, 3600, 334.35
3680, 4096, 3680, 334.43
3760, 4096, 3760, 337.64
3840, 4096, 3840, 337.31
3920, 4096, 3920, 327.84
4000, 4096, 4000, 325.00
