bli_shgemm performance
MC = 512, KC = 4096, NC = 4096
m, n, k, GFLOPS
80, 4096, 80, 155.66
160, 4096, 160, 201.95
240, 4096, 240, 241.03
320, 4096, 320, 264.41
400, 4096, 400, 287.27
480, 4096, 480, 302.52
560, 4096, 560, 305.28
640, 4096, 640, 314.41
720, 4096, 720, 321.52
800, 4096, 800, 331.35
880, 4096, 880, 335.04
960, 4096, 960, 340.56
1040, 4096, 1040, 342.62
1120, 4096, 1120, 344.14
1200, 4096, 1200, 348.21
1280, 4096, 1280, 352.44
1360, 4096, 1360, 354.23
1440, 4096, 1440, 357.32
1520, 4096, 1520, 354.77
1600, 4096, 1600, 358.61
1680, 4096, 1680, 359.45
1760, 4096, 1760, 362.65
1840, 4096, 1840, 363.24
1920, 4096, 1920, 369.18
2000, 4096, 2000, 369.75
2080, 4096, 2080, 378.88
2160, 4096, 2160, 367.06
2240, 4096, 2240, 368.03
2320, 4096, 2320, 367.39
2400, 4096, 2400, 371.78
2480, 4096, 2480, 369.45
2560, 4096, 2560, 370.24
2640, 4096, 2640, 368.33
2720, 4096, 2720, 371.01
2800, 4096, 2800, 368.42
2880, 4096, 2880, 365.61
2960, 4096, 2960, 381.91
3040, 4096, 3040, 383.51
3120, 4096, 3120, 383.29
3200, 4096, 3200, 382.77
3280, 4096, 3280, 374.30
3360, 4096, 3360, 371.98
3440, 4096, 3440, 371.69
3520, 4096, 3520, 363.91
3600, 4096, 3600, 355.28
3680, 4096, 3680, 352.11
3760, 4096, 3760, 352.27
3840, 4096, 3840, 267.95
3920, 4096, 3920, 269.08
4000, 4096, 4000, 265.03
