bli_shgemm performance
MC = 640, KC = 1536, NC = 5120
m, n, k, GFLOPS
80, 5120, 80, 177.84
160, 5120, 160, 213.34
240, 5120, 240, 248.17
320, 5120, 320, 278.87
400, 5120, 400, 301.76
480, 5120, 480, 314.89
560, 5120, 560, 326.95
640, 5120, 640, 332.62
720, 5120, 720, 336.53
800, 5120, 800, 342.67
880, 5120, 880, 343.94
960, 5120, 960, 349.15
1040, 5120, 1040, 349.61
1120, 5120, 1120, 352.47
1200, 5120, 1200, 357.63
1280, 5120, 1280, 355.47
1360, 5120, 1360, 360.26
1440, 5120, 1440, 359.83
1520, 5120, 1520, 371.55
1600, 5120, 1600, 335.00
1680, 5120, 1680, 335.54
1760, 5120, 1760, 348.22
1840, 5120, 1840, 349.18
1920, 5120, 1920, 354.21
2000, 5120, 2000, 348.47
2080, 5120, 2080, 354.53
2160, 5120, 2160, 357.63
2240, 5120, 2240, 359.25
2320, 5120, 2320, 358.87
2400, 5120, 2400, 361.98
2480, 5120, 2480, 362.53
2560, 5120, 2560, 369.36
2640, 5120, 2640, 367.23
2720, 5120, 2720, 368.91
2800, 5120, 2800, 369.57
2880, 5120, 2880, 369.91
2960, 5120, 2960, 374.72
3040, 5120, 3040, 375.60
3120, 5120, 3120, 350.91
3200, 5120, 3200, 358.33
3280, 5120, 3280, 360.12
3360, 5120, 3360, 363.17
3440, 5120, 3440, 362.28
3520, 5120, 3520, 365.45
3600, 5120, 3600, 365.80
3680, 5120, 3680, 367.04
3760, 5120, 3760, 365.93
3840, 5120, 3840, 371.80
3920, 5120, 3920, 369.06
4000, 5120, 4000, 370.66
