bli_shgemm performance
MC = 640, KC = 1792, NC = 4096
m, n, k, GFLOPS
80, 4096, 80, 168.29
160, 4096, 160, 218.69
240, 4096, 240, 244.49
320, 4096, 320, 273.94
400, 4096, 400, 296.31
480, 4096, 480, 311.90
560, 4096, 560, 324.48
640, 4096, 640, 329.12
720, 4096, 720, 331.87
800, 4096, 800, 340.26
880, 4096, 880, 343.30
960, 4096, 960, 353.27
1040, 4096, 1040, 353.43
1120, 4096, 1120, 353.06
1200, 4096, 1200, 356.17
1280, 4096, 1280, 359.63
1360, 4096, 1360, 360.00
1440, 4096, 1440, 361.87
1520, 4096, 1520, 361.69
1600, 4096, 1600, 367.38
1680, 4096, 1680, 367.38
1760, 4096, 1760, 370.60
1840, 4096, 1840, 339.35
1920, 4096, 1920, 342.28
2000, 4096, 2000, 341.69
2080, 4096, 2080, 357.30
2160, 4096, 2160, 358.42
2240, 4096, 2240, 362.20
2320, 4096, 2320, 363.80
2400, 4096, 2400, 365.83
2480, 4096, 2480, 362.02
2560, 4096, 2560, 364.91
2640, 4096, 2640, 366.34
2720, 4096, 2720, 366.04
2800, 4096, 2800, 368.10
2880, 4096, 2880, 375.50
2960, 4096, 2960, 377.56
3040, 4096, 3040, 378.66
3120, 4096, 3120, 378.47
3200, 4096, 3200, 380.83
3280, 4096, 3280, 373.02
3360, 4096, 3360, 382.73
3440, 4096, 3440, 379.79
3520, 4096, 3520, 386.62
3600, 4096, 3600, 362.94
3680, 4096, 3680, 372.38
3760, 4096, 3760, 367.43
3840, 4096, 3840, 373.46
3920, 4096, 3920, 367.44
4000, 4096, 4000, 376.24
