bli_shgemm performance
MC = 384, KC = 2304, NC = 4096
m, n, k, GFLOPS
80, 4096, 80, 167.45
160, 4096, 160, 227.47
240, 4096, 240, 242.44
320, 4096, 320, 274.21
400, 4096, 400, 292.84
480, 4096, 480, 306.80
560, 4096, 560, 319.35
640, 4096, 640, 328.47
720, 4096, 720, 334.28
800, 4096, 800, 341.42
880, 4096, 880, 343.07
960, 4096, 960, 349.68
1040, 4096, 1040, 351.38
1120, 4096, 1120, 354.37
1200, 4096, 1200, 355.00
1280, 4096, 1280, 359.25
1360, 4096, 1360, 361.59
1440, 4096, 1440, 365.95
1520, 4096, 1520, 365.60
1600, 4096, 1600, 367.14
1680, 4096, 1680, 369.79
1760, 4096, 1760, 372.42
1840, 4096, 1840, 371.98
1920, 4096, 1920, 377.16
2000, 4096, 2000, 376.04
2080, 4096, 2080, 384.75
2160, 4096, 2160, 382.54
2240, 4096, 2240, 387.55
2320, 4096, 2320, 358.58
2400, 4096, 2400, 360.08
2480, 4096, 2480, 360.61
2560, 4096, 2560, 363.63
2640, 4096, 2640, 364.16
2720, 4096, 2720, 365.19
2800, 4096, 2800, 365.04
2880, 4096, 2880, 370.43
2960, 4096, 2960, 368.20
3040, 4096, 3040, 371.44
3120, 4096, 3120, 368.87
3200, 4096, 3200, 375.29
3280, 4096, 3280, 375.85
3360, 4096, 3360, 376.23
3440, 4096, 3440, 378.49
3520, 4096, 3520, 378.12
3600, 4096, 3600, 380.30
3680, 4096, 3680, 383.46
3760, 4096, 3760, 383.22
3840, 4096, 3840, 385.58
3920, 4096, 3920, 386.45
4000, 4096, 4000, 388.37
