bli_shgemm performance
MC = 256, KC = 2304, NC = 1024
m, n, k, GFLOPS
80, 1024, 80, 166.55
160, 1024, 160, 234.87
240, 1024, 240, 275.34
320, 1024, 320, 304.79
400, 1024, 400, 324.22
480, 1024, 480, 328.64
560, 1024, 560, 333.98
640, 1024, 640, 345.40
720, 1024, 720, 347.85
800, 1024, 800, 348.29
880, 1024, 880, 350.15
960, 1024, 960, 360.83
1040, 1024, 1040, 364.35
1120, 1024, 1120, 366.36
1200, 1024, 1200, 366.52
1280, 1024, 1280, 372.69
1360, 1024, 1360, 371.83
1440, 1024, 1440, 374.80
1520, 1024, 1520, 376.19
1600, 1024, 1600, 379.83
1680, 1024, 1680, 378.91
1760, 1024, 1760, 383.26
1840, 1024, 1840, 380.90
1920, 1024, 1920, 385.48
2000, 1024, 2000, 384.63
2080, 1024, 2080, 385.04
2160, 1024, 2160, 384.98
2240, 1024, 2240, 388.11
2320, 1024, 2320, 369.18
2400, 1024, 2400, 372.36
2480, 1024, 2480, 372.84
2560, 1024, 2560, 375.63
2640, 1024, 2640, 374.58
2720, 1024, 2720, 376.97
2800, 1024, 2800, 376.52
2880, 1024, 2880, 384.50
2960, 1024, 2960, 388.02
3040, 1024, 3040, 389.88
3120, 1024, 3120, 389.84
3200, 1024, 3200, 390.74
3280, 1024, 3280, 392.49
3360, 1024, 3360, 391.97
3440, 1024, 3440, 392.65
3520, 1024, 3520, 393.40
3600, 1024, 3600, 393.39
3680, 1024, 3680, 393.62
3760, 1024, 3760, 393.97
3840, 1024, 3840, 394.10
3920, 1024, 3920, 393.74
4000, 1024, 4000, 394.38
