bli_shgemm performance
MC = 256, KC = 3328, NC = 1024
m, n, k, GFLOPS
80, 1024, 80, 168.51
160, 1024, 160, 233.79
240, 1024, 240, 274.54
320, 1024, 320, 304.28
400, 1024, 400, 321.47
480, 1024, 480, 328.82
560, 1024, 560, 334.12
640, 1024, 640, 341.22
720, 1024, 720, 343.69
800, 1024, 800, 354.44
880, 1024, 880, 363.92
960, 1024, 960, 360.21
1040, 1024, 1040, 362.66
1120, 1024, 1120, 366.52
1200, 1024, 1200, 366.38
1280, 1024, 1280, 372.34
1360, 1024, 1360, 372.05
1440, 1024, 1440, 375.95
1520, 1024, 1520, 375.92
1600, 1024, 1600, 378.89
1680, 1024, 1680, 378.64
1760, 1024, 1760, 380.66
1840, 1024, 1840, 378.83
1920, 1024, 1920, 382.73
2000, 1024, 2000, 383.17
2080, 1024, 2080, 383.63
2160, 1024, 2160, 388.31
2240, 1024, 2240, 390.08
2320, 1024, 2320, 389.37
2400, 1024, 2400, 390.58
2480, 1024, 2480, 391.58
2560, 1024, 2560, 393.10
2640, 1024, 2640, 393.22
2720, 1024, 2720, 394.10
2800, 1024, 2800, 394.91
2880, 1024, 2880, 395.07
2960, 1024, 2960, 396.10
3040, 1024, 3040, 397.51
3120, 1024, 3120, 396.12
3200, 1024, 3200, 397.36
3280, 1024, 3280, 398.60
3360, 1024, 3360, 385.94
3440, 1024, 3440, 387.45
3520, 1024, 3520, 388.16
3600, 1024, 3600, 388.74
3680, 1024, 3680, 390.05
3760, 1024, 3760, 391.45
3840, 1024, 3840, 392.46
3920, 1024, 3920, 392.27
4000, 1024, 4000, 392.19
