bli_shgemm performance
MC = 512, KC = 2304, NC = 5120
m, n, k, GFLOPS
80, 5120, 80, 176.18
160, 5120, 160, 209.29
240, 5120, 240, 249.17
320, 5120, 320, 281.03
400, 5120, 400, 303.68
480, 5120, 480, 317.38
560, 5120, 560, 322.98
640, 5120, 640, 327.54
720, 5120, 720, 333.01
800, 5120, 800, 340.85
880, 5120, 880, 344.59
960, 5120, 960, 350.27
1040, 5120, 1040, 347.24
1120, 5120, 1120, 352.60
1200, 5120, 1200, 353.27
1280, 5120, 1280, 356.95
1360, 5120, 1360, 361.69
1440, 5120, 1440, 363.50
1520, 5120, 1520, 365.21
1600, 5120, 1600, 368.37
1680, 5120, 1680, 374.74
1760, 5120, 1760, 378.08
1840, 5120, 1840, 380.47
1920, 5120, 1920, 381.42
2000, 5120, 2000, 384.08
2080, 5120, 2080, 384.36
2160, 5120, 2160, 382.77
2240, 5120, 2240, 386.62
2320, 5120, 2320, 362.80
2400, 5120, 2400, 358.64
2480, 5120, 2480, 362.82
2560, 5120, 2560, 363.90
2640, 5120, 2640, 364.42
2720, 5120, 2720, 367.91
2800, 5120, 2800, 368.62
2880, 5120, 2880, 371.60
2960, 5120, 2960, 371.13
3040, 5120, 3040, 371.42
3120, 5120, 3120, 373.50
3200, 5120, 3200, 373.43
3280, 5120, 3280, 381.97
3360, 5120, 3360, 385.00
3440, 5120, 3440, 385.02
3520, 5120, 3520, 385.06
3600, 5120, 3600, 386.21
3680, 5120, 3680, 387.50
3760, 5120, 3760, 389.13
3840, 5120, 3840, 390.17
3920, 5120, 3920, 392.19
4000, 5120, 4000, 391.72
