bli_shgemm performance
MC = 256, KC = 1792, NC = 5120
m, n, k, GFLOPS
80, 5120, 80, 176.56
160, 5120, 160, 207.83
240, 5120, 240, 247.31
320, 5120, 320, 274.55
400, 5120, 400, 294.99
480, 5120, 480, 306.90
560, 5120, 560, 312.84
640, 5120, 640, 319.65
720, 5120, 720, 323.41
800, 5120, 800, 327.95
880, 5120, 880, 337.63
960, 5120, 960, 337.82
1040, 5120, 1040, 340.90
1120, 5120, 1120, 342.99
1200, 5120, 1200, 345.75
1280, 5120, 1280, 350.58
1360, 5120, 1360, 354.94
1440, 5120, 1440, 356.48
1520, 5120, 1520, 358.01
1600, 5120, 1600, 360.57
1680, 5120, 1680, 367.62
1760, 5120, 1760, 373.48
1840, 5120, 1840, 339.50
1920, 5120, 1920, 341.42
2000, 5120, 2000, 342.77
2080, 5120, 2080, 344.56
2160, 5120, 2160, 349.08
2240, 5120, 2240, 350.27
2320, 5120, 2320, 349.61
2400, 5120, 2400, 353.96
2480, 5120, 2480, 353.42
2560, 5120, 2560, 359.84
2640, 5120, 2640, 355.75
2720, 5120, 2720, 358.20
2800, 5120, 2800, 362.38
2880, 5120, 2880, 364.57
2960, 5120, 2960, 363.62
3040, 5120, 3040, 363.87
3120, 5120, 3120, 370.57
3200, 5120, 3200, 371.22
3280, 5120, 3280, 376.05
3360, 5120, 3360, 378.74
3440, 5120, 3440, 376.54
3520, 5120, 3520, 375.76
3600, 5120, 3600, 356.56
3680, 5120, 3680, 358.61
3760, 5120, 3760, 359.17
3840, 5120, 3840, 361.64
3920, 5120, 3920, 361.36
4000, 5120, 4000, 363.20
