bli_shgemm performance
MC = 512, KC = 2304, NC = 1024
m, n, k, GFLOPS
80, 1024, 80, 163.14
160, 1024, 160, 235.97
240, 1024, 240, 277.38
320, 1024, 320, 304.65
400, 1024, 400, 325.25
480, 1024, 480, 328.09
560, 1024, 560, 327.24
640, 1024, 640, 338.70
720, 1024, 720, 340.25
800, 1024, 800, 352.43
880, 1024, 880, 353.53
960, 1024, 960, 363.55
1040, 1024, 1040, 363.58
1120, 1024, 1120, 365.16
1200, 1024, 1200, 367.67
1280, 1024, 1280, 374.33
1360, 1024, 1360, 373.98
1440, 1024, 1440, 378.81
1520, 1024, 1520, 380.29
1600, 1024, 1600, 383.12
1680, 1024, 1680, 383.28
1760, 1024, 1760, 386.49
1840, 1024, 1840, 386.18
1920, 1024, 1920, 392.14
2000, 1024, 2000, 391.46
2080, 1024, 2080, 390.80
2160, 1024, 2160, 390.02
2240, 1024, 2240, 393.52
2320, 1024, 2320, 376.48
2400, 1024, 2400, 378.50
2480, 1024, 2480, 376.98
2560, 1024, 2560, 380.04
2640, 1024, 2640, 378.59
2720, 1024, 2720, 380.82
2800, 1024, 2800, 379.84
2880, 1024, 2880, 389.42
2960, 1024, 2960, 388.92
3040, 1024, 3040, 392.08
3120, 1024, 3120, 391.56
3200, 1024, 3200, 391.69
3280, 1024, 3280, 392.73
3360, 1024, 3360, 394.35
3440, 1024, 3440, 394.30
3520, 1024, 3520, 397.26
3600, 1024, 3600, 396.59
3680, 1024, 3680, 397.89
3760, 1024, 3760, 399.01
3840, 1024, 3840, 399.41
3920, 1024, 3920, 400.15
4000, 1024, 4000, 400.57
