bli_shgemm performance
MC = 384, KC = 256, NC = 1024
m, n, k, GFLOPS
80, 1024, 80, 169.60
160, 1024, 160, 234.32
240, 1024, 240, 274.70
320, 1024, 320, 258.97
400, 1024, 400, 279.49
480, 1024, 480, 298.94
560, 1024, 560, 273.90
640, 1024, 640, 286.99
720, 1024, 720, 287.67
800, 1024, 800, 280.48
880, 1024, 880, 280.61
960, 1024, 960, 293.10
1040, 1024, 1040, 272.46
1120, 1024, 1120, 285.19
1200, 1024, 1200, 283.63
1280, 1024, 1280, 295.03
1360, 1024, 1360, 280.19
1440, 1024, 1440, 290.57
1520, 1024, 1520, 289.84
1600, 1024, 1600, 289.17
1680, 1024, 1680, 285.51
1760, 1024, 1760, 295.32
1840, 1024, 1840, 297.08
1920, 1024, 1920, 300.98
2000, 1024, 2000, 305.36
2080, 1024, 2080, 286.74
2160, 1024, 2160, 290.33
2240, 1024, 2240, 303.01
2320, 1024, 2320, 286.26
2400, 1024, 2400, 300.28
2480, 1024, 2480, 292.55
2560, 1024, 2560, 306.58
2640, 1024, 2640, 287.31
2720, 1024, 2720, 303.44
2800, 1024, 2800, 291.21
2880, 1024, 2880, 301.45
2960, 1024, 2960, 287.57
3040, 1024, 3040, 306.26
3120, 1024, 3120, 301.02
3200, 1024, 3200, 303.22
3280, 1024, 3280, 305.02
3360, 1024, 3360, 301.08
3440, 1024, 3440, 302.90
3520, 1024, 3520, 305.15
3600, 1024, 3600, 301.04
3680, 1024, 3680, 303.34
3760, 1024, 3760, 304.35
3840, 1024, 3840, 306.22
3920, 1024, 3920, 302.10
4000, 1024, 4000, 304.62
