bli_shgemm performance
MC = 384, KC = 3584, NC = 5120
m, n, k, GFLOPS
80, 5120, 80, 162.36
160, 5120, 160, 195.73
240, 5120, 240, 241.81
320, 5120, 320, 261.52
400, 5120, 400, 279.18
480, 5120, 480, 291.73
560, 5120, 560, 306.92
640, 5120, 640, 312.69
720, 5120, 720, 317.69
800, 5120, 800, 317.38
880, 5120, 880, 328.77
960, 5120, 960, 332.58
1040, 5120, 1040, 330.68
1120, 5120, 1120, 328.36
1200, 5120, 1200, 334.78
1280, 5120, 1280, 330.30
1360, 5120, 1360, 337.24
1440, 5120, 1440, 339.97
1520, 5120, 1520, 342.79
1600, 5120, 1600, 347.42
1680, 5120, 1680, 345.84
1760, 5120, 1760, 347.66
1840, 5120, 1840, 356.24
1920, 5120, 1920, 362.78
2000, 5120, 2000, 361.22
2080, 5120, 2080, 364.33
2160, 5120, 2160, 365.89
2240, 5120, 2240, 367.43
2320, 5120, 2320, 367.99
2400, 5120, 2400, 372.58
2480, 5120, 2480, 372.36
2560, 5120, 2560, 376.65
2640, 5120, 2640, 376.48
2720, 5120, 2720, 374.83
2800, 5120, 2800, 368.36
2880, 5120, 2880, 374.19
2960, 5120, 2960, 378.92
3040, 5120, 3040, 383.98
3120, 5120, 3120, 381.80
3200, 5120, 3200, 381.26
3280, 5120, 3280, 385.88
3360, 5120, 3360, 386.57
3440, 5120, 3440, 386.09
3520, 5120, 3520, 385.64
3600, 5120, 3600, 377.34
3680, 5120, 3680, 379.16
3760, 5120, 3760, 379.29
3840, 5120, 3840, 381.66
3920, 5120, 3920, 380.76
4000, 5120, 4000, 382.81
