bli_shgemm performance
MC = 256, KC = 3584, NC = 4096
m, n, k, GFLOPS
80, 4096, 80, 168.21
160, 4096, 160, 218.57
240, 4096, 240, 242.48
320, 4096, 320, 270.25
400, 4096, 400, 291.16
480, 4096, 480, 306.44
560, 4096, 560, 315.64
640, 4096, 640, 322.23
720, 4096, 720, 328.31
800, 4096, 800, 333.17
880, 4096, 880, 338.62
960, 4096, 960, 342.88
1040, 4096, 1040, 344.59
1120, 4096, 1120, 348.21
1200, 4096, 1200, 350.81
1280, 4096, 1280, 354.15
1360, 4096, 1360, 353.53
1440, 4096, 1440, 357.09
1520, 4096, 1520, 358.77
1600, 4096, 1600, 368.59
1680, 4096, 1680, 361.87
1760, 4096, 1760, 373.97
1840, 4096, 1840, 369.89
1920, 4096, 1920, 370.88
2000, 4096, 2000, 372.78
2080, 4096, 2080, 380.74
2160, 4096, 2160, 381.68
2240, 4096, 2240, 384.90
2320, 4096, 2320, 382.62
2400, 4096, 2400, 387.05
2480, 4096, 2480, 387.24
2560, 4096, 2560, 389.77
2640, 4096, 2640, 386.44
2720, 4096, 2720, 392.16
2800, 4096, 2800, 391.00
2880, 4096, 2880, 391.66
2960, 4096, 2960, 392.47
3040, 4096, 3040, 390.82
3120, 4096, 3120, 391.61
3200, 4096, 3200, 393.69
3280, 4096, 3280, 395.91
3360, 4096, 3360, 395.18
3440, 4096, 3440, 395.33
3520, 4096, 3520, 397.42
3600, 4096, 3600, 376.93
3680, 4096, 3680, 376.36
3760, 4096, 3760, 377.04
3840, 4096, 3840, 378.74
3920, 4096, 3920, 378.41
4000, 4096, 4000, 379.01
