bli_shgemm performance
MC = 384, KC = 3328, NC = 2048
m, n, k, GFLOPS
80, 2048, 80, 162.79
160, 2048, 160, 231.47
240, 2048, 240, 262.96
320, 2048, 320, 284.79
400, 2048, 400, 298.91
480, 2048, 480, 312.87
560, 2048, 560, 324.72
640, 2048, 640, 334.84
720, 2048, 720, 337.48
800, 2048, 800, 346.78
880, 2048, 880, 351.78
960, 2048, 960, 359.98
1040, 2048, 1040, 365.61
1120, 2048, 1120, 370.30
1200, 2048, 1200, 369.45
1280, 2048, 1280, 374.40
1360, 2048, 1360, 376.19
1440, 2048, 1440, 379.13
1520, 2048, 1520, 380.85
1600, 2048, 1600, 381.29
1680, 2048, 1680, 388.09
1760, 2048, 1760, 391.31
1840, 2048, 1840, 391.96
1920, 2048, 1920, 394.24
2000, 2048, 2000, 386.68
2080, 2048, 2080, 393.32
2160, 2048, 2160, 394.65
2240, 2048, 2240, 395.87
2320, 2048, 2320, 395.19
2400, 2048, 2400, 396.01
2480, 2048, 2480, 397.67
2560, 2048, 2560, 398.77
2640, 2048, 2640, 397.04
2720, 2048, 2720, 396.39
2800, 2048, 2800, 397.07
2880, 2048, 2880, 399.84
2960, 2048, 2960, 400.03
3040, 2048, 3040, 400.36
3120, 2048, 3120, 400.14
3200, 2048, 3200, 402.60
3280, 2048, 3280, 402.89
3360, 2048, 3360, 386.02
3440, 2048, 3440, 386.91
3520, 2048, 3520, 387.71
3600, 2048, 3600, 387.00
3680, 2048, 3680, 388.70
3760, 2048, 3760, 389.46
3840, 2048, 3840, 390.77
3920, 2048, 3920, 390.69
4000, 2048, 4000, 390.71
