bli_shgemm performance
MC = 640, KC = 1024, NC = 3072
m, n, k, GFLOPS
80, 3072, 80, 165.91
160, 3072, 160, 226.97
240, 3072, 240, 263.66
320, 3072, 320, 288.14
400, 3072, 400, 308.89
480, 3072, 480, 320.29
560, 3072, 560, 331.94
640, 3072, 640, 337.74
720, 3072, 720, 340.00
800, 3072, 800, 351.71
880, 3072, 880, 355.43
960, 3072, 960, 364.03
1040, 3072, 1040, 336.93
1120, 3072, 1120, 342.00
1200, 3072, 1200, 344.17
1280, 3072, 1280, 356.57
1360, 3072, 1360, 357.52
1440, 3072, 1440, 360.47
1520, 3072, 1520, 361.19
1600, 3072, 1600, 365.57
1680, 3072, 1680, 365.83
1760, 3072, 1760, 370.34
1840, 3072, 1840, 372.64
1920, 3072, 1920, 375.66
2000, 3072, 2000, 375.18
2080, 3072, 2080, 357.62
2160, 3072, 2160, 357.79
2240, 3072, 2240, 356.74
2320, 3072, 2320, 359.03
2400, 3072, 2400, 359.95
2480, 3072, 2480, 361.71
2560, 3072, 2560, 363.04
2640, 3072, 2640, 361.72
2720, 3072, 2720, 363.57
2800, 3072, 2800, 358.41
2880, 3072, 2880, 361.61
2960, 3072, 2960, 362.75
3040, 3072, 3040, 369.06
3120, 3072, 3120, 348.55
3200, 3072, 3200, 350.58
3280, 3072, 3280, 358.72
3360, 3072, 3360, 359.31
3440, 3072, 3440, 359.91
3520, 3072, 3520, 361.04
3600, 3072, 3600, 361.24
3680, 3072, 3680, 362.05
3760, 3072, 3760, 362.95
3840, 3072, 3840, 364.21
3920, 3072, 3920, 364.59
4000, 3072, 4000, 366.91
