bli_shgemm performance
MC = 512, KC = 2816, NC = 3072
m, n, k, GFLOPS
80, 3072, 80, 167.31
160, 3072, 160, 233.81
240, 3072, 240, 256.96
320, 3072, 320, 277.97
400, 3072, 400, 295.40
480, 3072, 480, 319.45
560, 3072, 560, 331.71
640, 3072, 640, 339.39
720, 3072, 720, 338.96
800, 3072, 800, 349.92
880, 3072, 880, 356.03
960, 3072, 960, 361.98
1040, 3072, 1040, 361.73
1120, 3072, 1120, 365.29
1200, 3072, 1200, 368.47
1280, 3072, 1280, 371.34
1360, 3072, 1360, 373.30
1440, 3072, 1440, 386.20
1520, 3072, 1520, 386.44
1600, 3072, 1600, 387.41
1680, 3072, 1680, 380.66
1760, 3072, 1760, 382.40
1840, 3072, 1840, 383.71
1920, 3072, 1920, 386.53
2000, 3072, 2000, 388.35
2080, 3072, 2080, 388.01
2160, 3072, 2160, 388.35
2240, 3072, 2240, 390.93
2320, 3072, 2320, 390.81
2400, 3072, 2400, 393.66
2480, 3072, 2480, 394.04
2560, 3072, 2560, 395.06
2640, 3072, 2640, 393.97
2720, 3072, 2720, 395.88
2800, 3072, 2800, 390.79
2880, 3072, 2880, 365.59
2960, 3072, 2960, 365.44
3040, 3072, 3040, 367.76
3120, 3072, 3120, 365.62
3200, 3072, 3200, 369.30
3280, 3072, 3280, 369.02
3360, 3072, 3360, 372.30
3440, 3072, 3440, 372.79
3520, 3072, 3520, 375.42
3600, 3072, 3600, 374.76
3680, 3072, 3680, 377.20
3760, 3072, 3760, 377.69
3840, 3072, 3840, 383.35
3920, 3072, 3920, 382.80
4000, 3072, 4000, 384.93
