bli_shgemm performance
MC = 256, KC = 3584, NC = 3072
m, n, k, GFLOPS
80, 3072, 80, 166.00
160, 3072, 160, 235.20
240, 3072, 240, 255.34
320, 3072, 320, 280.37
400, 3072, 400, 299.46
480, 3072, 480, 315.53
560, 3072, 560, 325.68
640, 3072, 640, 334.74
720, 3072, 720, 343.02
800, 3072, 800, 350.29
880, 3072, 880, 355.44
960, 3072, 960, 355.52
1040, 3072, 1040, 364.56
1120, 3072, 1120, 368.81
1200, 3072, 1200, 370.87
1280, 3072, 1280, 374.85
1360, 3072, 1360, 374.98
1440, 3072, 1440, 370.30
1520, 3072, 1520, 373.66
1600, 3072, 1600, 373.21
1680, 3072, 1680, 375.41
1760, 3072, 1760, 376.59
1840, 3072, 1840, 384.79
1920, 3072, 1920, 388.27
2000, 3072, 2000, 381.94
2080, 3072, 2080, 382.42
2160, 3072, 2160, 383.64
2240, 3072, 2240, 386.90
2320, 3072, 2320, 386.59
2400, 3072, 2400, 389.24
2480, 3072, 2480, 389.38
2560, 3072, 2560, 391.31
2640, 3072, 2640, 389.16
2720, 3072, 2720, 395.20
2800, 3072, 2800, 391.77
2880, 3072, 2880, 394.12
2960, 3072, 2960, 398.02
3040, 3072, 3040, 400.05
3120, 3072, 3120, 399.60
3200, 3072, 3200, 401.46
3280, 3072, 3280, 401.64
3360, 3072, 3360, 402.20
3440, 3072, 3440, 401.89
3520, 3072, 3520, 403.77
3600, 3072, 3600, 378.20
3680, 3072, 3680, 380.25
3760, 3072, 3760, 380.64
3840, 3072, 3840, 382.09
3920, 3072, 3920, 380.77
4000, 3072, 4000, 382.66
