bli_shgemm performance
MC = 640, KC = 1280, NC = 2048
m, n, k, GFLOPS
80, 2048, 80, 163.93
160, 2048, 160, 233.93
240, 2048, 240, 273.24
320, 2048, 320, 280.41
400, 2048, 400, 296.59
480, 2048, 480, 310.95
560, 2048, 560, 323.04
640, 2048, 640, 340.34
720, 2048, 720, 342.25
800, 2048, 800, 355.70
880, 2048, 880, 355.58
960, 2048, 960, 362.97
1040, 2048, 1040, 366.75
1120, 2048, 1120, 370.86
1200, 2048, 1200, 374.74
1280, 2048, 1280, 377.51
1360, 2048, 1360, 350.88
1440, 2048, 1440, 354.08
1520, 2048, 1520, 355.01
1600, 2048, 1600, 360.88
1680, 2048, 1680, 360.65
1760, 2048, 1760, 371.89
1840, 2048, 1840, 373.77
1920, 2048, 1920, 376.04
2000, 2048, 2000, 374.88
2080, 2048, 2080, 370.58
2160, 2048, 2160, 370.50
2240, 2048, 2240, 374.07
2320, 2048, 2320, 374.54
2400, 2048, 2400, 374.68
2480, 2048, 2480, 375.37
2560, 2048, 2560, 377.36
2640, 2048, 2640, 360.18
2720, 2048, 2720, 361.29
2800, 2048, 2800, 360.86
2880, 2048, 2880, 366.08
2960, 2048, 2960, 364.13
3040, 2048, 3040, 365.35
3120, 2048, 3120, 364.48
3200, 2048, 3200, 368.09
3280, 2048, 3280, 367.43
3360, 2048, 3360, 370.10
3440, 2048, 3440, 369.86
3520, 2048, 3520, 373.07
3600, 2048, 3600, 346.56
3680, 2048, 3680, 366.47
3760, 2048, 3760, 377.00
3840, 2048, 3840, 381.55
3920, 2048, 3920, 365.80
4000, 2048, 4000, 368.13
