bli_shgemm performance
MC = 640, KC = 3072, NC = 4096
m, n, k, GFLOPS
80, 4096, 80, 168.10
160, 4096, 160, 223.92
240, 4096, 240, 246.43
320, 4096, 320, 277.59
400, 4096, 400, 297.41
480, 4096, 480, 312.64
560, 4096, 560, 324.65
640, 4096, 640, 332.55
720, 4096, 720, 331.45
800, 4096, 800, 341.10
880, 4096, 880, 343.76
960, 4096, 960, 350.56
1040, 4096, 1040, 352.81
1120, 4096, 1120, 354.58
1200, 4096, 1200, 356.62
1280, 4096, 1280, 358.55
1360, 4096, 1360, 361.30
1440, 4096, 1440, 365.46
1520, 4096, 1520, 367.14
1600, 4096, 1600, 371.07
1680, 4096, 1680, 373.67
1760, 4096, 1760, 375.80
1840, 4096, 1840, 371.47
1920, 4096, 1920, 376.41
2000, 4096, 2000, 375.13
2080, 4096, 2080, 385.00
2160, 4096, 2160, 384.95
2240, 4096, 2240, 388.17
2320, 4096, 2320, 388.25
2400, 4096, 2400, 389.09
2480, 4096, 2480, 390.15
2560, 4096, 2560, 389.65
2640, 4096, 2640, 387.58
2720, 4096, 2720, 384.35
2800, 4096, 2800, 384.41
2880, 4096, 2880, 383.84
2960, 4096, 2960, 383.64
3040, 4096, 3040, 379.50
3120, 4096, 3120, 357.50
3200, 4096, 3200, 356.91
3280, 4096, 3280, 357.69
3360, 4096, 3360, 359.33
3440, 4096, 3440, 361.83
3520, 4096, 3520, 363.50
3600, 4096, 3600, 366.28
3680, 4096, 3680, 367.91
3760, 4096, 3760, 365.42
3840, 4096, 3840, 365.13
3920, 4096, 3920, 367.98
4000, 4096, 4000, 367.55
