bli_shgemm performance
MC = 512, KC = 1024, NC = 4096
m, n, k, GFLOPS
80, 4096, 80, 168.82
160, 4096, 160, 217.39
240, 4096, 240, 246.94
320, 4096, 320, 275.81
400, 4096, 400, 298.05
480, 4096, 480, 313.30
560, 4096, 560, 321.23
640, 4096, 640, 328.47
720, 4096, 720, 334.79
800, 4096, 800, 344.39
880, 4096, 880, 348.40
960, 4096, 960, 353.91
1040, 4096, 1040, 316.22
1120, 4096, 1120, 326.65
1200, 4096, 1200, 328.27
1280, 4096, 1280, 331.68
1360, 4096, 1360, 335.58
1440, 4096, 1440, 338.51
1520, 4096, 1520, 338.53
1600, 4096, 1600, 337.98
1680, 4096, 1680, 338.60
1760, 4096, 1760, 342.81
1840, 4096, 1840, 344.04
1920, 4096, 1920, 347.49
2000, 4096, 2000, 351.85
2080, 4096, 2080, 332.48
2160, 4096, 2160, 333.29
2240, 4096, 2240, 335.76
2320, 4096, 2320, 335.68
2400, 4096, 2400, 340.83
2480, 4096, 2480, 340.15
2560, 4096, 2560, 344.22
2640, 4096, 2640, 343.28
2720, 4096, 2720, 346.19
2800, 4096, 2800, 347.56
2880, 4096, 2880, 353.36
2960, 4096, 2960, 351.46
3040, 4096, 3040, 352.84
3120, 4096, 3120, 337.65
3200, 4096, 3200, 340.31
3280, 4096, 3280, 340.60
3360, 4096, 3360, 342.48
3440, 4096, 3440, 343.70
3520, 4096, 3520, 346.79
3600, 4096, 3600, 344.90
3680, 4096, 3680, 349.29
3760, 4096, 3760, 350.29
3840, 4096, 3840, 351.95
3920, 4096, 3920, 351.89
4000, 4096, 4000, 353.63
