bli_shgemm performance
MC = 384, KC = 2560, NC = 4096
m, n, k, GFLOPS
80, 4096, 80, 168.25
160, 4096, 160, 215.76
240, 4096, 240, 251.25
320, 4096, 320, 274.90
400, 4096, 400, 294.60
480, 4096, 480, 308.39
560, 4096, 560, 320.42
640, 4096, 640, 327.76
720, 4096, 720, 335.46
800, 4096, 800, 339.86
880, 4096, 880, 343.41
960, 4096, 960, 348.82
1040, 4096, 1040, 350.99
1120, 4096, 1120, 357.03
1200, 4096, 1200, 355.02
1280, 4096, 1280, 360.30
1360, 4096, 1360, 361.34
1440, 4096, 1440, 364.53
1520, 4096, 1520, 365.09
1600, 4096, 1600, 365.75
1680, 4096, 1680, 368.50
1760, 4096, 1760, 371.08
1840, 4096, 1840, 371.25
1920, 4096, 1920, 376.00
2000, 4096, 2000, 376.13
2080, 4096, 2080, 383.07
2160, 4096, 2160, 385.15
2240, 4096, 2240, 387.46
2320, 4096, 2320, 386.76
2400, 4096, 2400, 388.33
2480, 4096, 2480, 389.56
2560, 4096, 2560, 390.59
2640, 4096, 2640, 365.80
2720, 4096, 2720, 363.37
2800, 4096, 2800, 363.90
2880, 4096, 2880, 369.04
2960, 4096, 2960, 368.50
3040, 4096, 3040, 370.59
3120, 4096, 3120, 370.29
3200, 4096, 3200, 373.97
3280, 4096, 3280, 371.19
3360, 4096, 3360, 375.77
3440, 4096, 3440, 378.40
3520, 4096, 3520, 379.51
3600, 4096, 3600, 379.30
3680, 4096, 3680, 380.78
3760, 4096, 3760, 382.66
3840, 4096, 3840, 384.97
3920, 4096, 3920, 385.75
4000, 4096, 4000, 385.87
