bli_shgemm performance
MC = 256, KC = 1024, NC = 3072
m, n, k, GFLOPS
80, 3072, 80, 167.64
160, 3072, 160, 225.09
240, 3072, 240, 250.00
320, 3072, 320, 276.45
400, 3072, 400, 295.34
480, 3072, 480, 310.74
560, 3072, 560, 319.66
640, 3072, 640, 327.19
720, 3072, 720, 335.79
800, 3072, 800, 343.05
880, 3072, 880, 355.61
960, 3072, 960, 356.48
1040, 3072, 1040, 328.04
1120, 3072, 1120, 339.84
1200, 3072, 1200, 344.91
1280, 3072, 1280, 350.05
1360, 3072, 1360, 350.48
1440, 3072, 1440, 354.64
1520, 3072, 1520, 355.07
1600, 3072, 1600, 357.67
1680, 3072, 1680, 362.80
1760, 3072, 1760, 364.16
1840, 3072, 1840, 363.46
1920, 3072, 1920, 367.60
2000, 3072, 2000, 368.66
2080, 3072, 2080, 338.28
2160, 3072, 2160, 339.56
2240, 3072, 2240, 342.97
2320, 3072, 2320, 341.53
2400, 3072, 2400, 344.34
2480, 3072, 2480, 344.48
2560, 3072, 2560, 348.94
2640, 3072, 2640, 344.41
2720, 3072, 2720, 346.92
2800, 3072, 2800, 351.01
2880, 3072, 2880, 354.23
2960, 3072, 2960, 333.32
3040, 3072, 3040, 354.80
3120, 3072, 3120, 338.70
3200, 3072, 3200, 341.62
3280, 3072, 3280, 340.46
3360, 3072, 3360, 341.66
3440, 3072, 3440, 340.39
3520, 3072, 3520, 346.51
3600, 3072, 3600, 344.98
3680, 3072, 3680, 347.82
3760, 3072, 3760, 347.61
3840, 3072, 3840, 352.30
3920, 3072, 3920, 350.84
4000, 3072, 4000, 353.16
