bli_shgemm performance
MC = 384, KC = 2560, NC = 2048
m, n, k, GFLOPS
80, 2048, 80, 160.79
160, 2048, 160, 232.34
240, 2048, 240, 267.90
320, 2048, 320, 281.16
400, 2048, 400, 300.82
480, 2048, 480, 313.65
560, 2048, 560, 327.77
640, 2048, 640, 335.86
720, 2048, 720, 336.92
800, 2048, 800, 347.30
880, 2048, 880, 351.36
960, 2048, 960, 360.58
1040, 2048, 1040, 363.94
1120, 2048, 1120, 367.88
1200, 2048, 1200, 368.45
1280, 2048, 1280, 370.88
1360, 2048, 1360, 380.72
1440, 2048, 1440, 383.64
1520, 2048, 1520, 385.51
1600, 2048, 1600, 380.85
1680, 2048, 1680, 381.32
1760, 2048, 1760, 383.67
1840, 2048, 1840, 388.79
1920, 2048, 1920, 390.60
2000, 2048, 2000, 389.48
2080, 2048, 2080, 392.38
2160, 2048, 2160, 392.83
2240, 2048, 2240, 395.25
2320, 2048, 2320, 393.98
2400, 2048, 2400, 392.17
2480, 2048, 2480, 393.90
2560, 2048, 2560, 396.35
2640, 2048, 2640, 377.35
2720, 2048, 2720, 377.75
2800, 2048, 2800, 379.07
2880, 2048, 2880, 382.13
2960, 2048, 2960, 382.15
3040, 2048, 3040, 382.54
3120, 2048, 3120, 383.43
3200, 2048, 3200, 382.87
3280, 2048, 3280, 383.30
3360, 2048, 3360, 385.22
3440, 2048, 3440, 386.31
3520, 2048, 3520, 387.74
3600, 2048, 3600, 388.30
3680, 2048, 3680, 393.13
3760, 2048, 3760, 393.65
3840, 2048, 3840, 395.29
3920, 2048, 3920, 394.19
4000, 2048, 4000, 394.97
