bli_shgemm performance
MC = 256, KC = 3072, NC = 3072
m, n, k, GFLOPS
80, 3072, 80, 166.20
160, 3072, 160, 234.77
240, 3072, 240, 257.32
320, 3072, 320, 281.25
400, 3072, 400, 300.47
480, 3072, 480, 315.32
560, 3072, 560, 324.73
640, 3072, 640, 333.93
720, 3072, 720, 342.73
800, 3072, 800, 341.12
880, 3072, 880, 348.55
960, 3072, 960, 354.58
1040, 3072, 1040, 362.95
1120, 3072, 1120, 368.13
1200, 3072, 1200, 362.78
1280, 3072, 1280, 366.79
1360, 3072, 1360, 364.74
1440, 3072, 1440, 369.21
1520, 3072, 1520, 366.41
1600, 3072, 1600, 370.05
1680, 3072, 1680, 376.63
1760, 3072, 1760, 376.89
1840, 3072, 1840, 376.27
1920, 3072, 1920, 380.33
2000, 3072, 2000, 381.82
2080, 3072, 2080, 382.26
2160, 3072, 2160, 383.76
2240, 3072, 2240, 386.14
2320, 3072, 2320, 383.53
2400, 3072, 2400, 387.53
2480, 3072, 2480, 388.69
2560, 3072, 2560, 390.32
2640, 3072, 2640, 390.13
2720, 3072, 2720, 394.99
2800, 3072, 2800, 396.94
2880, 3072, 2880, 395.83
2960, 3072, 2960, 396.14
3040, 3072, 3040, 397.50
3120, 3072, 3120, 372.45
3200, 3072, 3200, 374.68
3280, 3072, 3280, 373.84
3360, 3072, 3360, 374.95
3440, 3072, 3440, 375.19
3520, 3072, 3520, 378.89
3600, 3072, 3600, 376.91
3680, 3072, 3680, 380.16
3760, 3072, 3760, 378.10
3840, 3072, 3840, 383.60
3920, 3072, 3920, 382.13
4000, 3072, 4000, 385.26
