bli_shgemm performance
MC = 640, KC = 2816, NC = 4096
m, n, k, GFLOPS
80, 4096, 80, 167.72
160, 4096, 160, 210.78
240, 4096, 240, 248.11
320, 4096, 320, 277.87
400, 4096, 400, 297.73
480, 4096, 480, 310.77
560, 4096, 560, 323.20
640, 4096, 640, 332.56
720, 4096, 720, 332.49
800, 4096, 800, 341.96
880, 4096, 880, 343.02
960, 4096, 960, 347.80
1040, 4096, 1040, 352.26
1120, 4096, 1120, 356.79
1200, 4096, 1200, 358.46
1280, 4096, 1280, 360.03
1360, 4096, 1360, 360.39
1440, 4096, 1440, 365.76
1520, 4096, 1520, 367.86
1600, 4096, 1600, 370.69
1680, 4096, 1680, 370.08
1760, 4096, 1760, 371.82
1840, 4096, 1840, 372.04
1920, 4096, 1920, 377.09
2000, 4096, 2000, 375.17
2080, 4096, 2080, 384.87
2160, 4096, 2160, 384.92
2240, 4096, 2240, 389.11
2320, 4096, 2320, 388.04
2400, 4096, 2400, 388.12
2480, 4096, 2480, 387.46
2560, 4096, 2560, 387.44
2640, 4096, 2640, 383.72
2720, 4096, 2720, 385.86
2800, 4096, 2800, 384.22
2880, 4096, 2880, 362.65
2960, 4096, 2960, 361.72
3040, 4096, 3040, 369.43
3120, 4096, 3120, 369.25
3200, 4096, 3200, 372.82
3280, 4096, 3280, 372.75
3360, 4096, 3360, 370.33
3440, 4096, 3440, 369.52
3520, 4096, 3520, 372.89
3600, 4096, 3600, 373.68
3680, 4096, 3680, 380.48
3760, 4096, 3760, 376.88
3840, 4096, 3840, 382.63
3920, 4096, 3920, 376.81
4000, 4096, 4000, 383.43
