bli_shgemm performance
MC = 640, KC = 2560, NC = 5120
m, n, k, GFLOPS
80, 5120, 80, 176.79
160, 5120, 160, 222.64
240, 5120, 240, 250.77
320, 5120, 320, 280.22
400, 5120, 400, 301.57
480, 5120, 480, 313.89
560, 5120, 560, 325.86
640, 5120, 640, 330.99
720, 5120, 720, 330.92
800, 5120, 800, 340.20
880, 5120, 880, 346.63
960, 5120, 960, 349.41
1040, 5120, 1040, 351.50
1120, 5120, 1120, 353.37
1200, 5120, 1200, 358.94
1280, 5120, 1280, 359.78
1360, 5120, 1360, 360.29
1440, 5120, 1440, 363.08
1520, 5120, 1520, 364.94
1600, 5120, 1600, 369.75
1680, 5120, 1680, 376.97
1760, 5120, 1760, 379.96
1840, 5120, 1840, 381.21
1920, 5120, 1920, 381.08
2000, 5120, 2000, 383.17
2080, 5120, 2080, 382.40
2160, 5120, 2160, 386.44
2240, 5120, 2240, 388.22
2320, 5120, 2320, 384.02
2400, 5120, 2400, 388.28
2480, 5120, 2480, 386.28
2560, 5120, 2560, 383.15
2640, 5120, 2640, 357.72
2720, 5120, 2720, 360.11
2800, 5120, 2800, 362.65
2880, 5120, 2880, 365.19
2960, 5120, 2960, 367.39
3040, 5120, 3040, 369.21
3120, 5120, 3120, 370.25
3200, 5120, 3200, 371.48
3280, 5120, 3280, 373.75
3360, 5120, 3360, 377.92
3440, 5120, 3440, 376.47
3520, 5120, 3520, 379.78
3600, 5120, 3600, 381.40
3680, 5120, 3680, 381.74
3760, 5120, 3760, 381.43
3840, 5120, 3840, 382.46
3920, 5120, 3920, 385.49
4000, 5120, 4000, 385.88
