bli_shgemm performance
MC = 512, KC = 2048, NC = 4096
m, n, k, GFLOPS
80, 4096, 80, 167.38
160, 4096, 160, 225.82
240, 4096, 240, 249.59
320, 4096, 320, 274.53
400, 4096, 400, 297.90
480, 4096, 480, 313.52
560, 4096, 560, 321.58
640, 4096, 640, 327.73
720, 4096, 720, 335.39
800, 4096, 800, 346.82
880, 4096, 880, 349.76
960, 4096, 960, 353.69
1040, 4096, 1040, 351.06
1120, 4096, 1120, 355.39
1200, 4096, 1200, 355.51
1280, 4096, 1280, 357.45
1360, 4096, 1360, 356.81
1440, 4096, 1440, 359.50
1520, 4096, 1520, 359.20
1600, 4096, 1600, 364.49
1680, 4096, 1680, 357.68
1760, 4096, 1760, 369.93
1840, 4096, 1840, 371.51
1920, 4096, 1920, 377.41
2000, 4096, 2000, 378.26
2080, 4096, 2080, 354.83
2160, 4096, 2160, 354.49
2240, 4096, 2240, 358.45
2320, 4096, 2320, 359.82
2400, 4096, 2400, 361.31
2480, 4096, 2480, 362.29
2560, 4096, 2560, 366.16
2640, 4096, 2640, 365.41
2720, 4096, 2720, 370.48
2800, 4096, 2800, 373.86
2880, 4096, 2880, 370.44
2960, 4096, 2960, 371.82
3040, 4096, 3040, 378.51
3120, 4096, 3120, 378.46
3200, 4096, 3200, 378.50
3280, 4096, 3280, 377.04
3360, 4096, 3360, 383.36
3440, 4096, 3440, 378.50
3520, 4096, 3520, 385.89
3600, 4096, 3600, 383.98
3680, 4096, 3680, 384.16
3760, 4096, 3760, 387.38
3840, 4096, 3840, 389.89
3920, 4096, 3920, 387.89
4000, 4096, 4000, 392.54
