bli_shgemm performance
MC = 640, KC = 3584, NC = 1024
m, n, k, GFLOPS
80, 1024, 80, 166.36
160, 1024, 160, 233.86
240, 1024, 240, 276.14
320, 1024, 320, 304.47
400, 1024, 400, 323.98
480, 1024, 480, 326.83
560, 1024, 560, 332.22
640, 1024, 640, 330.19
720, 1024, 720, 334.96
800, 1024, 800, 344.93
880, 1024, 880, 350.94
960, 1024, 960, 360.12
1040, 1024, 1040, 363.67
1120, 1024, 1120, 367.05
1200, 1024, 1200, 371.07
1280, 1024, 1280, 375.50
1360, 1024, 1360, 375.80
1440, 1024, 1440, 379.37
1520, 1024, 1520, 386.07
1600, 1024, 1600, 388.80
1680, 1024, 1680, 383.79
1760, 1024, 1760, 387.39
1840, 1024, 1840, 388.48
1920, 1024, 1920, 390.82
2000, 1024, 2000, 388.99
2080, 1024, 2080, 391.45
2160, 1024, 2160, 391.02
2240, 1024, 2240, 393.49
2320, 1024, 2320, 392.42
2400, 1024, 2400, 385.22
2480, 1024, 2480, 400.78
2560, 1024, 2560, 401.35
2640, 1024, 2640, 400.76
2720, 1024, 2720, 401.62
2800, 1024, 2800, 402.15
2880, 1024, 2880, 401.98
2960, 1024, 2960, 399.08
3040, 1024, 3040, 394.16
3120, 1024, 3120, 379.62
3200, 1024, 3200, 349.01
3280, 1024, 3280, 337.11
3360, 1024, 3360, 326.88
3440, 1024, 3440, 327.63
3520, 1024, 3520, 320.88
3600, 1024, 3600, 320.28
3680, 1024, 3680, 322.89
3760, 1024, 3760, 320.32
3840, 1024, 3840, 319.05
3920, 1024, 3920, 321.44
4000, 1024, 4000, 324.12
