bli_shgemm performance
MC = 256, KC = 3840, NC = 1024
m, n, k, GFLOPS
80, 1024, 80, 166.19
160, 1024, 160, 235.38
240, 1024, 240, 278.08
320, 1024, 320, 305.22
400, 1024, 400, 325.17
480, 1024, 480, 326.30
560, 1024, 560, 341.43
640, 1024, 640, 341.18
720, 1024, 720, 343.62
800, 1024, 800, 355.55
880, 1024, 880, 358.81
960, 1024, 960, 365.38
1040, 1024, 1040, 363.01
1120, 1024, 1120, 365.49
1200, 1024, 1200, 366.86
1280, 1024, 1280, 372.07
1360, 1024, 1360, 371.16
1440, 1024, 1440, 374.50
1520, 1024, 1520, 375.02
1600, 1024, 1600, 378.33
1680, 1024, 1680, 377.13
1760, 1024, 1760, 380.10
1840, 1024, 1840, 380.80
1920, 1024, 1920, 384.16
2000, 1024, 2000, 383.92
2080, 1024, 2080, 382.91
2160, 1024, 2160, 384.05
2240, 1024, 2240, 387.09
2320, 1024, 2320, 384.99
2400, 1024, 2400, 386.67
2480, 1024, 2480, 392.05
2560, 1024, 2560, 392.83
2640, 1024, 2640, 392.64
2720, 1024, 2720, 393.78
2800, 1024, 2800, 395.35
2880, 1024, 2880, 394.80
2960, 1024, 2960, 395.89
3040, 1024, 3040, 396.27
3120, 1024, 3120, 395.94
3200, 1024, 3200, 397.21
3280, 1024, 3280, 397.85
3360, 1024, 3360, 397.64
3440, 1024, 3440, 398.36
3520, 1024, 3520, 399.16
3600, 1024, 3600, 399.27
3680, 1024, 3680, 399.33
3760, 1024, 3760, 400.10
3840, 1024, 3840, 400.66
3920, 1024, 3920, 390.00
4000, 1024, 4000, 390.79
