bli_shgemm performance
MC = 384, KC = 1024, NC = 2048
m, n, k, GFLOPS
80, 2048, 80, 162.64
160, 2048, 160, 234.29
240, 2048, 240, 261.84
320, 2048, 320, 284.39
400, 2048, 400, 297.58
480, 2048, 480, 310.65
560, 2048, 560, 328.42
640, 2048, 640, 331.64
720, 2048, 720, 338.13
800, 2048, 800, 347.27
880, 2048, 880, 352.21
960, 2048, 960, 361.92
1040, 2048, 1040, 334.08
1120, 2048, 1120, 340.41
1200, 2048, 1200, 341.21
1280, 2048, 1280, 352.05
1360, 2048, 1360, 356.52
1440, 2048, 1440, 362.31
1520, 2048, 1520, 361.56
1600, 2048, 1600, 364.40
1680, 2048, 1680, 364.89
1760, 2048, 1760, 369.37
1840, 2048, 1840, 371.20
1920, 2048, 1920, 375.33
2000, 2048, 2000, 374.95
2080, 2048, 2080, 352.67
2160, 2048, 2160, 353.11
2240, 2048, 2240, 357.91
2320, 2048, 2320, 354.32
2400, 2048, 2400, 358.01
2480, 2048, 2480, 356.72
2560, 2048, 2560, 359.64
2640, 2048, 2640, 358.53
2720, 2048, 2720, 358.27
2800, 2048, 2800, 359.28
2880, 2048, 2880, 362.29
2960, 2048, 2960, 364.42
3040, 2048, 3040, 365.69
3120, 2048, 3120, 349.32
3200, 2048, 3200, 354.36
3280, 2048, 3280, 353.27
3360, 2048, 3360, 356.48
3440, 2048, 3440, 356.76
3520, 2048, 3520, 359.76
3600, 2048, 3600, 358.12
3680, 2048, 3680, 360.75
3760, 2048, 3760, 358.99
3840, 2048, 3840, 364.62
3920, 2048, 3920, 362.47
4000, 2048, 4000, 365.27
