bli_shgemm performance
MC = 384, KC = 3840, NC = 3072
m, n, k, GFLOPS
80, 3072, 80, 166.68
160, 3072, 160, 232.70
240, 3072, 240, 251.39
320, 3072, 320, 280.12
400, 3072, 400, 300.79
480, 3072, 480, 314.67
560, 3072, 560, 329.90
640, 3072, 640, 337.06
720, 3072, 720, 346.88
800, 3072, 800, 353.94
880, 3072, 880, 352.04
960, 3072, 960, 359.06
1040, 3072, 1040, 363.21
1120, 3072, 1120, 366.09
1200, 3072, 1200, 367.31
1280, 3072, 1280, 369.31
1360, 3072, 1360, 373.31
1440, 3072, 1440, 375.44
1520, 3072, 1520, 376.59
1600, 3072, 1600, 375.31
1680, 3072, 1680, 378.07
1760, 3072, 1760, 379.85
1840, 3072, 1840, 380.85
1920, 3072, 1920, 384.12
2000, 3072, 2000, 394.31
2080, 3072, 2080, 395.27
2160, 3072, 2160, 396.16
2240, 3072, 2240, 390.24
2320, 3072, 2320, 388.78
2400, 3072, 2400, 391.97
2480, 3072, 2480, 391.86
2560, 3072, 2560, 394.70
2640, 3072, 2640, 394.94
2720, 3072, 2720, 395.56
2800, 3072, 2800, 395.51
2880, 3072, 2880, 396.57
2960, 3072, 2960, 397.42
3040, 3072, 3040, 399.57
3120, 3072, 3120, 403.12
3200, 3072, 3200, 405.08
3280, 3072, 3280, 404.82
3360, 3072, 3360, 404.98
3440, 3072, 3440, 400.72
3520, 3072, 3520, 399.66
3600, 3072, 3600, 398.72
3680, 3072, 3680, 399.51
3760, 3072, 3760, 400.12
3840, 3072, 3840, 403.34
3920, 3072, 3920, 380.02
4000, 3072, 4000, 380.90
