bli_shgemm performance
MC = 256, KC = 3328, NC = 3072
m, n, k, GFLOPS
80, 3072, 80, 166.49
160, 3072, 160, 234.29
240, 3072, 240, 253.10
320, 3072, 320, 281.31
400, 3072, 400, 300.32
480, 3072, 480, 315.68
560, 3072, 560, 325.85
640, 3072, 640, 334.07
720, 3072, 720, 342.23
800, 3072, 800, 349.31
880, 3072, 880, 348.16
960, 3072, 960, 354.26
1040, 3072, 1040, 362.69
1120, 3072, 1120, 368.17
1200, 3072, 1200, 370.58
1280, 3072, 1280, 366.25
1360, 3072, 1360, 366.99
1440, 3072, 1440, 369.50
1520, 3072, 1520, 372.17
1600, 3072, 1600, 373.36
1680, 3072, 1680, 382.80
1760, 3072, 1760, 385.75
1840, 3072, 1840, 376.28
1920, 3072, 1920, 379.48
2000, 3072, 2000, 381.52
2080, 3072, 2080, 382.42
2160, 3072, 2160, 383.58
2240, 3072, 2240, 386.92
2320, 3072, 2320, 386.46
2400, 3072, 2400, 388.48
2480, 3072, 2480, 389.71
2560, 3072, 2560, 389.67
2640, 3072, 2640, 390.83
2720, 3072, 2720, 391.58
2800, 3072, 2800, 396.50
2880, 3072, 2880, 398.03
2960, 3072, 2960, 398.75
3040, 3072, 3040, 398.92
3120, 3072, 3120, 398.97
3200, 3072, 3200, 398.92
3280, 3072, 3280, 397.51
3360, 3072, 3360, 376.24
3440, 3072, 3440, 376.67
3520, 3072, 3520, 378.47
3600, 3072, 3600, 378.18
3680, 3072, 3680, 383.59
3760, 3072, 3760, 383.51
3840, 3072, 3840, 385.61
3920, 3072, 3920, 385.27
4000, 3072, 4000, 385.41
