bli_shgemm performance
MC = 384, KC = 512, NC = 4096
m, n, k, GFLOPS
80, 4096, 80, 168.92
160, 4096, 160, 211.62
240, 4096, 240, 243.32
320, 4096, 320, 275.00
400, 4096, 400, 293.97
480, 4096, 480, 306.32
560, 4096, 560, 276.99
640, 4096, 640, 290.26
720, 4096, 720, 301.29
800, 4096, 800, 307.90
880, 4096, 880, 310.90
960, 4096, 960, 317.77
1040, 4096, 1040, 294.88
1120, 4096, 1120, 305.49
1200, 4096, 1200, 302.80
1280, 4096, 1280, 310.67
1360, 4096, 1360, 310.94
1440, 4096, 1440, 315.95
1520, 4096, 1520, 316.55
1600, 4096, 1600, 295.54
1680, 4096, 1680, 300.15
1760, 4096, 1760, 297.61
1840, 4096, 1840, 303.44
1920, 4096, 1920, 302.50
2000, 4096, 2000, 307.24
2080, 4096, 2080, 295.01
2160, 4096, 2160, 298.14
2240, 4096, 2240, 298.51
2320, 4096, 2320, 298.23
2400, 4096, 2400, 305.04
2480, 4096, 2480, 303.12
2560, 4096, 2560, 306.85
2640, 4096, 2640, 293.50
2720, 4096, 2720, 295.26
2800, 4096, 2800, 295.71
2880, 4096, 2880, 299.51
2960, 4096, 2960, 300.57
3040, 4096, 3040, 302.60
3120, 4096, 3120, 289.72
3200, 4096, 3200, 294.12
3280, 4096, 3280, 295.33
3360, 4096, 3360, 298.17
3440, 4096, 3440, 297.92
3520, 4096, 3520, 302.47
3600, 4096, 3600, 289.99
3680, 4096, 3680, 293.68
3760, 4096, 3760, 292.47
3840, 4096, 3840, 297.18
3920, 4096, 3920, 295.96
4000, 4096, 4000, 299.83
