bli_shgemm performance
MC = 512, KC = 1792, NC = 3072
m, n, k, GFLOPS
80, 3072, 80, 166.40
160, 3072, 160, 232.49
240, 3072, 240, 250.30
320, 3072, 320, 184.09
400, 3072, 400, 197.52
480, 3072, 480, 204.02
560, 3072, 560, 326.46
640, 3072, 640, 335.79
720, 3072, 720, 343.22
800, 3072, 800, 352.87
880, 3072, 880, 341.22
960, 3072, 960, 372.47
1040, 3072, 1040, 370.23
1120, 3072, 1120, 369.31
1200, 3072, 1200, 372.10
1280, 3072, 1280, 373.78
1360, 3072, 1360, 375.19
1440, 3072, 1440, 377.41
1520, 3072, 1520, 368.47
1600, 3072, 1600, 381.18
1680, 3072, 1680, 382.16
1760, 3072, 1760, 383.20
1840, 3072, 1840, 361.03
1920, 3072, 1920, 367.38
2000, 3072, 2000, 365.91
2080, 3072, 2080, 363.08
2160, 3072, 2160, 364.35
2240, 3072, 2240, 369.61
2320, 3072, 2320, 367.82
2400, 3072, 2400, 369.80
2480, 3072, 2480, 369.46
2560, 3072, 2560, 373.05
2640, 3072, 2640, 370.44
2720, 3072, 2720, 375.60
2800, 3072, 2800, 373.50
2880, 3072, 2880, 377.76
2960, 3072, 2960, 377.87
3040, 3072, 3040, 378.51
3120, 3072, 3120, 375.42
3200, 3072, 3200, 380.69
3280, 3072, 3280, 379.75
3360, 3072, 3360, 380.83
3440, 3072, 3440, 382.55
3520, 3072, 3520, 386.06
3600, 3072, 3600, 367.29
3680, 3072, 3680, 368.41
3760, 3072, 3760, 369.85
3840, 3072, 3840, 374.22
3920, 3072, 3920, 373.65
4000, 3072, 4000, 373.44
