bli_shgemm performance
MC = 384, KC = 768, NC = 3072
m, n, k, GFLOPS
80, 3072, 80, 168.54
160, 3072, 160, 233.57
240, 3072, 240, 258.18
320, 3072, 320, 280.90
400, 3072, 400, 302.71
480, 3072, 480, 315.40
560, 3072, 560, 329.40
640, 3072, 640, 339.01
720, 3072, 720, 345.91
800, 3072, 800, 319.93
880, 3072, 880, 328.70
960, 3072, 960, 337.27
1040, 3072, 1040, 341.52
1120, 3072, 1120, 348.06
1200, 3072, 1200, 350.07
1280, 3072, 1280, 354.57
1360, 3072, 1360, 355.38
1440, 3072, 1440, 359.44
1520, 3072, 1520, 361.11
1600, 3072, 1600, 344.58
1680, 3072, 1680, 351.34
1760, 3072, 1760, 355.28
1840, 3072, 1840, 357.07
1920, 3072, 1920, 361.70
2000, 3072, 2000, 359.70
2080, 3072, 2080, 340.96
2160, 3072, 2160, 340.79
2240, 3072, 2240, 343.63
2320, 3072, 2320, 325.60
2400, 3072, 2400, 328.08
2480, 3072, 2480, 329.18
2560, 3072, 2560, 333.13
2640, 3072, 2640, 333.59
2720, 3072, 2720, 334.18
2800, 3072, 2800, 333.83
2880, 3072, 2880, 336.76
2960, 3072, 2960, 337.37
3040, 3072, 3040, 340.38
3120, 3072, 3120, 325.01
3200, 3072, 3200, 328.03
3280, 3072, 3280, 329.95
3360, 3072, 3360, 330.18
3440, 3072, 3440, 332.24
3520, 3072, 3520, 335.27
3600, 3072, 3600, 333.02
3680, 3072, 3680, 335.92
3760, 3072, 3760, 335.80
3840, 3072, 3840, 340.79
3920, 3072, 3920, 326.31
4000, 3072, 4000, 329.81
