bli_shgemm performance
MC = 512, KC = 1280, NC = 3072
m, n, k, GFLOPS
80, 3072, 80, 165.02
160, 3072, 160, 231.55
240, 3072, 240, 251.34
320, 3072, 320, 275.68
400, 3072, 400, 296.49
480, 3072, 480, 312.98
560, 3072, 560, 323.03
640, 3072, 640, 332.74
720, 3072, 720, 346.52
800, 3072, 800, 349.38
880, 3072, 880, 355.63
960, 3072, 960, 362.78
1040, 3072, 1040, 362.26
1120, 3072, 1120, 365.87
1200, 3072, 1200, 368.66
1280, 3072, 1280, 371.71
1360, 3072, 1360, 346.12
1440, 3072, 1440, 349.81
1520, 3072, 1520, 362.08
1600, 3072, 1600, 364.17
1680, 3072, 1680, 365.26
1760, 3072, 1760, 368.64
1840, 3072, 1840, 369.79
1920, 3072, 1920, 373.54
2000, 3072, 2000, 373.31
2080, 3072, 2080, 375.29
2160, 3072, 2160, 362.83
2240, 3072, 2240, 366.96
2320, 3072, 2320, 368.79
2400, 3072, 2400, 370.48
2480, 3072, 2480, 369.82
2560, 3072, 2560, 370.52
2640, 3072, 2640, 350.46
2720, 3072, 2720, 352.09
2800, 3072, 2800, 353.00
2880, 3072, 2880, 358.29
2960, 3072, 2960, 355.70
3040, 3072, 3040, 358.18
3120, 3072, 3120, 358.49
3200, 3072, 3200, 361.28
3280, 3072, 3280, 363.90
3360, 3072, 3360, 364.36
3440, 3072, 3440, 364.58
3520, 3072, 3520, 367.76
3600, 3072, 3600, 368.59
3680, 3072, 3680, 368.41
3760, 3072, 3760, 369.03
3840, 3072, 3840, 373.08
3920, 3072, 3920, 358.62
4000, 3072, 4000, 360.67
