bli_shgemm performance
MC = 384, KC = 3328, NC = 1024
m, n, k, GFLOPS
80, 1024, 80, 165.18
160, 1024, 160, 234.02
240, 1024, 240, 275.14
320, 1024, 320, 303.83
400, 1024, 400, 322.05
480, 1024, 480, 326.37
560, 1024, 560, 327.20
640, 1024, 640, 334.13
720, 1024, 720, 341.78
800, 1024, 800, 352.45
880, 1024, 880, 355.17
960, 1024, 960, 362.29
1040, 1024, 1040, 364.48
1120, 1024, 1120, 368.70
1200, 1024, 1200, 373.92
1280, 1024, 1280, 372.24
1360, 1024, 1360, 371.36
1440, 1024, 1440, 377.60
1520, 1024, 1520, 377.59
1600, 1024, 1600, 380.31
1680, 1024, 1680, 380.96
1760, 1024, 1760, 384.37
1840, 1024, 1840, 384.79
1920, 1024, 1920, 388.50
2000, 1024, 2000, 386.87
2080, 1024, 2080, 389.10
2160, 1024, 2160, 389.03
2240, 1024, 2240, 394.70
2320, 1024, 2320, 394.62
2400, 1024, 2400, 395.77
2480, 1024, 2480, 396.96
2560, 1024, 2560, 398.48
2640, 1024, 2640, 399.22
2720, 1024, 2720, 398.51
2800, 1024, 2800, 399.58
2880, 1024, 2880, 400.82
2960, 1024, 2960, 401.34
3040, 1024, 3040, 401.65
3120, 1024, 3120, 400.65
3200, 1024, 3200, 401.57
3280, 1024, 3280, 401.85
3360, 1024, 3360, 390.45
3440, 1024, 3440, 391.21
3520, 1024, 3520, 390.92
3600, 1024, 3600, 392.68
3680, 1024, 3680, 393.86
3760, 1024, 3760, 394.78
3840, 1024, 3840, 396.25
3920, 1024, 3920, 395.28
4000, 1024, 4000, 394.78
