bli_shgemm performance
MC = 640, KC = 512, NC = 2048
m, n, k, GFLOPS
80, 2048, 80, 162.22
160, 2048, 160, 235.62
240, 2048, 240, 266.04
320, 2048, 320, 288.83
400, 2048, 400, 298.79
480, 2048, 480, 314.40
560, 2048, 560, 291.13
640, 2048, 640, 302.37
720, 2048, 720, 309.36
800, 2048, 800, 320.09
880, 2048, 880, 326.74
960, 2048, 960, 335.88
1040, 2048, 1040, 314.89
1120, 2048, 1120, 322.45
1200, 2048, 1200, 324.83
1280, 2048, 1280, 335.57
1360, 2048, 1360, 336.85
1440, 2048, 1440, 343.15
1520, 2048, 1520, 343.48
1600, 2048, 1600, 332.90
1680, 2048, 1680, 334.74
1760, 2048, 1760, 337.79
1840, 2048, 1840, 340.95
1920, 2048, 1920, 344.61
2000, 2048, 2000, 344.46
2080, 2048, 2080, 320.03
2160, 2048, 2160, 322.55
2240, 2048, 2240, 326.02
2320, 2048, 2320, 326.55
2400, 2048, 2400, 329.90
2480, 2048, 2480, 332.86
2560, 2048, 2560, 333.77
2640, 2048, 2640, 321.10
2720, 2048, 2720, 324.19
2800, 2048, 2800, 324.30
2880, 2048, 2880, 327.54
2960, 2048, 2960, 327.20
3040, 2048, 3040, 329.41
3120, 2048, 3120, 321.73
3200, 2048, 3200, 323.32
3280, 2048, 3280, 324.84
3360, 2048, 3360, 323.73
3440, 2048, 3440, 319.92
3520, 2048, 3520, 319.57
3600, 2048, 3600, 309.57
3680, 2048, 3680, 322.81
3760, 2048, 3760, 323.34
3840, 2048, 3840, 324.63
3920, 2048, 3920, 323.08
4000, 2048, 4000, 328.72
