bli_shgemm performance
MC = 256, KC = 2304, NC = 4096
m, n, k, GFLOPS
80, 4096, 80, 168.50
160, 4096, 160, 214.25
240, 4096, 240, 242.43
320, 4096, 320, 270.24
400, 4096, 400, 291.42
480, 4096, 480, 306.35
560, 4096, 560, 313.87
640, 4096, 640, 321.13
720, 4096, 720, 329.57
800, 4096, 800, 333.12
880, 4096, 880, 339.69
960, 4096, 960, 344.00
1040, 4096, 1040, 343.42
1120, 4096, 1120, 348.54
1200, 4096, 1200, 355.11
1280, 4096, 1280, 354.45
1360, 4096, 1360, 355.17
1440, 4096, 1440, 357.04
1520, 4096, 1520, 358.81
1600, 4096, 1600, 360.90
1680, 4096, 1680, 362.27
1760, 4096, 1760, 365.09
1840, 4096, 1840, 364.84
1920, 4096, 1920, 369.49
2000, 4096, 2000, 370.35
2080, 4096, 2080, 377.41
2160, 4096, 2160, 382.07
2240, 4096, 2240, 382.66
2320, 4096, 2320, 357.67
2400, 4096, 2400, 357.05
2480, 4096, 2480, 358.74
2560, 4096, 2560, 360.22
2640, 4096, 2640, 360.00
2720, 4096, 2720, 361.74
2800, 4096, 2800, 363.01
2880, 4096, 2880, 366.12
2960, 4096, 2960, 365.65
3040, 4096, 3040, 368.05
3120, 4096, 3120, 365.95
3200, 4096, 3200, 372.51
3280, 4096, 3280, 372.12
3360, 4096, 3360, 374.26
3440, 4096, 3440, 374.97
3520, 4096, 3520, 374.76
3600, 4096, 3600, 376.94
3680, 4096, 3680, 379.19
3760, 4096, 3760, 375.65
3840, 4096, 3840, 378.39
3920, 4096, 3920, 383.04
4000, 4096, 4000, 380.97
