bli_shgemm performance
MC = 384, KC = 4096, NC = 1024
m, n, k, GFLOPS
80, 1024, 80, 167.42
160, 1024, 160, 233.96
240, 1024, 240, 274.91
320, 1024, 320, 303.07
400, 1024, 400, 323.85
480, 1024, 480, 323.75
560, 1024, 560, 328.93
640, 1024, 640, 333.89
720, 1024, 720, 337.77
800, 1024, 800, 358.01
880, 1024, 880, 354.11
960, 1024, 960, 364.12
1040, 1024, 1040, 364.25
1120, 1024, 1120, 369.37
1200, 1024, 1200, 368.22
1280, 1024, 1280, 378.27
1360, 1024, 1360, 376.72
1440, 1024, 1440, 379.99
1520, 1024, 1520, 380.76
1600, 1024, 1600, 381.74
1680, 1024, 1680, 381.22
1760, 1024, 1760, 384.91
1840, 1024, 1840, 384.69
1920, 1024, 1920, 388.58
2000, 1024, 2000, 386.76
2080, 1024, 2080, 389.91
2160, 1024, 2160, 390.69
2240, 1024, 2240, 393.60
2320, 1024, 2320, 391.26
2400, 1024, 2400, 392.99
2480, 1024, 2480, 396.81
2560, 1024, 2560, 398.96
2640, 1024, 2640, 399.33
2720, 1024, 2720, 399.18
2800, 1024, 2800, 400.12
2880, 1024, 2880, 401.25
2960, 1024, 2960, 402.23
3040, 1024, 3040, 402.70
3120, 1024, 3120, 402.00
3200, 1024, 3200, 402.53
3280, 1024, 3280, 402.99
3360, 1024, 3360, 403.80
3440, 1024, 3440, 404.22
3520, 1024, 3520, 403.54
3600, 1024, 3600, 404.69
3680, 1024, 3680, 404.90
3760, 1024, 3760, 405.42
3840, 1024, 3840, 405.72
3920, 1024, 3920, 404.68
4000, 1024, 4000, 405.22
