bli_shgemm performance
MC = 640, KC = 3584, NC = 2048
m, n, k, GFLOPS
80, 2048, 80, 162.58
160, 2048, 160, 233.28
240, 2048, 240, 267.03
320, 2048, 320, 288.70
400, 2048, 400, 291.26
480, 2048, 480, 309.48
560, 2048, 560, 321.15
640, 2048, 640, 331.21
720, 2048, 720, 335.96
800, 2048, 800, 346.97
880, 2048, 880, 350.89
960, 2048, 960, 360.76
1040, 2048, 1040, 364.27
1120, 2048, 1120, 370.24
1200, 2048, 1200, 373.50
1280, 2048, 1280, 375.16
1360, 2048, 1360, 375.04
1440, 2048, 1440, 379.63
1520, 2048, 1520, 381.13
1600, 2048, 1600, 381.97
1680, 2048, 1680, 387.26
1760, 2048, 1760, 388.97
1840, 2048, 1840, 397.56
1920, 2048, 1920, 397.93
2000, 2048, 2000, 397.56
2080, 2048, 2080, 397.57
2160, 2048, 2160, 398.94
2240, 2048, 2240, 401.01
2320, 2048, 2320, 401.70
2400, 2048, 2400, 395.18
2480, 2048, 2480, 395.64
2560, 2048, 2560, 396.24
2640, 2048, 2640, 393.24
2720, 2048, 2720, 393.26
2800, 2048, 2800, 391.55
2880, 2048, 2880, 391.13
2960, 2048, 2960, 387.85
3040, 2048, 3040, 386.21
3120, 2048, 3120, 376.46
3200, 2048, 3200, 360.85
3280, 2048, 3280, 345.13
3360, 2048, 3360, 337.72
3440, 2048, 3440, 336.22
3520, 2048, 3520, 331.58
3600, 2048, 3600, 315.00
3680, 2048, 3680, 317.74
3760, 2048, 3760, 318.17
3840, 2048, 3840, 313.87
3920, 2048, 3920, 316.00
4000, 2048, 4000, 319.09
