bli_shgemm performance
MC = 512, KC = 3840, NC = 2048
m, n, k, GFLOPS
80, 2048, 80, 162.95
160, 2048, 160, 232.38
240, 2048, 240, 268.79
320, 2048, 320, 280.95
400, 2048, 400, 299.82
480, 2048, 480, 312.26
560, 2048, 560, 286.82
640, 2048, 640, 293.05
720, 2048, 720, 305.80
800, 2048, 800, 322.06
880, 2048, 880, 330.76
960, 2048, 960, 323.71
1040, 2048, 1040, 324.47
1120, 2048, 1120, 332.01
1200, 2048, 1200, 336.15
1280, 2048, 1280, 343.56
1360, 2048, 1360, 347.41
1440, 2048, 1440, 356.30
1520, 2048, 1520, 358.15
1600, 2048, 1600, 359.88
1680, 2048, 1680, 362.23
1760, 2048, 1760, 367.20
1840, 2048, 1840, 367.91
1920, 2048, 1920, 372.62
2000, 2048, 2000, 387.38
2080, 2048, 2080, 387.28
2160, 2048, 2160, 388.42
2240, 2048, 2240, 391.74
2320, 2048, 2320, 390.72
2400, 2048, 2400, 392.67
2480, 2048, 2480, 382.70
2560, 2048, 2560, 383.73
2640, 2048, 2640, 381.47
2720, 2048, 2720, 382.84
2800, 2048, 2800, 382.03
2880, 2048, 2880, 383.83
2960, 2048, 2960, 381.78
3040, 2048, 3040, 398.89
3120, 2048, 3120, 397.50
3200, 2048, 3200, 402.78
3280, 2048, 3280, 402.96
3360, 2048, 3360, 402.45
3440, 2048, 3440, 402.51
3520, 2048, 3520, 403.48
3600, 2048, 3600, 398.91
3680, 2048, 3680, 395.18
3760, 2048, 3760, 393.33
3840, 2048, 3840, 388.81
3920, 2048, 3920, 374.12
4000, 2048, 4000, 375.35
