bli_shgemm performance
MC = 512, KC = 768, NC = 2048
m, n, k, GFLOPS
80, 2048, 80, 162.08
160, 2048, 160, 230.82
240, 2048, 240, 271.42
320, 2048, 320, 291.99
400, 2048, 400, 296.92
480, 2048, 480, 309.68
560, 2048, 560, 325.14
640, 2048, 640, 335.39
720, 2048, 720, 342.62
800, 2048, 800, 320.28
880, 2048, 880, 328.34
960, 2048, 960, 336.87
1040, 2048, 1040, 333.05
1120, 2048, 1120, 339.16
1200, 2048, 1200, 342.22
1280, 2048, 1280, 348.81
1360, 2048, 1360, 347.82
1440, 2048, 1440, 357.29
1520, 2048, 1520, 365.36
1600, 2048, 1600, 346.34
1680, 2048, 1680, 347.91
1760, 2048, 1760, 350.12
1840, 2048, 1840, 351.50
1920, 2048, 1920, 357.70
2000, 2048, 2000, 357.92
2080, 2048, 2080, 349.66
2160, 2048, 2160, 348.44
2240, 2048, 2240, 349.62
2320, 2048, 2320, 335.54
2400, 2048, 2400, 337.34
2480, 2048, 2480, 338.06
2560, 2048, 2560, 341.04
2640, 2048, 2640, 340.70
2720, 2048, 2720, 342.17
2800, 2048, 2800, 340.37
2880, 2048, 2880, 345.32
2960, 2048, 2960, 343.97
3040, 2048, 3040, 345.58
3120, 2048, 3120, 332.86
3200, 2048, 3200, 338.03
3280, 2048, 3280, 336.56
3360, 2048, 3360, 339.39
3440, 2048, 3440, 338.93
3520, 2048, 3520, 343.33
3600, 2048, 3600, 341.94
3680, 2048, 3680, 344.16
3760, 2048, 3760, 342.44
3840, 2048, 3840, 347.25
3920, 2048, 3920, 335.71
4000, 2048, 4000, 339.17
