bli_shgemm performance
MC = 384, KC = 2816, NC = 1024
m, n, k, GFLOPS
80, 1024, 80, 165.62
160, 1024, 160, 232.70
240, 1024, 240, 276.53
320, 1024, 320, 304.88
400, 1024, 400, 316.85
480, 1024, 480, 321.83
560, 1024, 560, 334.83
640, 1024, 640, 337.57
720, 1024, 720, 340.19
800, 1024, 800, 354.21
880, 1024, 880, 355.44
960, 1024, 960, 365.07
1040, 1024, 1040, 364.58
1120, 1024, 1120, 365.20
1200, 1024, 1200, 366.42
1280, 1024, 1280, 370.67
1360, 1024, 1360, 371.69
1440, 1024, 1440, 377.20
1520, 1024, 1520, 377.18
1600, 1024, 1600, 380.59
1680, 1024, 1680, 381.26
1760, 1024, 1760, 384.70
1840, 1024, 1840, 384.70
1920, 1024, 1920, 387.86
2000, 1024, 2000, 386.08
2080, 1024, 2080, 389.98
2160, 1024, 2160, 393.62
2240, 1024, 2240, 394.69
2320, 1024, 2320, 394.52
2400, 1024, 2400, 395.23
2480, 1024, 2480, 396.92
2560, 1024, 2560, 397.78
2640, 1024, 2640, 399.33
2720, 1024, 2720, 398.48
2800, 1024, 2800, 399.39
2880, 1024, 2880, 386.64
2960, 1024, 2960, 387.47
3040, 1024, 3040, 388.79
3120, 1024, 3120, 389.09
3200, 1024, 3200, 389.68
3280, 1024, 3280, 390.40
3360, 1024, 3360, 392.40
3440, 1024, 3440, 393.62
3520, 1024, 3520, 392.00
3600, 1024, 3600, 394.42
3680, 1024, 3680, 394.37
3760, 1024, 3760, 395.31
3840, 1024, 3840, 397.03
3920, 1024, 3920, 396.43
4000, 1024, 4000, 396.85
