bli_shgemm performance
MC = 256, KC = 2816, NC = 5120
m, n, k, GFLOPS
80, 5120, 80, 176.83
160, 5120, 160, 214.88
240, 5120, 240, 246.71
320, 5120, 320, 273.25
400, 5120, 400, 294.18
480, 5120, 480, 307.98
560, 5120, 560, 314.32
640, 5120, 640, 322.88
720, 5120, 720, 329.25
800, 5120, 800, 329.93
880, 5120, 880, 333.47
960, 5120, 960, 338.15
1040, 5120, 1040, 338.02
1120, 5120, 1120, 343.54
1200, 5120, 1200, 346.10
1280, 5120, 1280, 358.95
1360, 5120, 1360, 361.53
1440, 5120, 1440, 358.52
1520, 5120, 1520, 360.18
1600, 5120, 1600, 362.21
1680, 5120, 1680, 369.54
1760, 5120, 1760, 376.27
1840, 5120, 1840, 376.26
1920, 5120, 1920, 378.02
2000, 5120, 2000, 372.68
2080, 5120, 2080, 380.29
2160, 5120, 2160, 379.77
2240, 5120, 2240, 384.12
2320, 5120, 2320, 383.43
2400, 5120, 2400, 385.20
2480, 5120, 2480, 385.19
2560, 5120, 2560, 387.63
2640, 5120, 2640, 388.19
2720, 5120, 2720, 388.90
2800, 5120, 2800, 388.35
2880, 5120, 2880, 366.80
2960, 5120, 2960, 363.65
3040, 5120, 3040, 355.57
3120, 5120, 3120, 358.25
3200, 5120, 3200, 368.25
3280, 5120, 3280, 373.95
3360, 5120, 3360, 375.89
3440, 5120, 3440, 374.68
3520, 5120, 3520, 378.76
3600, 5120, 3600, 377.86
3680, 5120, 3680, 377.74
3760, 5120, 3760, 381.42
3840, 5120, 3840, 383.17
3920, 5120, 3920, 382.07
4000, 5120, 4000, 381.42
