bli_shgemm performance
MC = 384, KC = 3840, NC = 2048
m, n, k, GFLOPS
80, 2048, 80, 162.26
160, 2048, 160, 233.57
240, 2048, 240, 269.49
320, 2048, 320, 280.28
400, 2048, 400, 298.79
480, 2048, 480, 311.79
560, 2048, 560, 323.29
640, 2048, 640, 336.18
720, 2048, 720, 343.63
800, 2048, 800, 345.73
880, 2048, 880, 351.57
960, 2048, 960, 361.58
1040, 2048, 1040, 365.29
1120, 2048, 1120, 369.57
1200, 2048, 1200, 370.54
1280, 2048, 1280, 374.15
1360, 2048, 1360, 375.62
1440, 2048, 1440, 378.55
1520, 2048, 1520, 380.19
1600, 2048, 1600, 380.52
1680, 2048, 1680, 381.03
1760, 2048, 1760, 384.54
1840, 2048, 1840, 385.62
1920, 2048, 1920, 387.74
2000, 2048, 2000, 393.75
2080, 2048, 2080, 395.24
2160, 2048, 2160, 396.29
2240, 2048, 2240, 398.66
2320, 2048, 2320, 391.40
2400, 2048, 2400, 396.06
2480, 2048, 2480, 397.55
2560, 2048, 2560, 398.62
2640, 2048, 2640, 399.57
2720, 2048, 2720, 398.91
2800, 2048, 2800, 400.52
2880, 2048, 2880, 399.46
2960, 2048, 2960, 399.38
3040, 2048, 3040, 400.37
3120, 2048, 3120, 400.23
3200, 2048, 3200, 402.41
3280, 2048, 3280, 402.87
3360, 2048, 3360, 403.97
3440, 2048, 3440, 403.85
3520, 2048, 3520, 404.27
3600, 2048, 3600, 404.90
3680, 2048, 3680, 405.67
3760, 2048, 3760, 406.74
3840, 2048, 3840, 407.47
3920, 2048, 3920, 388.68
4000, 2048, 4000, 389.15
