bli_shgemm performance
MC = 384, KC = 2816, NC = 2048
m, n, k, GFLOPS
80, 2048, 80, 161.56
160, 2048, 160, 234.55
240, 2048, 240, 272.03
320, 2048, 320, 285.87
400, 2048, 400, 298.04
480, 2048, 480, 312.56
560, 2048, 560, 319.85
640, 2048, 640, 329.23
720, 2048, 720, 337.71
800, 2048, 800, 346.45
880, 2048, 880, 352.28
960, 2048, 960, 360.07
1040, 2048, 1040, 364.75
1120, 2048, 1120, 368.46
1200, 2048, 1200, 369.87
1280, 2048, 1280, 373.75
1360, 2048, 1360, 375.77
1440, 2048, 1440, 384.64
1520, 2048, 1520, 386.05
1600, 2048, 1600, 387.11
1680, 2048, 1680, 382.55
1760, 2048, 1760, 384.58
1840, 2048, 1840, 386.18
1920, 2048, 1920, 392.73
2000, 2048, 2000, 391.81
2080, 2048, 2080, 393.75
2160, 2048, 2160, 395.25
2240, 2048, 2240, 396.16
2320, 2048, 2320, 395.14
2400, 2048, 2400, 395.97
2480, 2048, 2480, 394.10
2560, 2048, 2560, 396.42
2640, 2048, 2640, 397.18
2720, 2048, 2720, 396.90
2800, 2048, 2800, 397.37
2880, 2048, 2880, 381.12
2960, 2048, 2960, 380.03
3040, 2048, 3040, 381.68
3120, 2048, 3120, 382.49
3200, 2048, 3200, 384.52
3280, 2048, 3280, 384.95
3360, 2048, 3360, 385.52
3440, 2048, 3440, 386.10
3520, 2048, 3520, 386.22
3600, 2048, 3600, 387.45
3680, 2048, 3680, 388.80
3760, 2048, 3760, 390.51
3840, 2048, 3840, 392.62
3920, 2048, 3920, 390.56
4000, 2048, 4000, 393.18
