bli_shgemm performance
MC = 384, KC = 2304, NC = 1024
m, n, k, GFLOPS
80, 1024, 80, 165.40
160, 1024, 160, 233.37
240, 1024, 240, 275.32
320, 1024, 320, 301.81
400, 1024, 400, 315.68
480, 1024, 480, 326.08
560, 1024, 560, 332.29
640, 1024, 640, 339.76
720, 1024, 720, 340.91
800, 1024, 800, 351.29
880, 1024, 880, 358.46
960, 1024, 960, 360.41
1040, 1024, 1040, 361.70
1120, 1024, 1120, 366.53
1200, 1024, 1200, 367.54
1280, 1024, 1280, 373.33
1360, 1024, 1360, 372.39
1440, 1024, 1440, 376.68
1520, 1024, 1520, 376.84
1600, 1024, 1600, 381.41
1680, 1024, 1680, 381.67
1760, 1024, 1760, 385.27
1840, 1024, 1840, 385.83
1920, 1024, 1920, 389.16
2000, 1024, 2000, 387.57
2080, 1024, 2080, 389.69
2160, 1024, 2160, 389.84
2240, 1024, 2240, 393.17
2320, 1024, 2320, 373.66
2400, 1024, 2400, 375.96
2480, 1024, 2480, 376.50
2560, 1024, 2560, 378.69
2640, 1024, 2640, 380.24
2720, 1024, 2720, 381.16
2800, 1024, 2800, 379.98
2880, 1024, 2880, 388.23
2960, 1024, 2960, 387.96
3040, 1024, 3040, 389.46
3120, 1024, 3120, 389.23
3200, 1024, 3200, 393.12
3280, 1024, 3280, 394.57
3360, 1024, 3360, 395.08
3440, 1024, 3440, 395.82
3520, 1024, 3520, 395.48
3600, 1024, 3600, 396.22
3680, 1024, 3680, 396.95
3760, 1024, 3760, 397.39
3840, 1024, 3840, 398.47
3920, 1024, 3920, 397.83
4000, 1024, 4000, 398.72
