bli_shgemm performance
MC = 640, KC = 3072, NC = 5120
m, n, k, GFLOPS
80, 5120, 80, 176.91
160, 5120, 160, 217.43
240, 5120, 240, 251.20
320, 5120, 320, 283.28
400, 5120, 400, 301.94
480, 5120, 480, 317.26
560, 5120, 560, 327.88
640, 5120, 640, 334.72
720, 5120, 720, 333.16
800, 5120, 800, 342.67
880, 5120, 880, 343.35
960, 5120, 960, 345.99
1040, 5120, 1040, 350.91
1120, 5120, 1120, 352.67
1200, 5120, 1200, 358.62
1280, 5120, 1280, 364.14
1360, 5120, 1360, 365.76
1440, 5120, 1440, 367.22
1520, 5120, 1520, 368.15
1600, 5120, 1600, 369.83
1680, 5120, 1680, 370.28
1760, 5120, 1760, 379.08
1840, 5120, 1840, 381.45
1920, 5120, 1920, 381.50
2000, 5120, 2000, 379.79
2080, 5120, 2080, 382.42
2160, 5120, 2160, 384.89
2240, 5120, 2240, 386.82
2320, 5120, 2320, 386.67
2400, 5120, 2400, 387.62
2480, 5120, 2480, 384.19
2560, 5120, 2560, 377.68
2640, 5120, 2640, 375.14
2720, 5120, 2720, 374.15
2800, 5120, 2800, 368.63
2880, 5120, 2880, 370.17
2960, 5120, 2960, 371.36
3040, 5120, 3040, 369.31
3120, 5120, 3120, 340.72
3200, 5120, 3200, 347.59
3280, 5120, 3280, 347.66
3360, 5120, 3360, 350.08
3440, 5120, 3440, 352.34
3520, 5120, 3520, 356.51
3600, 5120, 3600, 357.40
3680, 5120, 3680, 360.75
3760, 5120, 3760, 357.50
3840, 5120, 3840, 361.68
3920, 5120, 3920, 360.14
4000, 5120, 4000, 361.18
