bli_shgemm performance
MC = 640, KC = 3328, NC = 2048
m, n, k, GFLOPS
80, 2048, 80, 163.91
160, 2048, 160, 230.14
240, 2048, 240, 273.64
320, 2048, 320, 287.10
400, 2048, 400, 294.84
480, 2048, 480, 310.17
560, 2048, 560, 323.85
640, 2048, 640, 340.19
720, 2048, 720, 343.02
800, 2048, 800, 356.37
880, 2048, 880, 359.07
960, 2048, 960, 368.37
1040, 2048, 1040, 371.83
1120, 2048, 1120, 376.43
1200, 2048, 1200, 379.29
1280, 2048, 1280, 389.33
1360, 2048, 1360, 384.45
1440, 2048, 1440, 387.74
1520, 2048, 1520, 382.52
1600, 2048, 1600, 386.02
1680, 2048, 1680, 385.64
1760, 2048, 1760, 389.65
1840, 2048, 1840, 390.42
1920, 2048, 1920, 392.35
2000, 2048, 2000, 390.34
2080, 2048, 2080, 392.97
2160, 2048, 2160, 392.57
2240, 2048, 2240, 395.01
2320, 2048, 2320, 395.25
2400, 2048, 2400, 396.09
2480, 2048, 2480, 397.30
2560, 2048, 2560, 383.88
2640, 2048, 2640, 395.16
2720, 2048, 2720, 396.53
2800, 2048, 2800, 394.39
2880, 2048, 2880, 394.15
2960, 2048, 2960, 391.16
3040, 2048, 3040, 390.61
3120, 2048, 3120, 349.19
3200, 2048, 3200, 352.79
3280, 2048, 3280, 372.12
3360, 2048, 3360, 354.96
3440, 2048, 3440, 355.70
3520, 2048, 3520, 358.19
3600, 2048, 3600, 359.75
3680, 2048, 3680, 361.67
3760, 2048, 3760, 362.85
3840, 2048, 3840, 362.22
3920, 2048, 3920, 362.40
4000, 2048, 4000, 364.71
