bli_shgemm performance
MC = 512, KC = 512, NC = 2048
m, n, k, GFLOPS
80, 2048, 80, 162.66
160, 2048, 160, 232.39
240, 2048, 240, 274.62
320, 2048, 320, 285.60
400, 2048, 400, 301.60
480, 2048, 480, 314.96
560, 2048, 560, 287.04
640, 2048, 640, 299.43
720, 2048, 720, 310.91
800, 2048, 800, 322.35
880, 2048, 880, 329.42
960, 2048, 960, 339.27
1040, 2048, 1040, 314.59
1120, 2048, 1120, 324.14
1200, 2048, 1200, 332.06
1280, 2048, 1280, 339.55
1360, 2048, 1360, 341.57
1440, 2048, 1440, 347.93
1520, 2048, 1520, 349.67
1600, 2048, 1600, 336.90
1680, 2048, 1680, 338.51
1760, 2048, 1760, 342.77
1840, 2048, 1840, 344.98
1920, 2048, 1920, 349.31
2000, 2048, 2000, 350.26
2080, 2048, 2080, 321.12
2160, 2048, 2160, 323.67
2240, 2048, 2240, 326.16
2320, 2048, 2320, 326.06
2400, 2048, 2400, 329.39
2480, 2048, 2480, 329.85
2560, 2048, 2560, 333.08
2640, 2048, 2640, 320.59
2720, 2048, 2720, 322.10
2800, 2048, 2800, 320.31
2880, 2048, 2880, 326.63
2960, 2048, 2960, 324.53
3040, 2048, 3040, 325.85
3120, 2048, 3120, 315.05
3200, 2048, 3200, 320.55
3280, 2048, 3280, 320.24
3360, 2048, 3360, 322.19
3440, 2048, 3440, 322.35
3520, 2048, 3520, 327.49
3600, 2048, 3600, 315.23
3680, 2048, 3680, 317.46
3760, 2048, 3760, 316.44
3840, 2048, 3840, 320.77
3920, 2048, 3920, 319.69
4000, 2048, 4000, 322.18
