bli_shgemm performance
MC = 640, KC = 512, NC = 3072
m, n, k, GFLOPS
80, 3072, 80, 166.75
160, 3072, 160, 235.72
240, 3072, 240, 257.68
320, 3072, 320, 277.22
400, 3072, 400, 299.95
480, 3072, 480, 315.30
560, 3072, 560, 291.57
640, 3072, 640, 307.51
720, 3072, 720, 314.20
800, 3072, 800, 304.30
880, 3072, 880, 326.08
960, 3072, 960, 338.91
1040, 3072, 1040, 316.97
1120, 3072, 1120, 325.76
1200, 3072, 1200, 331.40
1280, 3072, 1280, 322.98
1360, 3072, 1360, 321.91
1440, 3072, 1440, 346.26
1520, 3072, 1520, 345.91
1600, 3072, 1600, 330.69
1680, 3072, 1680, 335.32
1760, 3072, 1760, 346.40
1840, 3072, 1840, 348.27
1920, 3072, 1920, 358.66
2000, 3072, 2000, 352.54
2080, 3072, 2080, 315.61
2160, 3072, 2160, 313.68
2240, 3072, 2240, 315.14
2320, 3072, 2320, 315.05
2400, 3072, 2400, 316.79
2480, 3072, 2480, 320.07
2560, 3072, 2560, 322.39
2640, 3072, 2640, 308.23
2720, 3072, 2720, 310.24
2800, 3072, 2800, 310.66
2880, 3072, 2880, 313.91
2960, 3072, 2960, 313.10
3040, 3072, 3040, 315.06
3120, 3072, 3120, 304.04
3200, 3072, 3200, 308.19
3280, 3072, 3280, 306.29
3360, 3072, 3360, 309.15
3440, 3072, 3440, 309.00
3520, 3072, 3520, 310.89
3600, 3072, 3600, 281.79
3680, 3072, 3680, 285.02
3760, 3072, 3760, 275.14
3840, 3072, 3840, 309.36
3920, 3072, 3920, 308.67
4000, 3072, 4000, 310.71
