bli_shgemm performance
MC = 512, KC = 3840, NC = 3072
m, n, k, GFLOPS
80, 3072, 80, 168.78
160, 3072, 160, 237.58
240, 3072, 240, 254.57
320, 3072, 320, 275.30
400, 3072, 400, 303.55
480, 3072, 480, 319.04
560, 3072, 560, 329.58
640, 3072, 640, 338.79
720, 3072, 720, 344.44
800, 3072, 800, 349.91
880, 3072, 880, 354.48
960, 3072, 960, 360.97
1040, 3072, 1040, 361.64
1120, 3072, 1120, 364.54
1200, 3072, 1200, 368.92
1280, 3072, 1280, 373.26
1360, 3072, 1360, 373.97
1440, 3072, 1440, 376.97
1520, 3072, 1520, 378.28
1600, 3072, 1600, 379.99
1680, 3072, 1680, 380.48
1760, 3072, 1760, 383.17
1840, 3072, 1840, 384.36
1920, 3072, 1920, 386.52
2000, 3072, 2000, 397.77
2080, 3072, 2080, 397.27
2160, 3072, 2160, 398.59
2240, 3072, 2240, 401.08
2320, 3072, 2320, 390.80
2400, 3072, 2400, 391.35
2480, 3072, 2480, 393.30
2560, 3072, 2560, 394.17
2640, 3072, 2640, 393.18
2720, 3072, 2720, 391.20
2800, 3072, 2800, 390.75
2880, 3072, 2880, 393.02
2960, 3072, 2960, 389.45
3040, 3072, 3040, 387.11
3120, 3072, 3120, 403.90
3200, 3072, 3200, 377.96
3280, 3072, 3280, 366.64
3360, 3072, 3360, 366.50
3440, 3072, 3440, 364.10
3520, 3072, 3520, 358.80
3600, 3072, 3600, 350.17
3680, 3072, 3680, 345.95
3760, 3072, 3760, 339.87
3840, 3072, 3840, 335.90
3920, 3072, 3920, 325.12
4000, 3072, 4000, 326.19
