bli_shgemm performance
MC = 136, KC = 1536, NC = 2048
m, n, k, GFLOPS
816, 4096, 80, 171.01
816, 4096, 160, 251.31
816, 4096, 240, 285.72
816, 4096, 320, 315.00
816, 4096, 400, 316.00
816, 4096, 480, 326.53
816, 4096, 560, 325.19
816, 4096, 640, 336.50
816, 4096, 720, 340.40
816, 4096, 800, 345.93
816, 4096, 880, 342.71
816, 4096, 960, 340.46
816, 4096, 1040, 339.33
816, 4096, 1120, 339.52
816, 4096, 1200, 333.46
816, 4096, 1280, 336.45
816, 4096, 1360, 339.64
816, 4096, 1440, 341.57
816, 4096, 1520, 341.92
816, 4096, 1600, 321.37
816, 4096, 1680, 326.52
816, 4096, 1760, 320.58
816, 4096, 1840, 331.87
816, 4096, 1920, 332.29
816, 4096, 2000, 348.41
816, 4096, 2080, 337.38
816, 4096, 2160, 350.80
816, 4096, 2240, 336.56
816, 4096, 2320, 352.78
816, 4096, 2400, 336.09
816, 4096, 2480, 351.50
816, 4096, 2560, 351.43
816, 4096, 2640, 345.84
816, 4096, 2720, 352.40
816, 4096, 2800, 349.39
816, 4096, 2880, 350.77
816, 4096, 2960, 350.66
816, 4096, 3040, 349.92
816, 4096, 3120, 342.08
816, 4096, 3200, 342.01
816, 4096, 3280, 344.59
816, 4096, 3360, 345.94
816, 4096, 3440, 346.78
816, 4096, 3520, 348.56
816, 4096, 3600, 349.93
816, 4096, 3680, 350.56
816, 4096, 3760, 350.09
816, 4096, 3840, 351.32
816, 4096, 3920, 349.16
816, 4096, 4000, 349.67
