bli_shgemm performance
MC = 224, KC = 2304, NC = 1632
m, n, k, GFLOPS
1344, 3264, 80, 215.82
1344, 3264, 160, 297.17
1344, 3264, 240, 331.99
1344, 3264, 320, 354.01
1344, 3264, 400, 368.06
1344, 3264, 480, 372.86
1344, 3264, 560, 376.19
1344, 3264, 640, 380.56
1344, 3264, 720, 383.98
1344, 3264, 800, 388.85
1344, 3264, 880, 387.21
1344, 3264, 960, 391.07
1344, 3264, 1040, 391.07
1344, 3264, 1120, 392.00
1344, 3264, 1200, 390.40
1344, 3264, 1280, 393.22
1344, 3264, 1360, 393.52
1344, 3264, 1440, 394.53
1344, 3264, 1520, 394.62
1344, 3264, 1600, 396.14
1344, 3264, 1680, 396.01
1344, 3264, 1760, 396.79
1344, 3264, 1840, 397.13
1344, 3264, 1920, 397.85
1344, 3264, 2000, 397.73
1344, 3264, 2080, 398.48
1344, 3264, 2160, 398.24
1344, 3264, 2240, 398.76
1344, 3264, 2320, 388.85
1344, 3264, 2400, 391.49
1344, 3264, 2480, 392.38
1344, 3264, 2560, 380.60
1344, 3264, 2640, 382.11
1344, 3264, 2720, 383.46
1344, 3264, 2800, 394.29
1344, 3264, 2880, 396.75
1344, 3264, 2960, 395.31
1344, 3264, 3040, 397.18
1344, 3264, 3120, 395.99
1344, 3264, 3200, 397.32
1344, 3264, 3280, 397.40
1344, 3264, 3360, 397.90
1344, 3264, 3440, 397.09
1344, 3264, 3520, 398.53
1344, 3264, 3600, 397.73
1344, 3264, 3680, 398.67
1344, 3264, 3760, 398.33
1344, 3264, 3840, 399.53
1344, 3264, 3920, 398.93
1344, 3264, 4000, 399.71
