bli_shgemm performance
MC = 240, KC = 1280, NC = 2608
m, n, k, GFLOPS
1440, 5216, 80, 176.53
1440, 5216, 160, 273.66
1440, 5216, 240, 305.39
1440, 5216, 320, 327.72
1440, 5216, 400, 337.49
1440, 5216, 480, 345.50
1440, 5216, 560, 344.46
1440, 5216, 640, 346.64
1440, 5216, 720, 334.38
1440, 5216, 800, 339.76
1440, 5216, 880, 338.17
1440, 5216, 960, 343.80
1440, 5216, 1040, 345.47
1440, 5216, 1120, 348.38
1440, 5216, 1200, 345.27
1440, 5216, 1280, 349.37
1440, 5216, 1360, 330.53
1440, 5216, 1440, 326.14
1440, 5216, 1520, 333.60
1440, 5216, 1600, 335.62
1440, 5216, 1680, 335.73
1440, 5216, 1760, 333.93
1440, 5216, 1840, 326.91
1440, 5216, 1920, 337.17
1440, 5216, 2000, 337.68
1440, 5216, 2080, 337.96
1440, 5216, 2160, 334.76
1440, 5216, 2240, 335.68
1440, 5216, 2320, 339.20
1440, 5216, 2400, 340.18
1440, 5216, 2480, 341.23
1440, 5216, 2560, 342.34
1440, 5216, 2640, 331.71
1440, 5216, 2720, 333.43
1440, 5216, 2800, 334.85
1440, 5216, 2880, 336.05
1440, 5216, 2960, 373.02
1440, 5216, 3040, 372.49
1440, 5216, 3120, 373.30
1440, 5216, 3200, 373.99
1440, 5216, 3280, 373.36
1440, 5216, 3360, 375.34
1440, 5216, 3440, 375.24
1440, 5216, 3520, 377.27
1440, 5216, 3600, 376.96
1440, 5216, 3680, 378.65
1440, 5216, 3760, 378.66
1440, 5216, 3840, 381.39
1440, 5216, 3920, 371.18
1440, 5216, 4000, 370.85
