bli_shgemm performance
MC = 296, KC = 2816, NC = 1552
m, n, k, GFLOPS
1776, 3104, 80, 223.56
1776, 3104, 160, 301.35
1776, 3104, 240, 334.17
1776, 3104, 320, 357.25
1776, 3104, 400, 370.21
1776, 3104, 480, 375.26
1776, 3104, 560, 378.87
1776, 3104, 640, 380.58
1776, 3104, 720, 382.44
1776, 3104, 800, 389.23
1776, 3104, 880, 388.66
1776, 3104, 960, 391.82
1776, 3104, 1040, 394.52
1776, 3104, 1120, 395.91
1776, 3104, 1200, 396.34
1776, 3104, 1280, 398.24
1776, 3104, 1360, 397.89
1776, 3104, 1440, 399.21
1776, 3104, 1520, 398.95
1776, 3104, 1600, 400.77
1776, 3104, 1680, 401.31
1776, 3104, 1760, 402.55
1776, 3104, 1840, 403.53
1776, 3104, 1920, 389.28
1776, 3104, 2000, 390.85
1776, 3104, 2080, 392.84
1776, 3104, 2160, 392.65
1776, 3104, 2240, 393.31
1776, 3104, 2320, 393.35
1776, 3104, 2400, 394.43
1776, 3104, 2480, 391.69
1776, 3104, 2560, 394.16
1776, 3104, 2640, 392.70
1776, 3104, 2720, 394.58
1776, 3104, 2800, 394.32
1776, 3104, 2880, 385.77
1776, 3104, 2960, 385.12
1776, 3104, 3040, 387.63
1776, 3104, 3120, 386.59
1776, 3104, 3200, 388.99
1776, 3104, 3280, 395.47
1776, 3104, 3360, 400.34
1776, 3104, 3440, 402.06
1776, 3104, 3520, 402.47
1776, 3104, 3600, 397.95
1776, 3104, 3680, 397.52
1776, 3104, 3760, 395.59
1776, 3104, 3840, 395.66
1776, 3104, 3920, 395.38
1776, 3104, 4000, 395.69
