bli_shgemm performance
MC = 512, KC = 1536, NC = 2048
m, n, k, GFLOPS
3072, 4096, 80, 136.84
3072, 4096, 160, 200.86
3072, 4096, 240, 245.47
3072, 4096, 320, 274.52
3072, 4096, 400, 295.00
3072, 4096, 480, 306.66
3072, 4096, 560, 316.35
3072, 4096, 640, 326.24
3072, 4096, 720, 330.89
3072, 4096, 800, 342.90
3072, 4096, 880, 344.70
3072, 4096, 960, 352.51
3072, 4096, 1040, 357.29
3072, 4096, 1120, 359.44
3072, 4096, 1200, 363.37
3072, 4096, 1280, 366.14
3072, 4096, 1360, 369.85
3072, 4096, 1440, 372.01
3072, 4096, 1520, 373.11
3072, 4096, 1600, 343.16
3072, 4096, 1680, 347.33
3072, 4096, 1760, 348.84
3072, 4096, 1840, 352.43
3072, 4096, 1920, 356.36
3072, 4096, 2000, 357.23
3072, 4096, 2080, 360.16
3072, 4096, 2160, 360.83
3072, 4096, 2240, 362.59
3072, 4096, 2320, 365.80
3072, 4096, 2400, 366.63
3072, 4096, 2480, 368.06
3072, 4096, 2560, 369.75
3072, 4096, 2640, 370.18
3072, 4096, 2720, 371.95
3072, 4096, 2800, 373.36
3072, 4096, 2880, 374.85
3072, 4096, 2960, 375.75
3072, 4096, 3040, 376.88
3072, 4096, 3120, 361.04
3072, 4096, 3200, 363.92
3072, 4096, 3280, 365.34
3072, 4096, 3360, 366.70
3072, 4096, 3440, 367.89
3072, 4096, 3520, 369.82
3072, 4096, 3600, 370.41
3072, 4096, 3680, 371.89
3072, 4096, 3760, 371.63
3072, 4096, 3840, 372.81
3072, 4096, 3920, 373.71
3072, 4096, 4000, 375.67
