bli_shgemm performance
MC = 640, KC = 2048, NC = 2560
m, n, k, GFLOPS
3840, 5120, 80, 113.20
3840, 5120, 160, 178.78
3840, 5120, 240, 220.80
3840, 5120, 320, 252.47
3840, 5120, 400, 275.02
3840, 5120, 480, 293.56
3840, 5120, 560, 306.64
3840, 5120, 640, 313.40
3840, 5120, 720, 323.14
3840, 5120, 800, 335.41
3840, 5120, 880, 333.31
3840, 5120, 960, 347.58
3840, 5120, 1040, 352.11
3840, 5120, 1120, 357.56
3840, 5120, 1200, 353.25
3840, 5120, 1280, 364.33
3840, 5120, 1360, 370.03
3840, 5120, 1440, 371.11
3840, 5120, 1520, 371.95
3840, 5120, 1600, 377.77
3840, 5120, 1680, 376.06
3840, 5120, 1760, 373.40
3840, 5120, 1840, 381.54
3840, 5120, 1920, 388.66
3840, 5120, 2000, 388.09
3840, 5120, 2080, 358.25
3840, 5120, 2160, 361.30
3840, 5120, 2240, 363.13
3840, 5120, 2320, 364.82
3840, 5120, 2400, 366.97
3840, 5120, 2480, 369.19
3840, 5120, 2560, 371.26
3840, 5120, 2640, 370.27
3840, 5120, 2720, 370.49
3840, 5120, 2800, 372.97
3840, 5120, 2880, 375.10
3840, 5120, 2960, 375.49
3840, 5120, 3040, 377.65
3840, 5120, 3120, 378.86
3840, 5120, 3200, 379.77
3840, 5120, 3280, 379.32
3840, 5120, 3360, 381.20
3840, 5120, 3440, 383.60
3840, 5120, 3520, 384.34
3840, 5120, 3600, 384.29
3840, 5120, 3680, 386.26
3840, 5120, 3760, 386.12
3840, 5120, 3840, 386.59
3840, 5120, 3920, 387.68
3840, 5120, 4000, 390.45
