bli_shgemm performance
MC = 712, KC = 2560, NC = 2864
m, n, k, GFLOPS
4272, 5728, 80, 146.20
4272, 5728, 160, 215.50
4272, 5728, 240, 256.38
4272, 5728, 320, 282.73
4272, 5728, 400, 306.51
4272, 5728, 480, 324.09
4272, 5728, 560, 330.78
4272, 5728, 640, 329.47
4272, 5728, 720, 347.40
4272, 5728, 800, 347.34
4272, 5728, 880, 361.07
4272, 5728, 960, 363.29
4272, 5728, 1040, 361.42
4272, 5728, 1120, 373.97
4272, 5728, 1200, 378.59
4272, 5728, 1280, 382.43
4272, 5728, 1360, 376.33
4272, 5728, 1440, 387.77
4272, 5728, 1520, 389.66
4272, 5728, 1600, 391.77
4272, 5728, 1680, 392.16
4272, 5728, 1760, 397.42
4272, 5728, 1840, 395.60
4272, 5728, 1920, 393.74
4272, 5728, 2000, 400.70
4272, 5728, 2080, 405.32
4272, 5728, 2160, 403.90
4272, 5728, 2240, 405.43
4272, 5728, 2320, 405.25
4272, 5728, 2400, 401.42
4272, 5728, 2480, 396.64
4272, 5728, 2560, 387.79
4272, 5728, 2640, 367.11
4272, 5728, 2720, 369.65
4272, 5728, 2800, 370.54
4272, 5728, 2880, 372.92
4272, 5728, 2960, 373.60
4272, 5728, 3040, 375.98
4272, 5728, 3120, 375.39
4272, 5728, 3200, 375.39
4272, 5728, 3280, 378.53
4272, 5728, 3360, 378.60
4272, 5728, 3440, 381.82
4272, 5728, 3520, 383.12
4272, 5728, 3600, 382.32
4272, 5728, 3680, 386.22
4272, 5728, 3760, 385.75
4272, 5728, 3840, 388.34
4272, 5728, 3920, 388.33
4272, 5728, 4000, 391.58
