bli_shgemm performance
MC = 744, KC = 2816, NC = 2976
m, n, k, GFLOPS
4464, 5952, 80, 138.25
4464, 5952, 160, 209.96
4464, 5952, 240, 254.28
4464, 5952, 320, 283.41
4464, 5952, 400, 307.18
4464, 5952, 480, 324.74
4464, 5952, 560, 331.93
4464, 5952, 640, 332.74
4464, 5952, 720, 350.04
4464, 5952, 800, 350.59
4464, 5952, 880, 364.99
4464, 5952, 960, 368.35
4464, 5952, 1040, 367.33
4464, 5952, 1120, 379.87
4464, 5952, 1200, 377.95
4464, 5952, 1280, 383.33
4464, 5952, 1360, 378.83
4464, 5952, 1440, 392.13
4464, 5952, 1520, 393.74
4464, 5952, 1600, 395.76
4464, 5952, 1680, 396.82
4464, 5952, 1760, 397.40
4464, 5952, 1840, 395.26
4464, 5952, 1920, 391.79
4464, 5952, 2000, 399.48
4464, 5952, 2080, 398.59
4464, 5952, 2160, 396.87
4464, 5952, 2240, 397.54
4464, 5952, 2320, 391.46
4464, 5952, 2400, 386.16
4464, 5952, 2480, 375.88
4464, 5952, 2560, 369.18
4464, 5952, 2640, 350.74
4464, 5952, 2720, 337.35
4464, 5952, 2800, 332.92
4464, 5952, 2880, 320.75
4464, 5952, 2960, 322.53
4464, 5952, 3040, 325.82
4464, 5952, 3120, 325.48
4464, 5952, 3200, 330.22
4464, 5952, 3280, 357.02
4464, 5952, 3360, 331.77
4464, 5952, 3440, 332.18
4464, 5952, 3520, 336.82
4464, 5952, 3600, 335.42
4464, 5952, 3680, 340.32
4464, 5952, 3760, 340.26
4464, 5952, 3840, 343.18
4464, 5952, 3920, 346.62
4464, 5952, 4000, 347.87
