bli_shgemm performance
MC = 96, KC = 1024, NC = 2864
m, n, k, GFLOPS
576, 5728, 80, 187.07
576, 5728, 160, 244.18
576, 5728, 240, 279.47
576, 5728, 320, 305.92
576, 5728, 400, 317.64
576, 5728, 480, 328.48
576, 5728, 560, 302.00
576, 5728, 640, 304.27
576, 5728, 720, 303.01
576, 5728, 800, 303.85
576, 5728, 880, 301.05
576, 5728, 960, 300.50
576, 5728, 1040, 279.57
576, 5728, 1120, 277.97
576, 5728, 1200, 299.54
576, 5728, 1280, 306.60
576, 5728, 1360, 303.73
576, 5728, 1440, 311.04
576, 5728, 1520, 310.37
576, 5728, 1600, 310.03
576, 5728, 1680, 311.62
576, 5728, 1760, 307.74
576, 5728, 1840, 308.80
576, 5728, 1920, 332.41
576, 5728, 2000, 332.63
576, 5728, 2080, 329.49
576, 5728, 2160, 325.30
576, 5728, 2240, 326.94
576, 5728, 2320, 328.62
576, 5728, 2400, 331.74
576, 5728, 2480, 329.58
576, 5728, 2560, 330.98
576, 5728, 2640, 331.89
576, 5728, 2720, 333.28
576, 5728, 2800, 330.24
576, 5728, 2880, 331.64
576, 5728, 2960, 333.27
576, 5728, 3040, 332.03
576, 5728, 3120, 330.93
576, 5728, 3200, 329.95
576, 5728, 3280, 328.33
576, 5728, 3360, 329.80
576, 5728, 3440, 332.61
576, 5728, 3520, 332.04
576, 5728, 3600, 333.28
576, 5728, 3680, 332.55
576, 5728, 3760, 334.15
576, 5728, 3840, 333.23
576, 5728, 3920, 332.21
576, 5728, 4000, 333.63
