bli_shgemm performance
MC = 1024, KC = 512, NC = 4096
m, n, k, GFLOPS
1024, 1024, 80, 183.77
1024, 1024, 160, 239.30
1024, 1024, 240, 286.78
1024, 1024, 320, 323.49
1024, 1024, 400, 334.63
1024, 1024, 480, 343.37
1024, 1024, 560, 305.01
1024, 1024, 640, 311.02
1024, 1024, 720, 320.37
1024, 1024, 800, 323.76
1024, 1024, 880, 326.30
1024, 1024, 960, 336.85
1024, 1024, 1040, 314.47
1024, 1024, 1120, 321.32
1024, 1024, 1200, 320.87
1024, 1024, 1280, 330.05
1024, 1024, 1360, 327.92
1024, 1024, 1440, 334.35
1024, 1024, 1520, 334.31
1024, 1024, 1600, 315.25
1024, 1024, 1680, 310.99
1024, 1024, 1760, 317.61
1024, 1024, 1840, 313.04
1024, 1024, 1920, 320.30
1024, 1024, 2000, 319.02
1024, 1024, 2080, 331.10
1024, 1024, 2160, 328.88
1024, 1024, 2240, 335.34
1024, 1024, 2320, 332.51
1024, 1024, 2400, 336.45
1024, 1024, 2480, 336.79
1024, 1024, 2560, 345.17
1024, 1024, 2640, 338.91
1024, 1024, 2720, 343.59
1024, 1024, 2800, 341.29
1024, 1024, 2880, 346.21
1024, 1024, 2960, 344.77
1024, 1024, 3040, 345.24
1024, 1024, 3120, 338.55
1024, 1024, 3200, 344.13
1024, 1024, 3280, 341.44
1024, 1024, 3360, 343.35
1024, 1024, 3440, 341.78
1024, 1024, 3520, 349.17
1024, 1024, 3600, 342.98
1024, 1024, 3680, 345.23
1024, 1024, 3760, 346.96
1024, 1024, 3840, 347.72
1024, 1024, 3920, 349.49
1024, 1024, 4000, 347.17
