bli_shgemm performance
MC = 1024, KC = 1792, NC = 4096
m, n, k, GFLOPS
1024, 1024, 80, 202.59
1024, 1024, 160, 277.47
1024, 1024, 240, 309.37
1024, 1024, 320, 326.90
1024, 1024, 400, 337.06
1024, 1024, 480, 343.79
1024, 1024, 560, 349.44
1024, 1024, 640, 352.63
1024, 1024, 720, 353.37
1024, 1024, 800, 363.38
1024, 1024, 880, 364.07
1024, 1024, 960, 370.67
1024, 1024, 1040, 373.15
1024, 1024, 1120, 370.42
1024, 1024, 1200, 373.44
1024, 1024, 1280, 375.07
1024, 1024, 1360, 378.12
1024, 1024, 1440, 374.48
1024, 1024, 1520, 372.86
1024, 1024, 1600, 373.74
1024, 1024, 1680, 369.96
1024, 1024, 1760, 364.88
1024, 1024, 1840, 339.29
1024, 1024, 1920, 344.24
1024, 1024, 2000, 331.97
1024, 1024, 2080, 332.10
1024, 1024, 2160, 319.03
1024, 1024, 2240, 325.15
1024, 1024, 2320, 326.05
1024, 1024, 2400, 330.01
1024, 1024, 2480, 328.28
1024, 1024, 2560, 327.43
1024, 1024, 2640, 332.38
1024, 1024, 2720, 335.93
1024, 1024, 2800, 333.55
1024, 1024, 2880, 335.50
1024, 1024, 2960, 338.37
1024, 1024, 3040, 338.95
1024, 1024, 3120, 341.71
1024, 1024, 3200, 342.16
1024, 1024, 3280, 342.97
1024, 1024, 3360, 357.79
1024, 1024, 3440, 348.60
1024, 1024, 3520, 346.86
1024, 1024, 3600, 346.69
1024, 1024, 3680, 347.81
1024, 1024, 3760, 348.13
1024, 1024, 3840, 348.17
1024, 1024, 3920, 347.98
1024, 1024, 4000, 354.49
