bli_shgemm performance
MC = 256, KC = 1024, NC = 1024
m, n, k, GFLOPS
256, 1024, 80, 201.64
256, 1024, 160, 257.44
256, 1024, 240, 284.45
256, 1024, 320, 288.89
256, 1024, 400, 299.05
256, 1024, 480, 311.39
256, 1024, 560, 313.07
256, 1024, 640, 312.23
256, 1024, 720, 311.58
256, 1024, 800, 318.57
256, 1024, 880, 315.74
256, 1024, 960, 316.67
256, 1024, 1040, 291.79
256, 1024, 1120, 295.76
256, 1024, 1200, 296.00
256, 1024, 1280, 300.27
256, 1024, 1360, 317.89
256, 1024, 1440, 320.88
256, 1024, 1520, 320.06
256, 1024, 1600, 322.68
256, 1024, 1680, 320.88
256, 1024, 1760, 323.45
256, 1024, 1840, 323.37
256, 1024, 1920, 325.22
256, 1024, 2000, 323.46
256, 1024, 2080, 314.80
256, 1024, 2160, 314.10
256, 1024, 2240, 316.43
256, 1024, 2320, 315.44
256, 1024, 2400, 316.93
256, 1024, 2480, 316.44
256, 1024, 2560, 318.97
256, 1024, 2640, 316.92
256, 1024, 2720, 319.22
256, 1024, 2800, 317.99
256, 1024, 2880, 321.01
256, 1024, 2960, 320.19
256, 1024, 3040, 321.74
256, 1024, 3120, 318.17
256, 1024, 3200, 320.27
256, 1024, 3280, 318.65
256, 1024, 3360, 320.54
256, 1024, 3440, 320.37
256, 1024, 3520, 323.07
256, 1024, 3600, 320.86
256, 1024, 3680, 322.31
256, 1024, 3760, 321.24
256, 1024, 3840, 323.44
256, 1024, 3920, 321.46
256, 1024, 4000, 322.97
