bli_shgemm performance
MC = 408, KC = 1280, NC = 1632
m, n, k, GFLOPS
408, 1632, 80, 241.09
408, 1632, 160, 306.89
408, 1632, 240, 329.82
408, 1632, 320, 346.18
408, 1632, 400, 354.44
408, 1632, 480, 356.64
408, 1632, 560, 354.67
408, 1632, 640, 352.66
408, 1632, 720, 349.44
408, 1632, 800, 356.25
408, 1632, 880, 358.02
408, 1632, 960, 361.99
408, 1632, 1040, 361.57
408, 1632, 1120, 362.75
408, 1632, 1200, 363.53
408, 1632, 1280, 366.60
408, 1632, 1360, 362.49
408, 1632, 1440, 363.57
408, 1632, 1520, 364.95
408, 1632, 1600, 366.43
408, 1632, 1680, 366.56
408, 1632, 1760, 367.84
408, 1632, 1840, 367.38
408, 1632, 1920, 368.15
408, 1632, 2000, 368.07
408, 1632, 2080, 369.89
408, 1632, 2160, 368.92
408, 1632, 2240, 371.59
408, 1632, 2320, 371.05
408, 1632, 2400, 371.51
408, 1632, 2480, 371.98
408, 1632, 2560, 372.29
408, 1632, 2640, 365.59
408, 1632, 2720, 367.06
408, 1632, 2800, 365.18
408, 1632, 2880, 368.71
408, 1632, 2960, 367.08
408, 1632, 3040, 368.51
408, 1632, 3120, 367.10
408, 1632, 3200, 369.66
408, 1632, 3280, 370.72
408, 1632, 3360, 373.24
408, 1632, 3440, 371.17
408, 1632, 3520, 374.96
408, 1632, 3600, 373.75
408, 1632, 3680, 374.40
408, 1632, 3760, 373.31
408, 1632, 3840, 372.68
408, 1632, 3920, 367.64
408, 1632, 4000, 368.42
