bli_shgemm performance
MC = 712, KC = 2560, NC = 2864
m, n, k, GFLOPS
712, 2864, 80, 184.25
712, 2864, 160, 309.09
712, 2864, 240, 296.37
712, 2864, 320, 320.33
712, 2864, 400, 336.16
712, 2864, 480, 343.05
712, 2864, 560, 347.56
712, 2864, 640, 327.00
712, 2864, 720, 352.21
712, 2864, 800, 360.29
712, 2864, 880, 361.45
712, 2864, 960, 366.88
712, 2864, 1040, 368.92
712, 2864, 1120, 371.45
712, 2864, 1200, 373.37
712, 2864, 1280, 376.00
712, 2864, 1360, 345.02
712, 2864, 1440, 346.29
712, 2864, 1520, 344.84
712, 2864, 1600, 384.17
712, 2864, 1680, 382.75
712, 2864, 1760, 382.27
712, 2864, 1840, 380.30
712, 2864, 1920, 378.45
712, 2864, 2000, 377.07
712, 2864, 2080, 378.50
712, 2864, 2160, 375.66
712, 2864, 2240, 372.53
712, 2864, 2320, 370.44
712, 2864, 2400, 366.79
712, 2864, 2480, 362.31
712, 2864, 2560, 375.07
712, 2864, 2640, 347.65
712, 2864, 2720, 349.06
712, 2864, 2800, 349.19
712, 2864, 2880, 351.98
712, 2864, 2960, 352.80
712, 2864, 3040, 353.73
712, 2864, 3120, 354.93
712, 2864, 3200, 372.12
712, 2864, 3280, 372.83
712, 2864, 3360, 374.78
712, 2864, 3440, 374.48
712, 2864, 3520, 375.49
712, 2864, 3600, 376.21
712, 2864, 3680, 376.91
712, 2864, 3760, 377.75
712, 2864, 3840, 377.72
712, 2864, 3920, 378.23
712, 2864, 4000, 379.77
