bli_shgemm performance
MC = 1000, KC = 256, NC = 4001
m, n, k, GFLOPS
1024, 1024, 80, 195.48
1024, 1024, 160, 259.21
1024, 1024, 240, 289.35
1024, 1024, 320, 254.12
1024, 1024, 400, 263.59
1024, 1024, 480, 280.89
1024, 1024, 560, 250.98
1024, 1024, 640, 273.80
1024, 1024, 720, 267.98
1024, 1024, 800, 269.25
1024, 1024, 880, 270.36
1024, 1024, 960, 283.71
1024, 1024, 1040, 263.17
1024, 1024, 1120, 276.02
1024, 1024, 1200, 274.58
1024, 1024, 1280, 294.25
1024, 1024, 1360, 278.86
1024, 1024, 1440, 289.67
1024, 1024, 1520, 288.94
1024, 1024, 1600, 288.86
1024, 1024, 1680, 301.24
1024, 1024, 1760, 305.18
1024, 1024, 1840, 296.74
1024, 1024, 1920, 299.40
1024, 1024, 2000, 304.25
1024, 1024, 2080, 290.26
1024, 1024, 2160, 293.08
1024, 1024, 2240, 295.55
1024, 1024, 2320, 290.29
1024, 1024, 2400, 291.86
1024, 1024, 2480, 294.41
1024, 1024, 2560, 297.48
1024, 1024, 2640, 291.43
1024, 1024, 2720, 294.10
1024, 1024, 2800, 295.76
1024, 1024, 2880, 292.43
1024, 1024, 2960, 293.39
1024, 1024, 3040, 296.46
1024, 1024, 3120, 291.05
1024, 1024, 3200, 293.22
1024, 1024, 3280, 294.59
1024, 1024, 3360, 290.65
1024, 1024, 3440, 293.02
1024, 1024, 3520, 296.89
1024, 1024, 3600, 290.36
1024, 1024, 3680, 294.15
1024, 1024, 3760, 295.85
1024, 1024, 3840, 295.54
1024, 1024, 3920, 293.41
1024, 1024, 4000, 293.41
