bli_shgemm performance
MC = 1024, KC = 896, NC = 4096
m, n, k, GFLOPS
1024, 1024, 80, 201.25
1024, 1024, 160, 273.46
1024, 1024, 240, 306.96
1024, 1024, 320, 325.21
1024, 1024, 400, 334.67
1024, 1024, 480, 342.23
1024, 1024, 560, 349.74
1024, 1024, 640, 351.56
1024, 1024, 720, 355.69
1024, 1024, 800, 363.19
1024, 1024, 880, 364.00
1024, 1024, 960, 337.15
1024, 1024, 1040, 336.02
1024, 1024, 1120, 342.24
1024, 1024, 1200, 339.61
1024, 1024, 1280, 348.73
1024, 1024, 1360, 348.93
1024, 1024, 1440, 353.79
1024, 1024, 1520, 349.68
1024, 1024, 1600, 353.45
1024, 1024, 1680, 352.11
1024, 1024, 1760, 355.99
1024, 1024, 1840, 341.34
1024, 1024, 1920, 346.85
1024, 1024, 2000, 341.91
1024, 1024, 2080, 345.29
1024, 1024, 2160, 345.00
1024, 1024, 2240, 353.88
1024, 1024, 2320, 352.70
1024, 1024, 2400, 354.23
1024, 1024, 2480, 353.68
1024, 1024, 2560, 354.39
1024, 1024, 2640, 356.53
1024, 1024, 2720, 345.50
1024, 1024, 2800, 346.21
1024, 1024, 2880, 358.33
1024, 1024, 2960, 362.39
1024, 1024, 3040, 364.45
1024, 1024, 3120, 361.31
1024, 1024, 3200, 363.63
1024, 1024, 3280, 361.74
1024, 1024, 3360, 363.36
1024, 1024, 3440, 363.98
1024, 1024, 3520, 365.71
1024, 1024, 3600, 356.43
1024, 1024, 3680, 358.51
1024, 1024, 3760, 363.21
1024, 1024, 3840, 360.63
1024, 1024, 3920, 362.69
1024, 1024, 4000, 362.70
