bli_shgemm performance
MC = 1024, KC = 1536, NC = 4096
m, n, k, GFLOPS
1024, 1024, 80, 186.21
1024, 1024, 160, 275.77
1024, 1024, 240, 307.07
1024, 1024, 320, 327.41
1024, 1024, 400, 336.45
1024, 1024, 480, 341.10
1024, 1024, 560, 348.10
1024, 1024, 640, 351.79
1024, 1024, 720, 353.44
1024, 1024, 800, 364.41
1024, 1024, 880, 364.99
1024, 1024, 960, 370.59
1024, 1024, 1040, 370.70
1024, 1024, 1120, 372.35
1024, 1024, 1200, 372.10
1024, 1024, 1280, 379.27
1024, 1024, 1360, 378.11
1024, 1024, 1440, 378.20
1024, 1024, 1520, 368.24
1024, 1024, 1600, 339.37
1024, 1024, 1680, 341.91
1024, 1024, 1760, 345.45
1024, 1024, 1840, 341.19
1024, 1024, 1920, 351.74
1024, 1024, 2000, 350.48
1024, 1024, 2080, 358.61
1024, 1024, 2160, 357.60
1024, 1024, 2240, 354.18
1024, 1024, 2320, 358.81
1024, 1024, 2400, 362.48
1024, 1024, 2480, 356.32
1024, 1024, 2560, 352.87
1024, 1024, 2640, 353.95
1024, 1024, 2720, 359.45
1024, 1024, 2800, 352.45
1024, 1024, 2880, 360.54
1024, 1024, 2960, 346.93
1024, 1024, 3040, 347.05
1024, 1024, 3120, 356.23
1024, 1024, 3200, 361.64
1024, 1024, 3280, 357.35
1024, 1024, 3360, 358.81
1024, 1024, 3440, 359.10
1024, 1024, 3520, 362.24
1024, 1024, 3600, 357.13
1024, 1024, 3680, 365.11
1024, 1024, 3760, 359.73
1024, 1024, 3840, 364.39
1024, 1024, 3920, 364.12
1024, 1024, 4000, 364.04
