bli_shgemm performance
MC = 384, KC = 4096, NC = 1024
m, n, k, GFLOPS
384, 1024, 80, 195.21
384, 1024, 160, 256.23
384, 1024, 240, 292.84
384, 1024, 320, 310.29
384, 1024, 400, 322.68
384, 1024, 480, 327.96
384, 1024, 560, 327.35
384, 1024, 640, 323.58
384, 1024, 720, 316.71
384, 1024, 800, 321.61
384, 1024, 880, 320.05
384, 1024, 960, 327.25
384, 1024, 1040, 326.00
384, 1024, 1120, 333.71
384, 1024, 1200, 333.08
384, 1024, 1280, 336.31
384, 1024, 1360, 335.29
384, 1024, 1440, 337.64
384, 1024, 1520, 339.03
384, 1024, 1600, 337.42
384, 1024, 1680, 336.97
384, 1024, 1760, 338.08
384, 1024, 1840, 339.02
384, 1024, 1920, 340.07
384, 1024, 2000, 339.59
384, 1024, 2080, 340.48
384, 1024, 2160, 340.35
384, 1024, 2240, 342.05
384, 1024, 2320, 341.63
384, 1024, 2400, 342.18
384, 1024, 2480, 342.57
384, 1024, 2560, 343.49
384, 1024, 2640, 342.73
384, 1024, 2720, 343.15
384, 1024, 2800, 342.93
384, 1024, 2880, 344.02
384, 1024, 2960, 344.01
384, 1024, 3040, 344.19
384, 1024, 3120, 343.82
384, 1024, 3200, 344.40
384, 1024, 3280, 343.32
384, 1024, 3360, 344.02
384, 1024, 3440, 343.75
384, 1024, 3520, 343.35
384, 1024, 3600, 343.20
384, 1024, 3680, 343.18
384, 1024, 3760, 342.36
384, 1024, 3840, 342.11
384, 1024, 3920, 341.80
384, 1024, 4000, 341.86
