bli_shgemm performance
MC = 512, KC = 3328, NC = 1024
m, n, k, GFLOPS
512, 1024, 80, 200.95
512, 1024, 160, 269.65
512, 1024, 240, 298.64
512, 1024, 320, 320.38
512, 1024, 400, 330.10
512, 1024, 480, 320.89
512, 1024, 560, 322.91
512, 1024, 640, 327.12
512, 1024, 720, 326.66
512, 1024, 800, 334.68
512, 1024, 880, 334.32
512, 1024, 960, 339.71
512, 1024, 1040, 340.17
512, 1024, 1120, 345.39
512, 1024, 1200, 345.59
512, 1024, 1280, 350.03
512, 1024, 1360, 348.66
512, 1024, 1440, 350.54
512, 1024, 1520, 352.31
512, 1024, 1600, 354.02
512, 1024, 1680, 351.88
512, 1024, 1760, 353.17
512, 1024, 1840, 352.95
512, 1024, 1920, 354.36
512, 1024, 2000, 354.88
512, 1024, 2080, 356.20
512, 1024, 2160, 355.84
512, 1024, 2240, 358.06
512, 1024, 2320, 356.72
512, 1024, 2400, 358.04
512, 1024, 2480, 357.66
512, 1024, 2560, 358.63
512, 1024, 2640, 358.19
512, 1024, 2720, 359.02
512, 1024, 2800, 358.35
512, 1024, 2880, 357.79
512, 1024, 2960, 356.18
512, 1024, 3040, 355.50
512, 1024, 3120, 351.26
512, 1024, 3200, 350.60
512, 1024, 3280, 347.01
512, 1024, 3360, 345.18
512, 1024, 3440, 355.42
512, 1024, 3520, 356.48
512, 1024, 3600, 356.14
512, 1024, 3680, 359.03
512, 1024, 3760, 358.63
512, 1024, 3840, 360.52
512, 1024, 3920, 360.31
512, 1024, 4000, 361.25
