bli_shgemm performance
MC = 640, KC = 3584, NC = 3072
m, n, k, GFLOPS
640, 3072, 80, 169.11
640, 3072, 160, 261.54
640, 3072, 240, 282.75
640, 3072, 320, 310.85
640, 3072, 400, 319.37
640, 3072, 480, 328.77
640, 3072, 560, 335.61
640, 3072, 640, 347.45
640, 3072, 720, 350.90
640, 3072, 800, 356.28
640, 3072, 880, 358.14
640, 3072, 960, 361.07
640, 3072, 1040, 363.85
640, 3072, 1120, 365.83
640, 3072, 1200, 366.85
640, 3072, 1280, 361.70
640, 3072, 1360, 362.68
640, 3072, 1440, 362.21
640, 3072, 1520, 364.55
640, 3072, 1600, 368.55
640, 3072, 1680, 368.24
640, 3072, 1760, 369.29
640, 3072, 1840, 370.92
640, 3072, 1920, 372.36
640, 3072, 2000, 371.52
640, 3072, 2080, 372.13
640, 3072, 2160, 383.73
640, 3072, 2240, 383.38
640, 3072, 2320, 381.23
640, 3072, 2400, 380.80
640, 3072, 2480, 379.90
640, 3072, 2560, 380.80
640, 3072, 2640, 377.27
640, 3072, 2720, 369.63
640, 3072, 2800, 368.58
640, 3072, 2880, 366.08
640, 3072, 2960, 363.83
640, 3072, 3040, 355.13
640, 3072, 3120, 356.99
640, 3072, 3200, 351.53
640, 3072, 3280, 342.68
640, 3072, 3360, 333.32
640, 3072, 3440, 329.53
640, 3072, 3520, 323.92
640, 3072, 3600, 298.21
640, 3072, 3680, 300.63
640, 3072, 3760, 302.18
640, 3072, 3840, 304.13
640, 3072, 3920, 305.48
640, 3072, 4000, 307.57
