bli_shgemm performance
MC = 640, KC = 2816, NC = 3072
m, n, k, GFLOPS
640, 3072, 80, 176.53
640, 3072, 160, 262.91
640, 3072, 240, 282.72
640, 3072, 320, 306.40
640, 3072, 400, 321.28
640, 3072, 480, 330.98
640, 3072, 560, 339.58
640, 3072, 640, 343.19
640, 3072, 720, 345.97
640, 3072, 800, 353.85
640, 3072, 880, 357.68
640, 3072, 960, 356.69
640, 3072, 1040, 359.17
640, 3072, 1120, 360.96
640, 3072, 1200, 363.18
640, 3072, 1280, 362.54
640, 3072, 1360, 363.29
640, 3072, 1440, 364.23
640, 3072, 1520, 364.39
640, 3072, 1600, 367.38
640, 3072, 1680, 368.67
640, 3072, 1760, 368.31
640, 3072, 1840, 369.89
640, 3072, 1920, 371.73
640, 3072, 2000, 370.27
640, 3072, 2080, 371.14
640, 3072, 2160, 370.87
640, 3072, 2240, 370.41
640, 3072, 2320, 371.15
640, 3072, 2400, 371.22
640, 3072, 2480, 371.21
640, 3072, 2560, 380.16
640, 3072, 2640, 379.12
640, 3072, 2720, 376.95
640, 3072, 2800, 372.96
640, 3072, 2880, 349.62
640, 3072, 2960, 351.88
640, 3072, 3040, 352.94
640, 3072, 3120, 354.07
640, 3072, 3200, 355.82
640, 3072, 3280, 356.09
640, 3072, 3360, 356.94
640, 3072, 3440, 369.60
640, 3072, 3520, 368.44
640, 3072, 3600, 369.51
640, 3072, 3680, 371.20
640, 3072, 3760, 371.76
640, 3072, 3840, 373.14
640, 3072, 3920, 374.12
640, 3072, 4000, 373.43
