bli_shgemm performance
MC = 640, KC = 2560, NC = 2048
m, n, k, GFLOPS
640, 2048, 80, 181.62
640, 2048, 160, 260.67
640, 2048, 240, 279.87
640, 2048, 320, 306.10
640, 2048, 400, 318.83
640, 2048, 480, 327.19
640, 2048, 560, 335.58
640, 2048, 640, 339.84
640, 2048, 720, 344.45
640, 2048, 800, 352.23
640, 2048, 880, 349.08
640, 2048, 960, 359.39
640, 2048, 1040, 361.75
640, 2048, 1120, 364.40
640, 2048, 1200, 365.75
640, 2048, 1280, 368.46
640, 2048, 1360, 369.11
640, 2048, 1440, 370.88
640, 2048, 1520, 371.50
640, 2048, 1600, 373.05
640, 2048, 1680, 374.08
640, 2048, 1760, 369.68
640, 2048, 1840, 370.44
640, 2048, 1920, 369.78
640, 2048, 2000, 370.58
640, 2048, 2080, 370.09
640, 2048, 2160, 375.31
640, 2048, 2240, 373.21
640, 2048, 2320, 373.27
640, 2048, 2400, 372.55
640, 2048, 2480, 371.70
640, 2048, 2560, 363.97
640, 2048, 2640, 352.41
640, 2048, 2720, 354.55
640, 2048, 2800, 354.92
640, 2048, 2880, 356.58
640, 2048, 2960, 356.88
640, 2048, 3040, 358.38
640, 2048, 3120, 351.11
640, 2048, 3200, 352.09
640, 2048, 3280, 352.91
640, 2048, 3360, 354.70
640, 2048, 3440, 361.11
640, 2048, 3520, 362.28
640, 2048, 3600, 362.82
640, 2048, 3680, 363.10
640, 2048, 3760, 363.69
640, 2048, 3840, 364.95
640, 2048, 3920, 364.94
640, 2048, 4000, 365.55
