bli_shgemm performance
MC = 640, KC = 768, NC = 1024
m, n, k, GFLOPS
640, 1024, 80, 206.62
640, 1024, 160, 268.95
640, 1024, 240, 301.50
640, 1024, 320, 331.81
640, 1024, 400, 338.01
640, 1024, 480, 336.57
640, 1024, 560, 332.93
640, 1024, 640, 339.03
640, 1024, 720, 338.63
640, 1024, 800, 314.74
640, 1024, 880, 313.48
640, 1024, 960, 321.25
640, 1024, 1040, 321.18
640, 1024, 1120, 326.69
640, 1024, 1200, 325.09
640, 1024, 1280, 327.41
640, 1024, 1360, 332.54
640, 1024, 1440, 338.54
640, 1024, 1520, 337.49
640, 1024, 1600, 333.39
640, 1024, 1680, 328.39
640, 1024, 1760, 333.84
640, 1024, 1840, 331.18
640, 1024, 1920, 337.77
640, 1024, 2000, 335.37
640, 1024, 2080, 334.19
640, 1024, 2160, 346.11
640, 1024, 2240, 351.32
640, 1024, 2320, 338.88
640, 1024, 2400, 343.39
640, 1024, 2480, 340.22
640, 1024, 2560, 346.49
640, 1024, 2640, 342.19
640, 1024, 2720, 347.12
640, 1024, 2800, 343.69
640, 1024, 2880, 351.02
640, 1024, 2960, 345.76
640, 1024, 3040, 349.91
640, 1024, 3120, 340.82
640, 1024, 3200, 346.43
640, 1024, 3280, 342.54
640, 1024, 3360, 347.01
640, 1024, 3440, 344.54
640, 1024, 3520, 350.97
640, 1024, 3600, 346.59
640, 1024, 3680, 350.00
640, 1024, 3760, 346.96
640, 1024, 3840, 352.79
640, 1024, 3920, 344.57
640, 1024, 4000, 347.93
