bli_shgemm performance
MC = 384, KC = 1792, NC = 3072
m, n, k, GFLOPS
384, 3072, 80, 177.79
384, 3072, 160, 254.82
384, 3072, 240, 270.57
384, 3072, 320, 291.75
384, 3072, 400, 300.96
384, 3072, 480, 308.90
384, 3072, 560, 314.66
384, 3072, 640, 320.13
384, 3072, 720, 323.96
384, 3072, 800, 331.18
384, 3072, 880, 337.81
384, 3072, 960, 342.24
384, 3072, 1040, 343.82
384, 3072, 1120, 344.14
384, 3072, 1200, 348.31
384, 3072, 1280, 349.69
384, 3072, 1360, 353.21
384, 3072, 1440, 353.90
384, 3072, 1520, 353.93
384, 3072, 1600, 357.14
384, 3072, 1680, 357.10
384, 3072, 1760, 357.91
384, 3072, 1840, 327.36
384, 3072, 1920, 328.76
384, 3072, 2000, 330.58
384, 3072, 2080, 347.59
384, 3072, 2160, 348.95
384, 3072, 2240, 350.27
384, 3072, 2320, 350.07
384, 3072, 2400, 351.61
384, 3072, 2480, 350.82
384, 3072, 2560, 352.80
384, 3072, 2640, 353.59
384, 3072, 2720, 355.17
384, 3072, 2800, 355.23
384, 3072, 2880, 355.83
384, 3072, 2960, 355.68
384, 3072, 3040, 357.06
384, 3072, 3120, 356.74
384, 3072, 3200, 357.42
384, 3072, 3280, 357.24
384, 3072, 3360, 358.04
384, 3072, 3440, 357.41
384, 3072, 3520, 358.09
384, 3072, 3600, 350.36
384, 3072, 3680, 351.50
384, 3072, 3760, 351.71
384, 3072, 3840, 352.86
384, 3072, 3920, 352.88
384, 3072, 4000, 353.57
