bli_shgemm performance
MC = 384, KC = 1536, NC = 4096
m, n, k, GFLOPS
384, 4096, 80, 175.82
384, 4096, 160, 234.56
384, 4096, 240, 265.65
384, 4096, 320, 285.61
384, 4096, 400, 298.51
384, 4096, 480, 304.84
384, 4096, 560, 311.52
384, 4096, 640, 313.91
384, 4096, 720, 323.33
384, 4096, 800, 329.59
384, 4096, 880, 330.34
384, 4096, 960, 333.63
384, 4096, 1040, 335.00
384, 4096, 1120, 335.98
384, 4096, 1200, 336.99
384, 4096, 1280, 340.58
384, 4096, 1360, 339.97
384, 4096, 1440, 343.02
384, 4096, 1520, 343.67
384, 4096, 1600, 313.55
384, 4096, 1680, 315.76
384, 4096, 1760, 335.16
384, 4096, 1840, 335.76
384, 4096, 1920, 337.32
384, 4096, 2000, 338.20
384, 4096, 2080, 338.75
384, 4096, 2160, 339.82
384, 4096, 2240, 339.62
384, 4096, 2320, 341.31
384, 4096, 2400, 342.00
384, 4096, 2480, 342.20
384, 4096, 2560, 343.05
384, 4096, 2640, 343.12
384, 4096, 2720, 344.36
384, 4096, 2800, 345.84
384, 4096, 2880, 346.92
384, 4096, 2960, 346.35
384, 4096, 3040, 346.82
384, 4096, 3120, 338.53
384, 4096, 3200, 339.42
384, 4096, 3280, 339.52
384, 4096, 3360, 340.57
384, 4096, 3440, 341.88
384, 4096, 3520, 341.90
384, 4096, 3600, 342.17
384, 4096, 3680, 342.47
384, 4096, 3760, 341.40
384, 4096, 3840, 342.50
384, 4096, 3920, 343.02
384, 4096, 4000, 343.70
