bli_shgemm performance
MC = 512, KC = 2816, NC = 2048
m, n, k, GFLOPS
512, 2048, 80, 187.38
512, 2048, 160, 259.47
512, 2048, 240, 282.08
512, 2048, 320, 303.36
512, 2048, 400, 307.88
512, 2048, 480, 316.19
512, 2048, 560, 321.53
512, 2048, 640, 332.69
512, 2048, 720, 334.20
512, 2048, 800, 343.16
512, 2048, 880, 344.70
512, 2048, 960, 350.11
512, 2048, 1040, 344.18
512, 2048, 1120, 349.75
512, 2048, 1200, 351.57
512, 2048, 1280, 354.33
512, 2048, 1360, 355.86
512, 2048, 1440, 362.19
512, 2048, 1520, 363.11
512, 2048, 1600, 364.16
512, 2048, 1680, 363.99
512, 2048, 1760, 364.81
512, 2048, 1840, 364.67
512, 2048, 1920, 365.99
512, 2048, 2000, 365.04
512, 2048, 2080, 365.70
512, 2048, 2160, 366.20
512, 2048, 2240, 366.75
512, 2048, 2320, 365.63
512, 2048, 2400, 367.16
512, 2048, 2480, 365.12
512, 2048, 2560, 369.41
512, 2048, 2640, 369.91
512, 2048, 2720, 369.65
512, 2048, 2800, 367.75
512, 2048, 2880, 349.17
512, 2048, 2960, 349.36
512, 2048, 3040, 350.53
512, 2048, 3120, 352.33
512, 2048, 3200, 353.09
512, 2048, 3280, 352.99
512, 2048, 3360, 354.49
512, 2048, 3440, 353.50
512, 2048, 3520, 354.84
512, 2048, 3600, 364.29
512, 2048, 3680, 364.73
512, 2048, 3760, 365.02
512, 2048, 3840, 365.94
512, 2048, 3920, 366.16
512, 2048, 4000, 365.96
