bli_shgemm performance
MC = 256, KC = 4096, NC = 1024
m, n, k, GFLOPS
256, 1024, 80, 195.49
256, 1024, 160, 249.83
256, 1024, 240, 279.86
256, 1024, 320, 294.13
256, 1024, 400, 305.17
256, 1024, 480, 306.02
256, 1024, 560, 304.01
256, 1024, 640, 303.87
256, 1024, 720, 300.65
256, 1024, 800, 307.41
256, 1024, 880, 310.81
256, 1024, 960, 314.37
256, 1024, 1040, 307.03
256, 1024, 1120, 307.89
256, 1024, 1200, 307.07
256, 1024, 1280, 307.63
256, 1024, 1360, 308.07
256, 1024, 1440, 309.95
256, 1024, 1520, 309.08
256, 1024, 1600, 310.25
256, 1024, 1680, 309.82
256, 1024, 1760, 310.77
256, 1024, 1840, 310.63
256, 1024, 1920, 312.21
256, 1024, 2000, 311.91
256, 1024, 2080, 311.89
256, 1024, 2160, 312.35
256, 1024, 2240, 313.52
256, 1024, 2320, 313.35
256, 1024, 2400, 314.03
256, 1024, 2480, 313.50
256, 1024, 2560, 314.55
256, 1024, 2640, 314.42
256, 1024, 2720, 314.96
256, 1024, 2800, 314.57
256, 1024, 2880, 315.21
256, 1024, 2960, 315.00
256, 1024, 3040, 314.93
256, 1024, 3120, 314.83
256, 1024, 3200, 315.18
256, 1024, 3280, 315.02
256, 1024, 3360, 315.27
256, 1024, 3440, 316.29
256, 1024, 3520, 316.48
256, 1024, 3600, 316.11
256, 1024, 3680, 315.42
256, 1024, 3760, 315.63
256, 1024, 3840, 315.17
256, 1024, 3920, 316.00
256, 1024, 4000, 315.49
