bli_shgemm performance
MC = 512, KC = 768, NC = 2048
m, n, k, GFLOPS
512, 2048, 80, 193.96
512, 2048, 160, 247.33
512, 2048, 240, 277.07
512, 2048, 320, 294.73
512, 2048, 400, 303.35
512, 2048, 480, 312.79
512, 2048, 560, 319.85
512, 2048, 640, 325.65
512, 2048, 720, 327.36
512, 2048, 800, 309.24
512, 2048, 880, 313.24
512, 2048, 960, 318.12
512, 2048, 1040, 321.41
512, 2048, 1120, 331.10
512, 2048, 1200, 328.37
512, 2048, 1280, 338.85
512, 2048, 1360, 339.89
512, 2048, 1440, 340.92
512, 2048, 1520, 343.08
512, 2048, 1600, 330.95
512, 2048, 1680, 331.57
512, 2048, 1760, 335.16
512, 2048, 1840, 335.55
512, 2048, 1920, 339.93
512, 2048, 2000, 338.29
512, 2048, 2080, 341.29
512, 2048, 2160, 340.89
512, 2048, 2240, 343.41
512, 2048, 2320, 334.04
512, 2048, 2400, 336.50
512, 2048, 2480, 335.70
512, 2048, 2560, 339.25
512, 2048, 2640, 339.37
512, 2048, 2720, 341.91
512, 2048, 2800, 340.15
512, 2048, 2880, 344.46
512, 2048, 2960, 343.12
512, 2048, 3040, 345.90
512, 2048, 3120, 334.76
512, 2048, 3200, 338.50
512, 2048, 3280, 337.66
512, 2048, 3360, 339.60
512, 2048, 3440, 339.27
512, 2048, 3520, 342.32
512, 2048, 3600, 341.82
512, 2048, 3680, 343.46
512, 2048, 3760, 341.67
512, 2048, 3840, 345.18
512, 2048, 3920, 333.39
512, 2048, 4000, 336.03
