bli_shgemm performance
MC = 256, KC = 2560, NC = 4096
m, n, k, GFLOPS
256, 4096, 80, 188.40
256, 4096, 160, 237.82
256, 4096, 240, 248.85
256, 4096, 320, 263.80
256, 4096, 400, 274.83
256, 4096, 480, 281.20
256, 4096, 560, 285.92
256, 4096, 640, 289.48
256, 4096, 720, 291.88
256, 4096, 800, 297.33
256, 4096, 880, 297.69
256, 4096, 960, 302.21
256, 4096, 1040, 301.48
256, 4096, 1120, 301.92
256, 4096, 1200, 301.37
256, 4096, 1280, 302.49
256, 4096, 1360, 302.16
256, 4096, 1440, 302.44
256, 4096, 1520, 302.21
256, 4096, 1600, 303.60
256, 4096, 1680, 304.60
256, 4096, 1760, 302.10
256, 4096, 1840, 302.73
256, 4096, 1920, 301.16
256, 4096, 2000, 319.72
256, 4096, 2080, 317.99
256, 4096, 2160, 316.79
256, 4096, 2240, 316.12
256, 4096, 2320, 315.99
256, 4096, 2400, 316.27
256, 4096, 2480, 318.26
256, 4096, 2560, 319.73
256, 4096, 2640, 289.11
256, 4096, 2720, 292.50
256, 4096, 2800, 316.47
256, 4096, 2880, 316.90
256, 4096, 2960, 318.66
256, 4096, 3040, 317.45
256, 4096, 3120, 317.39
256, 4096, 3200, 317.05
256, 4096, 3280, 317.59
256, 4096, 3360, 319.46
256, 4096, 3440, 318.93
256, 4096, 3520, 319.71
256, 4096, 3600, 320.42
256, 4096, 3680, 320.14
256, 4096, 3760, 320.26
256, 4096, 3840, 321.21
256, 4096, 3920, 320.51
256, 4096, 4000, 320.55
