bli_shgemm performance
MC = 512, KC = 1024, NC = 4096
m, n, k, GFLOPS
512, 4096, 80, 177.01
512, 4096, 160, 238.96
512, 4096, 240, 274.47
512, 4096, 320, 295.92
512, 4096, 400, 310.16
512, 4096, 480, 318.17
512, 4096, 560, 326.06
512, 4096, 640, 328.89
512, 4096, 720, 331.75
512, 4096, 800, 339.13
512, 4096, 880, 339.39
512, 4096, 960, 341.60
512, 4096, 1040, 312.95
512, 4096, 1120, 318.31
512, 4096, 1200, 331.64
512, 4096, 1280, 335.51
512, 4096, 1360, 337.91
512, 4096, 1440, 341.40
512, 4096, 1520, 341.44
512, 4096, 1600, 344.16
512, 4096, 1680, 344.21
512, 4096, 1760, 347.15
512, 4096, 1840, 347.76
512, 4096, 1920, 349.19
512, 4096, 2000, 349.95
512, 4096, 2080, 336.87
512, 4096, 2160, 339.90
512, 4096, 2240, 343.42
512, 4096, 2320, 342.95
512, 4096, 2400, 345.25
512, 4096, 2480, 346.52
512, 4096, 2560, 346.82
512, 4096, 2640, 346.76
512, 4096, 2720, 347.63
512, 4096, 2800, 348.91
512, 4096, 2880, 349.73
512, 4096, 2960, 349.77
512, 4096, 3040, 350.63
512, 4096, 3120, 340.33
512, 4096, 3200, 343.18
512, 4096, 3280, 342.98
512, 4096, 3360, 344.40
512, 4096, 3440, 346.22
512, 4096, 3520, 347.09
512, 4096, 3600, 346.15
512, 4096, 3680, 347.36
512, 4096, 3760, 347.23
512, 4096, 3840, 349.76
512, 4096, 3920, 350.20
512, 4096, 4000, 350.39
