bli_shgemm performance
MC = 256, KC = 512, NC = 2048
m, n, k, GFLOPS
256, 2048, 80, 197.63
256, 2048, 160, 248.76
256, 2048, 240, 275.03
256, 2048, 320, 285.26
256, 2048, 400, 286.33
256, 2048, 480, 287.07
256, 2048, 560, 267.41
256, 2048, 640, 285.05
256, 2048, 720, 290.48
256, 2048, 800, 294.67
256, 2048, 880, 297.53
256, 2048, 960, 301.75
256, 2048, 1040, 288.24
256, 2048, 1120, 292.55
256, 2048, 1200, 292.88
256, 2048, 1280, 296.91
256, 2048, 1360, 296.80
256, 2048, 1440, 299.73
256, 2048, 1520, 300.11
256, 2048, 1600, 294.54
256, 2048, 1680, 293.18
256, 2048, 1760, 296.79
256, 2048, 1840, 296.66
256, 2048, 1920, 300.31
256, 2048, 2000, 299.26
256, 2048, 2080, 294.65
256, 2048, 2160, 294.65
256, 2048, 2240, 297.68
256, 2048, 2320, 296.70
256, 2048, 2400, 299.64
256, 2048, 2480, 299.48
256, 2048, 2560, 301.33
256, 2048, 2640, 294.54
256, 2048, 2720, 296.66
256, 2048, 2800, 295.64
256, 2048, 2880, 299.12
256, 2048, 2960, 297.86
256, 2048, 3040, 299.90
256, 2048, 3120, 293.98
256, 2048, 3200, 298.04
256, 2048, 3280, 296.89
256, 2048, 3360, 299.25
256, 2048, 3440, 297.95
256, 2048, 3520, 301.33
256, 2048, 3600, 295.19
256, 2048, 3680, 297.16
256, 2048, 3760, 295.45
256, 2048, 3840, 298.76
256, 2048, 3920, 297.55
256, 2048, 4000, 299.78
