bli_shgemm performance
MC = 256, KC = 4096, NC = 3072
m, n, k, GFLOPS
256, 3072, 80, 197.60
256, 3072, 160, 253.22
256, 3072, 240, 269.80
256, 3072, 320, 281.16
256, 3072, 400, 279.60
256, 3072, 480, 286.69
256, 3072, 560, 293.72
256, 3072, 640, 298.08
256, 3072, 720, 303.43
256, 3072, 800, 304.44
256, 3072, 880, 306.64
256, 3072, 960, 309.03
256, 3072, 1040, 311.32
256, 3072, 1120, 311.88
256, 3072, 1200, 312.40
256, 3072, 1280, 313.39
256, 3072, 1360, 313.21
256, 3072, 1440, 314.29
256, 3072, 1520, 313.90
256, 3072, 1600, 314.63
256, 3072, 1680, 314.73
256, 3072, 1760, 313.70
256, 3072, 1840, 313.83
256, 3072, 1920, 313.36
256, 3072, 2000, 313.66
256, 3072, 2080, 313.85
256, 3072, 2160, 314.02
256, 3072, 2240, 314.97
256, 3072, 2320, 314.17
256, 3072, 2400, 312.81
256, 3072, 2480, 313.92
256, 3072, 2560, 315.50
256, 3072, 2640, 315.63
256, 3072, 2720, 315.79
256, 3072, 2800, 311.80
256, 3072, 2880, 313.04
256, 3072, 2960, 313.15
256, 3072, 3040, 313.01
256, 3072, 3120, 312.50
256, 3072, 3200, 313.45
256, 3072, 3280, 332.82
256, 3072, 3360, 332.11
256, 3072, 3440, 331.22
256, 3072, 3520, 330.51
256, 3072, 3600, 330.48
256, 3072, 3680, 329.53
256, 3072, 3760, 328.82
256, 3072, 3840, 329.28
256, 3072, 3920, 329.05
256, 3072, 4000, 329.44
