bli_shgemm performance
MC = 640, KC = 256, NC = 4096
m, n, k, GFLOPS
640, 4096, 80, 175.02
640, 4096, 160, 243.97
640, 4096, 240, 279.93
640, 4096, 320, 239.54
640, 4096, 400, 257.38
640, 4096, 480, 273.48
640, 4096, 560, 248.74
640, 4096, 640, 260.82
640, 4096, 720, 270.09
640, 4096, 800, 254.68
640, 4096, 880, 262.66
640, 4096, 960, 270.73
640, 4096, 1040, 257.60
640, 4096, 1120, 264.73
640, 4096, 1200, 269.50
640, 4096, 1280, 275.63
640, 4096, 1360, 263.60
640, 4096, 1440, 268.70
640, 4096, 1520, 287.23
640, 4096, 1600, 278.49
640, 4096, 1680, 280.62
640, 4096, 1760, 285.10
640, 4096, 1840, 276.66
640, 4096, 1920, 280.02
640, 4096, 2000, 282.91
640, 4096, 2080, 276.52
640, 4096, 2160, 278.53
640, 4096, 2240, 283.09
640, 4096, 2320, 275.63
640, 4096, 2400, 280.07
640, 4096, 2480, 281.23
640, 4096, 2560, 286.03
640, 4096, 2640, 278.84
640, 4096, 2720, 282.33
640, 4096, 2800, 283.47
640, 4096, 2880, 280.44
640, 4096, 2960, 280.38
640, 4096, 3040, 284.65
640, 4096, 3120, 277.97
640, 4096, 3200, 282.72
640, 4096, 3280, 282.87
640, 4096, 3360, 279.81
640, 4096, 3440, 279.61
640, 4096, 3520, 284.90
640, 4096, 3600, 278.65
640, 4096, 3680, 282.11
640, 4096, 3760, 281.09
640, 4096, 3840, 286.72
640, 4096, 3920, 280.61
640, 4096, 4000, 283.74
