bli_shgemm performance
MC = 256, KC = 1280, NC = 5120
m, n, k, GFLOPS
256, 5120, 80, 173.00
256, 5120, 160, 224.54
256, 5120, 240, 255.19
256, 5120, 320, 271.68
256, 5120, 400, 283.34
256, 5120, 480, 289.48
256, 5120, 560, 295.64
256, 5120, 640, 299.14
256, 5120, 720, 300.81
256, 5120, 800, 324.36
256, 5120, 880, 325.25
256, 5120, 960, 327.17
256, 5120, 1040, 326.23
256, 5120, 1120, 326.11
256, 5120, 1200, 330.11
256, 5120, 1280, 332.94
256, 5120, 1360, 319.51
256, 5120, 1440, 320.28
256, 5120, 1520, 322.26
256, 5120, 1600, 324.97
256, 5120, 1680, 326.07
256, 5120, 1760, 327.25
256, 5120, 1840, 328.35
256, 5120, 1920, 328.84
256, 5120, 2000, 329.60
256, 5120, 2080, 332.92
256, 5120, 2160, 332.25
256, 5120, 2240, 333.97
256, 5120, 2320, 333.88
256, 5120, 2400, 335.02
256, 5120, 2480, 335.98
256, 5120, 2560, 336.62
256, 5120, 2640, 326.68
256, 5120, 2720, 327.75
256, 5120, 2800, 327.91
256, 5120, 2880, 329.71
256, 5120, 2960, 330.28
256, 5120, 3040, 331.10
256, 5120, 3120, 331.09
256, 5120, 3200, 331.36
256, 5120, 3280, 332.28
256, 5120, 3360, 333.45
256, 5120, 3440, 332.96
256, 5120, 3520, 335.11
256, 5120, 3600, 335.06
256, 5120, 3680, 335.33
256, 5120, 3760, 336.17
256, 5120, 3840, 336.22
256, 5120, 3920, 329.49
256, 5120, 4000, 329.83
