bli_shgemm performance
MC = 256, KC = 3072, NC = 3072
m, n, k, GFLOPS
256, 3072, 80, 196.81
256, 3072, 160, 254.61
256, 3072, 240, 270.60
256, 3072, 320, 270.94
256, 3072, 400, 280.41
256, 3072, 480, 285.91
256, 3072, 560, 291.56
256, 3072, 640, 292.21
256, 3072, 720, 294.83
256, 3072, 800, 302.36
256, 3072, 880, 304.56
256, 3072, 960, 306.52
256, 3072, 1040, 308.97
256, 3072, 1120, 309.69
256, 3072, 1200, 310.55
256, 3072, 1280, 311.65
256, 3072, 1360, 311.27
256, 3072, 1440, 313.01
256, 3072, 1520, 309.94
256, 3072, 1600, 312.33
256, 3072, 1680, 311.98
256, 3072, 1760, 312.82
256, 3072, 1840, 312.44
256, 3072, 1920, 311.18
256, 3072, 2000, 310.32
256, 3072, 2080, 311.16
256, 3072, 2160, 310.02
256, 3072, 2240, 311.73
256, 3072, 2320, 330.83
256, 3072, 2400, 329.55
256, 3072, 2480, 329.18
256, 3072, 2560, 328.62
256, 3072, 2640, 329.65
256, 3072, 2720, 327.39
256, 3072, 2800, 327.29
256, 3072, 2880, 326.67
256, 3072, 2960, 326.53
256, 3072, 3040, 325.72
256, 3072, 3120, 304.78
256, 3072, 3200, 304.57
256, 3072, 3280, 308.46
256, 3072, 3360, 330.45
256, 3072, 3440, 331.02
256, 3072, 3520, 331.54
256, 3072, 3600, 330.86
256, 3072, 3680, 331.61
256, 3072, 3760, 331.14
256, 3072, 3840, 332.38
256, 3072, 3920, 331.73
256, 3072, 4000, 332.37
