bli_shgemm performance
MC = 256, KC = 2048, NC = 2048
m, n, k, GFLOPS
256, 2048, 80, 196.45
256, 2048, 160, 253.30
256, 2048, 240, 272.64
256, 2048, 320, 273.54
256, 2048, 400, 284.52
256, 2048, 480, 285.82
256, 2048, 560, 288.72
256, 2048, 640, 287.36
256, 2048, 720, 292.51
256, 2048, 800, 294.93
256, 2048, 880, 296.11
256, 2048, 960, 300.79
256, 2048, 1040, 302.01
256, 2048, 1120, 303.04
256, 2048, 1200, 304.95
256, 2048, 1280, 314.21
256, 2048, 1360, 314.32
256, 2048, 1440, 315.32
256, 2048, 1520, 315.02
256, 2048, 1600, 316.52
256, 2048, 1680, 316.41
256, 2048, 1760, 317.06
256, 2048, 1840, 317.54
256, 2048, 1920, 317.47
256, 2048, 2000, 317.53
256, 2048, 2080, 303.31
256, 2048, 2160, 303.85
256, 2048, 2240, 306.46
256, 2048, 2320, 317.73
256, 2048, 2400, 318.85
256, 2048, 2480, 318.97
256, 2048, 2560, 320.52
256, 2048, 2640, 320.18
256, 2048, 2720, 320.51
256, 2048, 2800, 320.28
256, 2048, 2880, 321.99
256, 2048, 2960, 321.50
256, 2048, 3040, 322.75
256, 2048, 3120, 322.45
256, 2048, 3200, 323.51
256, 2048, 3280, 322.72
256, 2048, 3360, 324.13
256, 2048, 3440, 323.94
256, 2048, 3520, 324.78
256, 2048, 3600, 324.84
256, 2048, 3680, 325.05
256, 2048, 3760, 324.78
256, 2048, 3840, 326.41
256, 2048, 3920, 325.64
256, 2048, 4000, 326.05
