bli_shgemm performance
MC = 384, KC = 4096, NC = 4096
m, n, k, GFLOPS
384, 4096, 80, 170.37
384, 4096, 160, 227.51
384, 4096, 240, 254.14
384, 4096, 320, 270.44
384, 4096, 400, 279.88
384, 4096, 480, 291.82
384, 4096, 560, 298.38
384, 4096, 640, 301.19
384, 4096, 720, 303.72
384, 4096, 800, 310.23
384, 4096, 880, 304.21
384, 4096, 960, 315.21
384, 4096, 1040, 309.38
384, 4096, 1120, 319.26
384, 4096, 1200, 319.98
384, 4096, 1280, 321.35
384, 4096, 1360, 322.36
384, 4096, 1440, 322.40
384, 4096, 1520, 323.16
384, 4096, 1600, 324.73
384, 4096, 1680, 323.84
384, 4096, 1760, 324.08
384, 4096, 1840, 324.46
384, 4096, 1920, 325.09
384, 4096, 2000, 325.23
384, 4096, 2080, 325.32
384, 4096, 2160, 327.19
384, 4096, 2240, 326.10
384, 4096, 2320, 326.63
384, 4096, 2400, 326.75
384, 4096, 2480, 326.58
384, 4096, 2560, 327.32
384, 4096, 2640, 327.57
384, 4096, 2720, 327.41
384, 4096, 2800, 326.87
384, 4096, 2880, 326.48
384, 4096, 2960, 325.99
384, 4096, 3040, 325.52
384, 4096, 3120, 325.41
384, 4096, 3200, 326.10
384, 4096, 3280, 325.48
384, 4096, 3360, 326.17
384, 4096, 3440, 326.10
384, 4096, 3520, 325.72
384, 4096, 3600, 326.13
384, 4096, 3680, 326.17
384, 4096, 3760, 326.14
384, 4096, 3840, 326.12
384, 4096, 3920, 326.17
384, 4096, 4000, 323.66
