bli_shgemm performance
MC = 256, KC = 768, NC = 2048
m, n, k, GFLOPS
256, 2048, 80, 197.80
256, 2048, 160, 248.94
256, 2048, 240, 274.61
256, 2048, 320, 287.01
256, 2048, 400, 292.65
256, 2048, 480, 293.67
256, 2048, 560, 294.30
256, 2048, 640, 295.72
256, 2048, 720, 295.33
256, 2048, 800, 277.02
256, 2048, 880, 290.79
256, 2048, 960, 295.32
256, 2048, 1040, 295.65
256, 2048, 1120, 299.44
256, 2048, 1200, 301.72
256, 2048, 1280, 305.19
256, 2048, 1360, 303.20
256, 2048, 1440, 304.64
256, 2048, 1520, 307.06
256, 2048, 1600, 299.52
256, 2048, 1680, 298.91
256, 2048, 1760, 301.01
256, 2048, 1840, 301.04
256, 2048, 1920, 304.17
256, 2048, 2000, 303.61
256, 2048, 2080, 304.89
256, 2048, 2160, 305.06
256, 2048, 2240, 306.16
256, 2048, 2320, 299.94
256, 2048, 2400, 301.40
256, 2048, 2480, 301.25
256, 2048, 2560, 302.96
256, 2048, 2640, 302.65
256, 2048, 2720, 304.92
256, 2048, 2800, 304.36
256, 2048, 2880, 305.66
256, 2048, 2960, 305.12
256, 2048, 3040, 306.79
256, 2048, 3120, 301.22
256, 2048, 3200, 303.06
256, 2048, 3280, 302.94
256, 2048, 3360, 304.29
256, 2048, 3440, 304.34
256, 2048, 3520, 305.76
256, 2048, 3600, 305.24
256, 2048, 3680, 305.91
256, 2048, 3760, 305.65
256, 2048, 3840, 308.21
256, 2048, 3920, 303.16
256, 2048, 4000, 304.31
