bli_shgemm performance
MC = 256, KC = 256, NC = 4096
m, n, k, GFLOPS
256, 4096, 80, 187.21
256, 4096, 160, 224.55
256, 4096, 240, 248.60
256, 4096, 320, 221.51
256, 4096, 400, 232.45
256, 4096, 480, 245.13
256, 4096, 560, 229.17
256, 4096, 640, 236.63
256, 4096, 720, 256.85
256, 4096, 800, 248.52
256, 4096, 880, 253.27
256, 4096, 960, 259.22
256, 4096, 1040, 250.57
256, 4096, 1120, 255.15
256, 4096, 1200, 258.15
256, 4096, 1280, 263.45
256, 4096, 1360, 255.32
256, 4096, 1440, 259.04
256, 4096, 1520, 261.68
256, 4096, 1600, 257.00
256, 4096, 1680, 259.29
256, 4096, 1760, 262.48
256, 4096, 1840, 256.86
256, 4096, 1920, 259.41
256, 4096, 2000, 261.28
256, 4096, 2080, 257.91
256, 4096, 2160, 259.10
256, 4096, 2240, 262.28
256, 4096, 2320, 257.51
256, 4096, 2400, 260.29
256, 4096, 2480, 260.47
256, 4096, 2560, 263.74
256, 4096, 2640, 258.89
256, 4096, 2720, 261.46
256, 4096, 2800, 262.48
256, 4096, 2880, 260.15
256, 4096, 2960, 260.48
256, 4096, 3040, 262.85
256, 4096, 3120, 259.37
256, 4096, 3200, 261.59
256, 4096, 3280, 261.60
256, 4096, 3360, 259.41
256, 4096, 3440, 260.48
256, 4096, 3520, 262.45
256, 4096, 3600, 259.72
256, 4096, 3680, 261.09
256, 4096, 3760, 261.81
256, 4096, 3840, 263.92
256, 4096, 3920, 260.40
256, 4096, 4000, 262.25
