bli_shgemm performance
MC = 512, KC = 2560, NC = 2048
m, n, k, GFLOPS
512, 2048, 80, 193.98
512, 2048, 160, 261.01
512, 2048, 240, 280.76
512, 2048, 320, 299.72
512, 2048, 400, 308.13
512, 2048, 480, 317.70
512, 2048, 560, 323.60
512, 2048, 640, 330.27
512, 2048, 720, 332.21
512, 2048, 800, 341.69
512, 2048, 880, 344.26
512, 2048, 960, 346.60
512, 2048, 1040, 344.45
512, 2048, 1120, 347.81
512, 2048, 1200, 349.94
512, 2048, 1280, 352.33
512, 2048, 1360, 355.49
512, 2048, 1440, 356.87
512, 2048, 1520, 357.48
512, 2048, 1600, 357.20
512, 2048, 1680, 358.04
512, 2048, 1760, 358.70
512, 2048, 1840, 358.47
512, 2048, 1920, 359.20
512, 2048, 2000, 358.77
512, 2048, 2080, 358.95
512, 2048, 2160, 359.53
512, 2048, 2240, 359.62
512, 2048, 2320, 359.60
512, 2048, 2400, 368.48
512, 2048, 2480, 368.74
512, 2048, 2560, 368.59
512, 2048, 2640, 345.62
512, 2048, 2720, 346.90
512, 2048, 2800, 348.63
512, 2048, 2880, 349.09
512, 2048, 2960, 348.86
512, 2048, 3040, 349.73
512, 2048, 3120, 349.23
512, 2048, 3200, 350.83
512, 2048, 3280, 360.55
512, 2048, 3360, 362.98
512, 2048, 3440, 361.99
512, 2048, 3520, 363.34
512, 2048, 3600, 364.51
512, 2048, 3680, 365.39
512, 2048, 3760, 365.71
512, 2048, 3840, 365.44
512, 2048, 3920, 365.84
512, 2048, 4000, 366.41
