bli_shgemm performance
MC = 512, KC = 768, NC = 3072
m, n, k, GFLOPS
512, 3072, 80, 172.89
512, 3072, 160, 235.93
512, 3072, 240, 272.13
512, 3072, 320, 294.70
512, 3072, 400, 308.88
512, 3072, 480, 317.26
512, 3072, 560, 324.74
512, 3072, 640, 328.82
512, 3072, 720, 334.16
512, 3072, 800, 306.55
512, 3072, 880, 311.50
512, 3072, 960, 322.44
512, 3072, 1040, 324.33
512, 3072, 1120, 329.37
512, 3072, 1200, 330.78
512, 3072, 1280, 334.35
512, 3072, 1360, 335.88
512, 3072, 1440, 337.30
512, 3072, 1520, 340.59
512, 3072, 1600, 327.24
512, 3072, 1680, 331.83
512, 3072, 1760, 335.05
512, 3072, 1840, 337.05
512, 3072, 1920, 339.71
512, 3072, 2000, 341.01
512, 3072, 2080, 343.50
512, 3072, 2160, 343.25
512, 3072, 2240, 344.62
512, 3072, 2320, 335.06
512, 3072, 2400, 337.16
512, 3072, 2480, 337.55
512, 3072, 2560, 340.01
512, 3072, 2640, 340.99
512, 3072, 2720, 342.81
512, 3072, 2800, 343.10
512, 3072, 2880, 345.34
512, 3072, 2960, 345.37
512, 3072, 3040, 347.28
512, 3072, 3120, 337.76
512, 3072, 3200, 339.48
512, 3072, 3280, 340.08
512, 3072, 3360, 341.86
512, 3072, 3440, 341.94
512, 3072, 3520, 344.36
512, 3072, 3600, 343.83
512, 3072, 3680, 345.96
512, 3072, 3760, 345.25
512, 3072, 3840, 349.27
512, 3072, 3920, 341.94
512, 3072, 4000, 343.29
