bli_shgemm performance
MC = 640, KC = 1280, NC = 2048
m, n, k, GFLOPS
640, 2048, 80, 181.44
640, 2048, 160, 259.79
640, 2048, 240, 280.21
640, 2048, 320, 298.56
640, 2048, 400, 312.99
640, 2048, 480, 320.30
640, 2048, 560, 327.27
640, 2048, 640, 334.28
640, 2048, 720, 334.60
640, 2048, 800, 344.74
640, 2048, 880, 347.92
640, 2048, 960, 352.62
640, 2048, 1040, 353.99
640, 2048, 1120, 357.45
640, 2048, 1200, 359.24
640, 2048, 1280, 360.88
640, 2048, 1360, 336.41
640, 2048, 1440, 338.01
640, 2048, 1520, 337.43
640, 2048, 1600, 345.24
640, 2048, 1680, 345.37
640, 2048, 1760, 353.94
640, 2048, 1840, 354.11
640, 2048, 1920, 357.99
640, 2048, 2000, 355.45
640, 2048, 2080, 359.63
640, 2048, 2160, 359.31
640, 2048, 2240, 364.44
640, 2048, 2320, 362.96
640, 2048, 2400, 364.42
640, 2048, 2480, 363.44
640, 2048, 2560, 366.93
640, 2048, 2640, 353.74
640, 2048, 2720, 355.12
640, 2048, 2800, 354.96
640, 2048, 2880, 357.63
640, 2048, 2960, 357.45
640, 2048, 3040, 358.85
640, 2048, 3120, 358.25
640, 2048, 3200, 360.71
640, 2048, 3280, 360.13
640, 2048, 3360, 362.09
640, 2048, 3440, 361.88
640, 2048, 3520, 364.62
640, 2048, 3600, 364.12
640, 2048, 3680, 365.83
640, 2048, 3760, 364.03
640, 2048, 3840, 366.93
640, 2048, 3920, 357.38
640, 2048, 4000, 363.65
