bli_shgemm performance
MC = 256, KC = 3072, NC = 4096
m, n, k, GFLOPS
256, 4096, 80, 186.61
256, 4096, 160, 234.36
256, 4096, 240, 248.79
256, 4096, 320, 265.06
256, 4096, 400, 275.24
256, 4096, 480, 281.35
256, 4096, 560, 287.33
256, 4096, 640, 290.26
256, 4096, 720, 293.38
256, 4096, 800, 297.56
256, 4096, 880, 298.98
256, 4096, 960, 300.93
256, 4096, 1040, 300.54
256, 4096, 1120, 302.87
256, 4096, 1200, 302.64
256, 4096, 1280, 303.15
256, 4096, 1360, 301.96
256, 4096, 1440, 302.36
256, 4096, 1520, 302.48
256, 4096, 1600, 300.37
256, 4096, 1680, 302.04
256, 4096, 1760, 301.76
256, 4096, 1840, 301.87
256, 4096, 1920, 301.98
256, 4096, 2000, 302.23
256, 4096, 2080, 302.47
256, 4096, 2160, 304.73
256, 4096, 2240, 304.59
256, 4096, 2320, 300.93
256, 4096, 2400, 301.33
256, 4096, 2480, 317.75
256, 4096, 2560, 316.85
256, 4096, 2640, 316.31
256, 4096, 2720, 319.08
256, 4096, 2800, 317.11
256, 4096, 2880, 318.68
256, 4096, 2960, 318.74
256, 4096, 3040, 318.80
256, 4096, 3120, 288.96
256, 4096, 3200, 292.40
256, 4096, 3280, 317.15
256, 4096, 3360, 318.37
256, 4096, 3440, 318.26
256, 4096, 3520, 318.15
256, 4096, 3600, 318.20
256, 4096, 3680, 318.01
256, 4096, 3760, 317.33
256, 4096, 3840, 319.56
256, 4096, 3920, 318.74
256, 4096, 4000, 319.53
