bli_shgemm performance
MC = 512, KC = 3584, NC = 4096
m, n, k, GFLOPS
512, 4096, 80, 175.28
512, 4096, 160, 244.41
512, 4096, 240, 276.91
512, 4096, 320, 299.51
512, 4096, 400, 311.86
512, 4096, 480, 315.21
512, 4096, 560, 322.17
512, 4096, 640, 325.82
512, 4096, 720, 329.46
512, 4096, 800, 335.72
512, 4096, 880, 336.23
512, 4096, 960, 339.02
512, 4096, 1040, 340.40
512, 4096, 1120, 341.80
512, 4096, 1200, 341.47
512, 4096, 1280, 341.47
512, 4096, 1360, 345.83
512, 4096, 1440, 344.73
512, 4096, 1520, 343.80
512, 4096, 1600, 345.01
512, 4096, 1680, 346.04
512, 4096, 1760, 346.09
512, 4096, 1840, 347.92
512, 4096, 1920, 344.52
512, 4096, 2000, 346.95
512, 4096, 2080, 348.48
512, 4096, 2160, 352.95
512, 4096, 2240, 352.84
512, 4096, 2320, 353.04
512, 4096, 2400, 354.14
512, 4096, 2480, 354.12
512, 4096, 2560, 354.32
512, 4096, 2640, 353.81
512, 4096, 2720, 354.37
512, 4096, 2800, 352.57
512, 4096, 2880, 351.81
512, 4096, 2960, 348.75
512, 4096, 3040, 347.99
512, 4096, 3120, 348.20
512, 4096, 3200, 343.96
512, 4096, 3280, 340.63
512, 4096, 3360, 337.75
512, 4096, 3440, 333.40
512, 4096, 3520, 327.83
512, 4096, 3600, 315.76
512, 4096, 3680, 312.66
512, 4096, 3760, 313.59
512, 4096, 3840, 320.45
512, 4096, 3920, 320.94
512, 4096, 4000, 322.04
