bli_shgemm performance
MC = 256, KC = 3072, NC = 5120
m, n, k, GFLOPS
256, 5120, 80, 176.20
256, 5120, 160, 219.82
256, 5120, 240, 254.75
256, 5120, 320, 271.29
256, 5120, 400, 282.99
256, 5120, 480, 290.19
256, 5120, 560, 295.26
256, 5120, 640, 296.97
256, 5120, 720, 298.60
256, 5120, 800, 303.29
256, 5120, 880, 303.73
256, 5120, 960, 305.99
256, 5120, 1040, 304.86
256, 5120, 1120, 306.42
256, 5120, 1200, 304.66
256, 5120, 1280, 304.64
256, 5120, 1360, 304.68
256, 5120, 1440, 305.34
256, 5120, 1520, 306.24
256, 5120, 1600, 306.78
256, 5120, 1680, 309.82
256, 5120, 1760, 305.67
256, 5120, 1840, 306.01
256, 5120, 1920, 306.87
256, 5120, 2000, 308.80
256, 5120, 2080, 306.38
256, 5120, 2160, 304.61
256, 5120, 2240, 305.29
256, 5120, 2320, 306.29
256, 5120, 2400, 304.78
256, 5120, 2480, 305.26
256, 5120, 2560, 339.18
256, 5120, 2640, 337.29
256, 5120, 2720, 335.60
256, 5120, 2800, 338.04
256, 5120, 2880, 334.79
256, 5120, 2960, 338.36
256, 5120, 3040, 337.43
256, 5120, 3120, 296.13
256, 5120, 3200, 297.48
256, 5120, 3280, 335.04
256, 5120, 3360, 334.38
256, 5120, 3440, 333.79
256, 5120, 3520, 335.25
256, 5120, 3600, 334.28
256, 5120, 3680, 336.23
256, 5120, 3760, 335.06
256, 5120, 3840, 336.57
256, 5120, 3920, 335.95
256, 5120, 4000, 336.63
