bli_shgemm performance
MC = 384, KC = 2816, NC = 3072
m, n, k, GFLOPS
384, 3072, 80, 179.19
384, 3072, 160, 253.06
384, 3072, 240, 273.91
384, 3072, 320, 294.34
384, 3072, 400, 300.12
384, 3072, 480, 308.23
384, 3072, 560, 315.53
384, 3072, 640, 319.83
384, 3072, 720, 322.95
384, 3072, 800, 331.04
384, 3072, 880, 331.51
384, 3072, 960, 331.34
384, 3072, 1040, 332.31
384, 3072, 1120, 334.25
384, 3072, 1200, 334.94
384, 3072, 1280, 337.60
384, 3072, 1360, 336.52
384, 3072, 1440, 338.47
384, 3072, 1520, 337.04
384, 3072, 1600, 339.69
384, 3072, 1680, 339.53
384, 3072, 1760, 352.53
384, 3072, 1840, 351.33
384, 3072, 1920, 351.77
384, 3072, 2000, 352.02
384, 3072, 2080, 351.56
384, 3072, 2160, 350.16
384, 3072, 2240, 350.33
384, 3072, 2320, 352.47
384, 3072, 2400, 352.14
384, 3072, 2480, 350.77
384, 3072, 2560, 352.41
384, 3072, 2640, 350.18
384, 3072, 2720, 349.78
384, 3072, 2800, 350.73
384, 3072, 2880, 331.31
384, 3072, 2960, 335.43
384, 3072, 3040, 338.22
384, 3072, 3120, 337.45
384, 3072, 3200, 356.00
384, 3072, 3280, 355.89
384, 3072, 3360, 356.90
384, 3072, 3440, 356.54
384, 3072, 3520, 356.62
384, 3072, 3600, 357.44
384, 3072, 3680, 357.85
384, 3072, 3760, 357.94
384, 3072, 3840, 359.99
384, 3072, 3920, 358.43
384, 3072, 4000, 359.93
