bli_shgemm performance
MC = 512, KC = 3328, NC = 2048
m, n, k, GFLOPS
512, 2048, 80, 192.10
512, 2048, 160, 263.55
512, 2048, 240, 285.30
512, 2048, 320, 305.46
512, 2048, 400, 307.93
512, 2048, 480, 316.38
512, 2048, 560, 324.87
512, 2048, 640, 329.93
512, 2048, 720, 338.43
512, 2048, 800, 345.83
512, 2048, 880, 345.69
512, 2048, 960, 351.13
512, 2048, 1040, 344.45
512, 2048, 1120, 346.91
512, 2048, 1200, 348.39
512, 2048, 1280, 352.49
512, 2048, 1360, 353.69
512, 2048, 1440, 354.82
512, 2048, 1520, 358.40
512, 2048, 1600, 360.32
512, 2048, 1680, 365.06
512, 2048, 1760, 366.37
512, 2048, 1840, 366.07
512, 2048, 1920, 367.34
512, 2048, 2000, 366.89
512, 2048, 2080, 366.89
512, 2048, 2160, 366.74
512, 2048, 2240, 367.94
512, 2048, 2320, 367.32
512, 2048, 2400, 366.96
512, 2048, 2480, 367.30
512, 2048, 2560, 366.91
512, 2048, 2640, 366.28
512, 2048, 2720, 366.35
512, 2048, 2800, 365.45
512, 2048, 2880, 365.24
512, 2048, 2960, 363.86
512, 2048, 3040, 363.86
512, 2048, 3120, 361.00
512, 2048, 3200, 364.19
512, 2048, 3280, 363.03
512, 2048, 3360, 349.45
512, 2048, 3440, 350.23
512, 2048, 3520, 352.48
512, 2048, 3600, 352.93
512, 2048, 3680, 355.13
512, 2048, 3760, 354.96
512, 2048, 3840, 355.25
512, 2048, 3920, 355.43
512, 2048, 4000, 355.68
