bli_shgemm performance
MC = 512, KC = 2304, NC = 1024
m, n, k, GFLOPS
512, 1024, 80, 205.38
512, 1024, 160, 268.32
512, 1024, 240, 301.64
512, 1024, 320, 321.33
512, 1024, 400, 333.57
512, 1024, 480, 335.77
512, 1024, 560, 338.74
512, 1024, 640, 336.47
512, 1024, 720, 335.56
512, 1024, 800, 333.75
512, 1024, 880, 333.61
512, 1024, 960, 339.71
512, 1024, 1040, 339.45
512, 1024, 1120, 342.53
512, 1024, 1200, 342.71
512, 1024, 1280, 346.04
512, 1024, 1360, 346.84
512, 1024, 1440, 348.93
512, 1024, 1520, 349.04
512, 1024, 1600, 351.87
512, 1024, 1680, 352.44
512, 1024, 1760, 353.42
512, 1024, 1840, 353.60
512, 1024, 1920, 355.08
512, 1024, 2000, 355.15
512, 1024, 2080, 356.06
512, 1024, 2160, 356.72
512, 1024, 2240, 358.20
512, 1024, 2320, 345.52
512, 1024, 2400, 354.28
512, 1024, 2480, 352.91
512, 1024, 2560, 356.64
512, 1024, 2640, 354.32
512, 1024, 2720, 356.87
512, 1024, 2800, 354.46
512, 1024, 2880, 358.65
512, 1024, 2960, 356.36
512, 1024, 3040, 359.07
512, 1024, 3120, 357.31
512, 1024, 3200, 360.03
512, 1024, 3280, 360.30
512, 1024, 3360, 361.09
512, 1024, 3440, 359.25
512, 1024, 3520, 363.09
512, 1024, 3600, 362.10
512, 1024, 3680, 362.52
512, 1024, 3760, 361.45
512, 1024, 3840, 363.92
512, 1024, 3920, 363.78
512, 1024, 4000, 364.87
