bli_shgemm performance
MC = 512, KC = 2304, NC = 3072
m, n, k, GFLOPS
512, 3072, 80, 174.37
512, 3072, 160, 256.79
512, 3072, 240, 276.45
512, 3072, 320, 299.66
512, 3072, 400, 312.09
512, 3072, 480, 319.66
512, 3072, 560, 327.54
512, 3072, 640, 333.00
512, 3072, 720, 336.57
512, 3072, 800, 346.04
512, 3072, 880, 349.73
512, 3072, 960, 347.30
512, 3072, 1040, 348.30
512, 3072, 1120, 350.50
512, 3072, 1200, 350.73
512, 3072, 1280, 354.02
512, 3072, 1360, 354.44
512, 3072, 1440, 355.85
512, 3072, 1520, 356.30
512, 3072, 1600, 367.22
512, 3072, 1680, 369.32
512, 3072, 1760, 368.39
512, 3072, 1840, 368.50
512, 3072, 1920, 367.89
512, 3072, 2000, 371.55
512, 3072, 2080, 371.93
512, 3072, 2160, 372.27
512, 3072, 2240, 372.34
512, 3072, 2320, 343.31
512, 3072, 2400, 345.93
512, 3072, 2480, 346.92
512, 3072, 2560, 348.57
512, 3072, 2640, 348.66
512, 3072, 2720, 363.33
512, 3072, 2800, 363.32
512, 3072, 2880, 365.00
512, 3072, 2960, 364.91
512, 3072, 3040, 365.12
512, 3072, 3120, 366.61
512, 3072, 3200, 367.56
512, 3072, 3280, 368.28
512, 3072, 3360, 368.74
512, 3072, 3440, 368.58
512, 3072, 3520, 369.62
512, 3072, 3600, 369.30
512, 3072, 3680, 369.52
512, 3072, 3760, 370.45
512, 3072, 3840, 370.64
512, 3072, 3920, 371.65
512, 3072, 4000, 371.43
