bli_shgemm performance
MC = 256, KC = 1280, NC = 2048
m, n, k, GFLOPS
256, 2048, 80, 196.84
256, 2048, 160, 254.82
256, 2048, 240, 278.07
256, 2048, 320, 286.26
256, 2048, 400, 287.56
256, 2048, 480, 287.00
256, 2048, 560, 287.48
256, 2048, 640, 290.29
256, 2048, 720, 300.34
256, 2048, 800, 302.42
256, 2048, 880, 307.05
256, 2048, 960, 312.53
256, 2048, 1040, 312.83
256, 2048, 1120, 314.40
256, 2048, 1200, 317.58
256, 2048, 1280, 318.72
256, 2048, 1360, 295.04
256, 2048, 1440, 297.41
256, 2048, 1520, 307.78
256, 2048, 1600, 310.74
256, 2048, 1680, 310.52
256, 2048, 1760, 312.57
256, 2048, 1840, 312.23
256, 2048, 1920, 313.83
256, 2048, 2000, 312.74
256, 2048, 2080, 315.74
256, 2048, 2160, 315.39
256, 2048, 2240, 317.74
256, 2048, 2320, 317.33
256, 2048, 2400, 318.82
256, 2048, 2480, 318.14
256, 2048, 2560, 319.98
256, 2048, 2640, 311.94
256, 2048, 2720, 313.29
256, 2048, 2800, 312.74
256, 2048, 2880, 315.47
256, 2048, 2960, 314.68
256, 2048, 3040, 315.24
256, 2048, 3120, 315.02
256, 2048, 3200, 316.15
256, 2048, 3280, 315.45
256, 2048, 3360, 317.18
256, 2048, 3440, 316.77
256, 2048, 3520, 318.62
256, 2048, 3600, 318.11
256, 2048, 3680, 319.23
256, 2048, 3760, 319.24
256, 2048, 3840, 320.11
256, 2048, 3920, 314.99
256, 2048, 4000, 316.02
