bli_shgemm performance
MC = 256, KC = 1536, NC = 1024
m, n, k, GFLOPS
256, 1024, 80, 194.75
256, 1024, 160, 257.87
256, 1024, 240, 277.96
256, 1024, 320, 293.20
256, 1024, 400, 302.73
256, 1024, 480, 308.50
256, 1024, 560, 310.05
256, 1024, 640, 309.86
256, 1024, 720, 306.75
256, 1024, 800, 320.00
256, 1024, 880, 318.91
256, 1024, 960, 318.84
256, 1024, 1040, 318.57
256, 1024, 1120, 319.48
256, 1024, 1200, 318.08
256, 1024, 1280, 319.84
256, 1024, 1360, 317.58
256, 1024, 1440, 324.73
256, 1024, 1520, 323.81
256, 1024, 1600, 300.54
256, 1024, 1680, 299.03
256, 1024, 1760, 302.37
256, 1024, 1840, 301.96
256, 1024, 1920, 305.56
256, 1024, 2000, 318.54
256, 1024, 2080, 320.43
256, 1024, 2160, 319.26
256, 1024, 2240, 321.52
256, 1024, 2320, 319.82
256, 1024, 2400, 322.86
256, 1024, 2480, 321.33
256, 1024, 2560, 324.57
256, 1024, 2640, 323.10
256, 1024, 2720, 324.95
256, 1024, 2800, 323.87
256, 1024, 2880, 325.96
256, 1024, 2960, 325.09
256, 1024, 3040, 326.70
256, 1024, 3120, 323.37
256, 1024, 3200, 323.14
256, 1024, 3280, 323.36
256, 1024, 3360, 324.31
256, 1024, 3440, 324.52
256, 1024, 3520, 325.52
256, 1024, 3600, 324.92
256, 1024, 3680, 326.03
256, 1024, 3760, 324.53
256, 1024, 3840, 326.42
256, 1024, 3920, 326.23
256, 1024, 4000, 326.45
