bli_shgemm performance
MC = 384, KC = 2048, NC = 2048
m, n, k, GFLOPS
384, 2048, 80, 194.81
384, 2048, 160, 256.45
384, 2048, 240, 283.01
384, 2048, 320, 297.88
384, 2048, 400, 296.42
384, 2048, 480, 304.29
384, 2048, 560, 309.31
384, 2048, 640, 316.18
384, 2048, 720, 319.84
384, 2048, 800, 321.66
384, 2048, 880, 325.10
384, 2048, 960, 331.15
384, 2048, 1040, 331.85
384, 2048, 1120, 335.11
384, 2048, 1200, 336.50
384, 2048, 1280, 344.61
384, 2048, 1360, 345.76
384, 2048, 1440, 345.87
384, 2048, 1520, 345.82
384, 2048, 1600, 346.69
384, 2048, 1680, 346.97
384, 2048, 1760, 350.39
384, 2048, 1840, 351.43
384, 2048, 1920, 351.92
384, 2048, 2000, 352.41
384, 2048, 2080, 330.72
384, 2048, 2160, 331.19
384, 2048, 2240, 333.36
384, 2048, 2320, 332.93
384, 2048, 2400, 335.31
384, 2048, 2480, 343.83
384, 2048, 2560, 345.27
384, 2048, 2640, 345.42
384, 2048, 2720, 345.09
384, 2048, 2800, 346.09
384, 2048, 2880, 347.73
384, 2048, 2960, 347.79
384, 2048, 3040, 349.14
384, 2048, 3120, 349.17
384, 2048, 3200, 349.80
384, 2048, 3280, 350.25
384, 2048, 3360, 350.00
384, 2048, 3440, 350.24
384, 2048, 3520, 351.18
384, 2048, 3600, 350.86
384, 2048, 3680, 350.89
384, 2048, 3760, 351.44
384, 2048, 3840, 351.71
384, 2048, 3920, 351.83
384, 2048, 4000, 352.68
