bli_shgemm performance
MC = 512, KC = 3072, NC = 4096
m, n, k, GFLOPS
512, 4096, 80, 176.27
512, 4096, 160, 244.19
512, 4096, 240, 278.03
512, 4096, 320, 299.61
512, 4096, 400, 306.91
512, 4096, 480, 315.62
512, 4096, 560, 322.77
512, 4096, 640, 326.95
512, 4096, 720, 328.73
512, 4096, 800, 335.33
512, 4096, 880, 338.96
512, 4096, 960, 341.51
512, 4096, 1040, 340.94
512, 4096, 1120, 341.65
512, 4096, 1200, 341.62
512, 4096, 1280, 342.37
512, 4096, 1360, 343.26
512, 4096, 1440, 343.48
512, 4096, 1520, 347.66
512, 4096, 1600, 346.43
512, 4096, 1680, 358.73
512, 4096, 1760, 357.65
512, 4096, 1840, 357.82
512, 4096, 1920, 358.41
512, 4096, 2000, 357.15
512, 4096, 2080, 356.91
512, 4096, 2160, 357.15
512, 4096, 2240, 357.68
512, 4096, 2320, 361.19
512, 4096, 2400, 362.75
512, 4096, 2480, 361.74
512, 4096, 2560, 362.05
512, 4096, 2640, 362.51
512, 4096, 2720, 361.65
512, 4096, 2800, 363.77
512, 4096, 2880, 362.19
512, 4096, 2960, 360.68
512, 4096, 3040, 359.68
512, 4096, 3120, 333.62
512, 4096, 3200, 335.80
512, 4096, 3280, 337.03
512, 4096, 3360, 337.86
512, 4096, 3440, 338.00
512, 4096, 3520, 354.54
512, 4096, 3600, 356.18
512, 4096, 3680, 355.30
512, 4096, 3760, 354.40
512, 4096, 3840, 356.85
512, 4096, 3920, 356.17
512, 4096, 4000, 356.92
