bli_shgemm performance
MC = 512, KC = 4096, NC = 5120
m, n, k, GFLOPS
512, 5120, 80, 172.91
512, 5120, 160, 234.74
512, 5120, 240, 266.83
512, 5120, 320, 286.47
512, 5120, 400, 298.91
512, 5120, 480, 306.28
512, 5120, 560, 313.00
512, 5120, 640, 326.37
512, 5120, 720, 327.83
512, 5120, 800, 334.93
512, 5120, 880, 338.41
512, 5120, 960, 340.79
512, 5120, 1040, 340.93
512, 5120, 1120, 325.26
512, 5120, 1200, 345.61
512, 5120, 1280, 327.18
512, 5120, 1360, 346.60
512, 5120, 1440, 331.24
512, 5120, 1520, 347.48
512, 5120, 1600, 348.09
512, 5120, 1680, 348.65
512, 5120, 1760, 349.30
512, 5120, 1840, 349.82
512, 5120, 1920, 350.90
512, 5120, 2000, 352.05
512, 5120, 2080, 353.62
512, 5120, 2160, 352.73
512, 5120, 2240, 353.34
512, 5120, 2320, 353.34
512, 5120, 2400, 352.94
512, 5120, 2480, 354.17
512, 5120, 2560, 353.18
512, 5120, 2640, 354.12
512, 5120, 2720, 354.31
512, 5120, 2800, 353.61
512, 5120, 2880, 352.49
512, 5120, 2960, 353.34
512, 5120, 3040, 353.39
512, 5120, 3120, 354.36
512, 5120, 3200, 354.43
512, 5120, 3280, 352.84
512, 5120, 3360, 352.44
512, 5120, 3440, 351.59
512, 5120, 3520, 347.29
512, 5120, 3600, 343.90
512, 5120, 3680, 343.29
512, 5120, 3760, 334.21
512, 5120, 3840, 328.26
512, 5120, 3920, 325.27
512, 5120, 4000, 321.09
