bli_shgemm performance
MC = 640, KC = 3328, NC = 4096
m, n, k, GFLOPS
640, 4096, 80, 175.85
640, 4096, 160, 246.77
640, 4096, 240, 279.90
640, 4096, 320, 303.83
640, 4096, 400, 312.45
640, 4096, 480, 325.80
640, 4096, 560, 328.80
640, 4096, 640, 332.81
640, 4096, 720, 335.85
640, 4096, 800, 342.33
640, 4096, 880, 342.91
640, 4096, 960, 346.46
640, 4096, 1040, 348.98
640, 4096, 1120, 350.27
640, 4096, 1200, 350.49
640, 4096, 1280, 349.69
640, 4096, 1360, 350.61
640, 4096, 1440, 352.80
640, 4096, 1520, 352.02
640, 4096, 1600, 351.70
640, 4096, 1680, 354.44
640, 4096, 1760, 353.10
640, 4096, 1840, 353.76
640, 4096, 1920, 356.41
640, 4096, 2000, 355.22
640, 4096, 2080, 356.47
640, 4096, 2160, 355.83
640, 4096, 2240, 356.85
640, 4096, 2320, 366.71
640, 4096, 2400, 368.30
640, 4096, 2480, 368.04
640, 4096, 2560, 367.06
640, 4096, 2640, 364.14
640, 4096, 2720, 362.29
640, 4096, 2800, 359.85
640, 4096, 2880, 355.42
640, 4096, 2960, 353.29
640, 4096, 3040, 350.66
640, 4096, 3120, 342.88
640, 4096, 3200, 333.95
640, 4096, 3280, 327.84
640, 4096, 3360, 301.43
640, 4096, 3440, 301.50
640, 4096, 3520, 306.42
640, 4096, 3600, 308.39
640, 4096, 3680, 314.07
640, 4096, 3760, 325.45
640, 4096, 3840, 327.99
640, 4096, 3920, 321.15
640, 4096, 4000, 321.69
