bli_shgemm performance
MC = 512, KC = 1536, NC = 1024
m, n, k, GFLOPS
512, 1024, 80, 203.16
512, 1024, 160, 275.42
512, 1024, 240, 300.55
512, 1024, 320, 321.26
512, 1024, 400, 333.10
512, 1024, 480, 336.44
512, 1024, 560, 341.63
512, 1024, 640, 343.56
512, 1024, 720, 341.57
512, 1024, 800, 341.12
512, 1024, 880, 340.19
512, 1024, 960, 344.83
512, 1024, 1040, 345.15
512, 1024, 1120, 346.82
512, 1024, 1200, 348.29
512, 1024, 1280, 351.99
512, 1024, 1360, 351.92
512, 1024, 1440, 354.04
512, 1024, 1520, 354.90
512, 1024, 1600, 328.31
512, 1024, 1680, 333.24
512, 1024, 1760, 337.13
512, 1024, 1840, 335.00
512, 1024, 1920, 340.56
512, 1024, 2000, 339.24
512, 1024, 2080, 341.95
512, 1024, 2160, 339.89
512, 1024, 2240, 344.47
512, 1024, 2320, 345.69
512, 1024, 2400, 346.28
512, 1024, 2480, 344.63
512, 1024, 2560, 348.84
512, 1024, 2640, 348.00
512, 1024, 2720, 348.91
512, 1024, 2800, 347.70
512, 1024, 2880, 351.43
512, 1024, 2960, 349.95
512, 1024, 3040, 351.54
512, 1024, 3120, 333.13
512, 1024, 3200, 340.74
512, 1024, 3280, 340.31
512, 1024, 3360, 351.45
512, 1024, 3440, 349.69
512, 1024, 3520, 354.70
512, 1024, 3600, 352.13
512, 1024, 3680, 353.50
512, 1024, 3760, 350.81
512, 1024, 3840, 356.58
512, 1024, 3920, 354.69
512, 1024, 4000, 355.89
