bli_shgemm performance
MC = 512, KC = 3328, NC = 5120
m, n, k, GFLOPS
512, 5120, 80, 171.17
512, 5120, 160, 234.46
512, 5120, 240, 266.70
512, 5120, 320, 287.44
512, 5120, 400, 300.81
512, 5120, 480, 307.44
512, 5120, 560, 312.84
512, 5120, 640, 314.71
512, 5120, 720, 329.66
512, 5120, 800, 337.00
512, 5120, 880, 337.83
512, 5120, 960, 341.37
512, 5120, 1040, 343.68
512, 5120, 1120, 324.88
512, 5120, 1200, 344.46
512, 5120, 1280, 327.59
512, 5120, 1360, 346.42
512, 5120, 1440, 348.29
512, 5120, 1520, 348.81
512, 5120, 1600, 349.68
512, 5120, 1680, 350.82
512, 5120, 1760, 350.03
512, 5120, 1840, 350.64
512, 5120, 1920, 351.68
512, 5120, 2000, 351.32
512, 5120, 2080, 353.91
512, 5120, 2160, 352.47
512, 5120, 2240, 352.85
512, 5120, 2320, 353.72
512, 5120, 2400, 353.28
512, 5120, 2480, 354.49
512, 5120, 2560, 354.25
512, 5120, 2640, 354.03
512, 5120, 2720, 353.57
512, 5120, 2800, 353.01
512, 5120, 2880, 351.83
512, 5120, 2960, 351.30
512, 5120, 3040, 352.09
512, 5120, 3120, 354.47
512, 5120, 3200, 350.02
512, 5120, 3280, 347.84
512, 5120, 3360, 337.00
512, 5120, 3440, 336.03
512, 5120, 3520, 337.06
512, 5120, 3600, 339.20
512, 5120, 3680, 341.59
512, 5120, 3760, 342.99
512, 5120, 3840, 345.37
512, 5120, 3920, 344.91
512, 5120, 4000, 345.87
