bli_shgemm performance
MC = 256, KC = 3584, NC = 3072
m, n, k, GFLOPS
256, 3072, 80, 190.53
256, 3072, 160, 252.92
256, 3072, 240, 268.32
256, 3072, 320, 272.43
256, 3072, 400, 281.60
256, 3072, 480, 287.97
256, 3072, 560, 294.74
256, 3072, 640, 294.92
256, 3072, 720, 296.79
256, 3072, 800, 303.05
256, 3072, 880, 305.34
256, 3072, 960, 307.98
256, 3072, 1040, 309.40
256, 3072, 1120, 310.44
256, 3072, 1200, 312.21
256, 3072, 1280, 313.09
256, 3072, 1360, 313.39
256, 3072, 1440, 312.70
256, 3072, 1520, 313.72
256, 3072, 1600, 314.60
256, 3072, 1680, 313.57
256, 3072, 1760, 314.32
256, 3072, 1840, 312.22
256, 3072, 1920, 314.15
256, 3072, 2000, 312.77
256, 3072, 2080, 312.13
256, 3072, 2160, 315.57
256, 3072, 2240, 316.33
256, 3072, 2320, 312.23
256, 3072, 2400, 312.02
256, 3072, 2480, 311.95
256, 3072, 2560, 313.33
256, 3072, 2640, 312.16
256, 3072, 2720, 311.98
256, 3072, 2800, 334.18
256, 3072, 2880, 333.59
256, 3072, 2960, 332.43
256, 3072, 3040, 331.27
256, 3072, 3120, 331.20
256, 3072, 3200, 330.86
256, 3072, 3280, 329.68
256, 3072, 3360, 329.31
256, 3072, 3440, 328.74
256, 3072, 3520, 330.08
256, 3072, 3600, 304.81
256, 3072, 3680, 307.49
256, 3072, 3760, 310.60
256, 3072, 3840, 311.17
256, 3072, 3920, 331.87
256, 3072, 4000, 332.07
