bli_shgemm performance
MC = 640, KC = 3328, NC = 1024
m, n, k, GFLOPS
640, 1024, 80, 207.03
640, 1024, 160, 269.17
640, 1024, 240, 305.88
640, 1024, 320, 322.15
640, 1024, 400, 325.13
640, 1024, 480, 330.14
640, 1024, 560, 325.50
640, 1024, 640, 331.66
640, 1024, 720, 332.84
640, 1024, 800, 340.26
640, 1024, 880, 340.43
640, 1024, 960, 347.44
640, 1024, 1040, 347.98
640, 1024, 1120, 350.51
640, 1024, 1200, 352.62
640, 1024, 1280, 355.75
640, 1024, 1360, 357.23
640, 1024, 1440, 358.63
640, 1024, 1520, 359.47
640, 1024, 1600, 363.70
640, 1024, 1680, 362.39
640, 1024, 1760, 365.02
640, 1024, 1840, 364.65
640, 1024, 1920, 366.03
640, 1024, 2000, 366.18
640, 1024, 2080, 366.85
640, 1024, 2160, 365.16
640, 1024, 2240, 366.30
640, 1024, 2320, 365.76
640, 1024, 2400, 365.90
640, 1024, 2480, 364.93
640, 1024, 2560, 365.00
640, 1024, 2640, 360.28
640, 1024, 2720, 346.28
640, 1024, 2800, 343.23
640, 1024, 2880, 330.13
640, 1024, 2960, 324.67
640, 1024, 3040, 328.91
640, 1024, 3120, 329.92
640, 1024, 3200, 320.95
640, 1024, 3280, 319.97
640, 1024, 3360, 299.11
640, 1024, 3440, 306.63
640, 1024, 3520, 313.59
640, 1024, 3600, 316.19
640, 1024, 3680, 316.50
640, 1024, 3760, 317.50
640, 1024, 3840, 316.73
640, 1024, 3920, 319.53
640, 1024, 4000, 320.09
