bli_shgemm performance
MC = 512, KC = 1792, NC = 2048
m, n, k, GFLOPS
512, 2048, 80, 189.51
512, 2048, 160, 262.11
512, 2048, 240, 277.09
512, 2048, 320, 296.51
512, 2048, 400, 306.48
512, 2048, 480, 312.16
512, 2048, 560, 322.41
512, 2048, 640, 323.65
512, 2048, 720, 324.84
512, 2048, 800, 334.23
512, 2048, 880, 335.35
512, 2048, 960, 333.34
512, 2048, 1040, 338.23
512, 2048, 1120, 338.14
512, 2048, 1200, 342.11
512, 2048, 1280, 344.46
512, 2048, 1360, 342.98
512, 2048, 1440, 344.20
512, 2048, 1520, 345.12
512, 2048, 1600, 344.73
512, 2048, 1680, 344.37
512, 2048, 1760, 347.91
512, 2048, 1840, 329.10
512, 2048, 1920, 330.18
512, 2048, 2000, 331.20
512, 2048, 2080, 333.76
512, 2048, 2160, 334.91
512, 2048, 2240, 335.68
512, 2048, 2320, 342.66
512, 2048, 2400, 343.91
512, 2048, 2480, 343.05
512, 2048, 2560, 345.73
512, 2048, 2640, 347.92
512, 2048, 2720, 349.22
512, 2048, 2800, 352.27
512, 2048, 2880, 351.50
512, 2048, 2960, 348.50
512, 2048, 3040, 349.22
512, 2048, 3120, 349.71
512, 2048, 3200, 350.40
512, 2048, 3280, 352.34
512, 2048, 3360, 354.66
512, 2048, 3440, 353.30
512, 2048, 3520, 353.10
512, 2048, 3600, 342.42
512, 2048, 3680, 343.99
512, 2048, 3760, 347.35
512, 2048, 3840, 347.18
512, 2048, 3920, 345.86
512, 2048, 4000, 346.19
