bli_shgemm performance
MC = 640, KC = 3584, NC = 5120
m, n, k, GFLOPS
640, 5120, 80, 174.38
640, 5120, 160, 238.47
640, 5120, 240, 272.46
640, 5120, 320, 294.29
640, 5120, 400, 308.06
640, 5120, 480, 314.38
640, 5120, 560, 321.24
640, 5120, 640, 321.65
640, 5120, 720, 324.50
640, 5120, 800, 331.13
640, 5120, 880, 346.80
640, 5120, 960, 349.88
640, 5120, 1040, 352.08
640, 5120, 1120, 353.51
640, 5120, 1200, 354.39
640, 5120, 1280, 356.92
640, 5120, 1360, 357.53
640, 5120, 1440, 337.46
640, 5120, 1520, 358.87
640, 5120, 1600, 340.75
640, 5120, 1680, 360.05
640, 5120, 1760, 360.47
640, 5120, 1840, 361.72
640, 5120, 1920, 361.61
640, 5120, 2000, 362.72
640, 5120, 2080, 361.39
640, 5120, 2160, 361.57
640, 5120, 2240, 362.66
640, 5120, 2320, 360.20
640, 5120, 2400, 358.90
640, 5120, 2480, 359.65
640, 5120, 2560, 360.88
640, 5120, 2640, 360.62
640, 5120, 2720, 356.20
640, 5120, 2800, 352.29
640, 5120, 2880, 352.76
640, 5120, 2960, 354.67
640, 5120, 3040, 355.37
640, 5120, 3120, 345.79
640, 5120, 3200, 341.28
640, 5120, 3280, 329.62
640, 5120, 3360, 323.89
640, 5120, 3440, 318.27
640, 5120, 3520, 312.09
640, 5120, 3600, 295.87
640, 5120, 3680, 294.29
640, 5120, 3760, 298.03
640, 5120, 3840, 302.14
640, 5120, 3920, 302.88
640, 5120, 4000, 303.08
