bli_shgemm performance
MC = 640, KC = 2048, NC = 5120
m, n, k, GFLOPS
640, 5120, 80, 177.57
640, 5120, 160, 249.34
640, 5120, 240, 284.95
640, 5120, 320, 307.87
640, 5120, 400, 323.66
640, 5120, 480, 333.44
640, 5120, 560, 331.44
640, 5120, 640, 334.36
640, 5120, 720, 336.34
640, 5120, 800, 340.51
640, 5120, 880, 344.32
640, 5120, 960, 345.59
640, 5120, 1040, 350.04
640, 5120, 1120, 349.17
640, 5120, 1200, 350.54
640, 5120, 1280, 351.85
640, 5120, 1360, 352.48
640, 5120, 1440, 354.41
640, 5120, 1520, 356.05
640, 5120, 1600, 357.22
640, 5120, 1680, 358.37
640, 5120, 1760, 357.19
640, 5120, 1840, 357.03
640, 5120, 1920, 375.90
640, 5120, 2000, 377.26
640, 5120, 2080, 338.40
640, 5120, 2160, 343.57
640, 5120, 2240, 344.99
640, 5120, 2320, 366.09
640, 5120, 2400, 367.45
640, 5120, 2480, 369.00
640, 5120, 2560, 369.44
640, 5120, 2640, 369.69
640, 5120, 2720, 369.48
640, 5120, 2800, 370.89
640, 5120, 2880, 372.78
640, 5120, 2960, 372.95
640, 5120, 3040, 372.96
640, 5120, 3120, 372.63
640, 5120, 3200, 373.87
640, 5120, 3280, 374.19
640, 5120, 3360, 374.44
640, 5120, 3440, 375.85
640, 5120, 3520, 376.03
640, 5120, 3600, 375.51
640, 5120, 3680, 376.12
640, 5120, 3760, 376.35
640, 5120, 3840, 376.17
640, 5120, 3920, 378.10
640, 5120, 4000, 377.64
