bli_shgemm performance
MC = 256, KC = 1536, NC = 2048
m, n, k, GFLOPS
256, 2048, 80, 197.38
256, 2048, 160, 254.20
256, 2048, 240, 274.83
256, 2048, 320, 285.50
256, 2048, 400, 282.06
256, 2048, 480, 284.67
256, 2048, 560, 287.03
256, 2048, 640, 290.86
256, 2048, 720, 292.46
256, 2048, 800, 298.70
256, 2048, 880, 298.16
256, 2048, 960, 311.39
256, 2048, 1040, 311.07
256, 2048, 1120, 313.30
256, 2048, 1200, 314.79
256, 2048, 1280, 315.73
256, 2048, 1360, 315.61
256, 2048, 1440, 319.27
256, 2048, 1520, 319.02
256, 2048, 1600, 300.32
256, 2048, 1680, 300.50
256, 2048, 1760, 313.22
256, 2048, 1840, 313.79
256, 2048, 1920, 315.79
256, 2048, 2000, 315.26
256, 2048, 2080, 316.18
256, 2048, 2160, 315.88
256, 2048, 2240, 317.86
256, 2048, 2320, 317.43
256, 2048, 2400, 318.76
256, 2048, 2480, 318.84
256, 2048, 2560, 320.89
256, 2048, 2640, 320.55
256, 2048, 2720, 320.98
256, 2048, 2800, 321.35
256, 2048, 2880, 322.56
256, 2048, 2960, 323.08
256, 2048, 3040, 323.46
256, 2048, 3120, 315.89
256, 2048, 3200, 317.33
256, 2048, 3280, 317.06
256, 2048, 3360, 318.37
256, 2048, 3440, 318.06
256, 2048, 3520, 319.59
256, 2048, 3600, 318.78
256, 2048, 3680, 319.68
256, 2048, 3760, 318.79
256, 2048, 3840, 320.55
256, 2048, 3920, 320.25
256, 2048, 4000, 321.13
