bli_shgemm performance
MC = 640, KC = 1024, NC = 3072
m, n, k, GFLOPS
640, 3072, 80, 176.44
640, 3072, 160, 241.12
640, 3072, 240, 278.42
640, 3072, 320, 301.02
640, 3072, 400, 316.06
640, 3072, 480, 324.84
640, 3072, 560, 332.77
640, 3072, 640, 338.17
640, 3072, 720, 341.22
640, 3072, 800, 347.95
640, 3072, 880, 350.43
640, 3072, 960, 356.29
640, 3072, 1040, 332.54
640, 3072, 1120, 336.78
640, 3072, 1200, 338.12
640, 3072, 1280, 342.30
640, 3072, 1360, 354.61
640, 3072, 1440, 347.75
640, 3072, 1520, 357.40
640, 3072, 1600, 360.66
640, 3072, 1680, 360.72
640, 3072, 1760, 364.72
640, 3072, 1840, 365.02
640, 3072, 1920, 366.97
640, 3072, 2000, 368.34
640, 3072, 2080, 353.49
640, 3072, 2160, 355.34
640, 3072, 2240, 357.55
640, 3072, 2320, 358.48
640, 3072, 2400, 359.78
640, 3072, 2480, 359.98
640, 3072, 2560, 362.99
640, 3072, 2640, 362.38
640, 3072, 2720, 363.16
640, 3072, 2800, 364.28
640, 3072, 2880, 366.88
640, 3072, 2960, 367.09
640, 3072, 3040, 369.05
640, 3072, 3120, 358.10
640, 3072, 3200, 359.19
640, 3072, 3280, 360.17
640, 3072, 3360, 361.64
640, 3072, 3440, 361.30
640, 3072, 3520, 363.63
640, 3072, 3600, 363.74
640, 3072, 3680, 365.46
640, 3072, 3760, 363.94
640, 3072, 3840, 366.31
640, 3072, 3920, 366.22
640, 3072, 4000, 367.80
