bli_shgemm performance
MC = 512, KC = 768, NC = 4096
m, n, k, GFLOPS
512, 4096, 80, 175.46
512, 4096, 160, 237.85
512, 4096, 240, 273.94
512, 4096, 320, 296.13
512, 4096, 400, 308.79
512, 4096, 480, 318.47
512, 4096, 560, 325.92
512, 4096, 640, 328.05
512, 4096, 720, 331.40
512, 4096, 800, 303.28
512, 4096, 880, 306.19
512, 4096, 960, 310.92
512, 4096, 1040, 314.96
512, 4096, 1120, 319.03
512, 4096, 1200, 323.24
512, 4096, 1280, 327.14
512, 4096, 1360, 326.80
512, 4096, 1440, 327.97
512, 4096, 1520, 343.49
512, 4096, 1600, 330.42
512, 4096, 1680, 332.11
512, 4096, 1760, 334.64
512, 4096, 1840, 335.55
512, 4096, 1920, 339.01
512, 4096, 2000, 340.01
512, 4096, 2080, 342.14
512, 4096, 2160, 343.10
512, 4096, 2240, 343.78
512, 4096, 2320, 333.27
512, 4096, 2400, 336.00
512, 4096, 2480, 336.92
512, 4096, 2560, 339.09
512, 4096, 2640, 339.79
512, 4096, 2720, 341.89
512, 4096, 2800, 343.07
512, 4096, 2880, 344.12
512, 4096, 2960, 343.23
512, 4096, 3040, 344.98
512, 4096, 3120, 335.52
512, 4096, 3200, 338.12
512, 4096, 3280, 338.84
512, 4096, 3360, 339.43
512, 4096, 3440, 340.58
512, 4096, 3520, 342.04
512, 4096, 3600, 342.98
512, 4096, 3680, 344.25
512, 4096, 3760, 343.20
512, 4096, 3840, 344.97
512, 4096, 3920, 339.30
512, 4096, 4000, 339.70
