bli_shgemm performance
MC = 384, KC = 512, NC = 1024
m, n, k, GFLOPS
384, 1024, 80, 196.44
384, 1024, 160, 259.68
384, 1024, 240, 292.30
384, 1024, 320, 310.36
384, 1024, 400, 320.44
384, 1024, 480, 319.79
384, 1024, 560, 295.06
384, 1024, 640, 302.16
384, 1024, 720, 302.13
384, 1024, 800, 307.27
384, 1024, 880, 324.95
384, 1024, 960, 318.39
384, 1024, 1040, 315.09
384, 1024, 1120, 318.44
384, 1024, 1200, 319.78
384, 1024, 1280, 323.72
384, 1024, 1360, 324.82
384, 1024, 1440, 322.92
384, 1024, 1520, 322.17
384, 1024, 1600, 319.25
384, 1024, 1680, 318.07
384, 1024, 1760, 321.87
384, 1024, 1840, 320.69
384, 1024, 1920, 329.01
384, 1024, 2000, 328.77
384, 1024, 2080, 322.30
384, 1024, 2160, 320.74
384, 1024, 2240, 325.24
384, 1024, 2320, 323.34
384, 1024, 2400, 327.49
384, 1024, 2480, 326.17
384, 1024, 2560, 330.54
384, 1024, 2640, 321.74
384, 1024, 2720, 324.36
384, 1024, 2800, 322.72
384, 1024, 2880, 327.61
384, 1024, 2960, 326.71
384, 1024, 3040, 329.19
384, 1024, 3120, 321.38
384, 1024, 3200, 325.81
384, 1024, 3280, 323.72
384, 1024, 3360, 327.24
384, 1024, 3440, 323.32
384, 1024, 3520, 329.05
384, 1024, 3600, 322.25
384, 1024, 3680, 324.83
384, 1024, 3760, 322.74
384, 1024, 3840, 326.84
384, 1024, 3920, 324.51
384, 1024, 4000, 328.37
