bli_shgemm performance
MC = 256, KC = 1024, NC = 5120
m, n, k, GFLOPS
256, 5120, 80, 177.04
256, 5120, 160, 226.14
256, 5120, 240, 255.19
256, 5120, 320, 271.25
256, 5120, 400, 282.72
256, 5120, 480, 289.23
256, 5120, 560, 311.09
256, 5120, 640, 315.03
256, 5120, 720, 315.96
256, 5120, 800, 321.60
256, 5120, 880, 322.38
256, 5120, 960, 327.96
256, 5120, 1040, 286.73
256, 5120, 1120, 312.94
256, 5120, 1200, 314.52
256, 5120, 1280, 317.82
256, 5120, 1360, 319.57
256, 5120, 1440, 322.98
256, 5120, 1520, 323.12
256, 5120, 1600, 325.45
256, 5120, 1680, 325.84
256, 5120, 1760, 329.00
256, 5120, 1840, 331.18
256, 5120, 1920, 331.39
256, 5120, 2000, 331.98
256, 5120, 2080, 321.03
256, 5120, 2160, 321.70
256, 5120, 2240, 323.20
256, 5120, 2320, 324.63
256, 5120, 2400, 324.72
256, 5120, 2480, 326.05
256, 5120, 2560, 327.31
256, 5120, 2640, 327.61
256, 5120, 2720, 328.18
256, 5120, 2800, 329.80
256, 5120, 2880, 330.21
256, 5120, 2960, 330.90
256, 5120, 3040, 332.43
256, 5120, 3120, 323.89
256, 5120, 3200, 324.41
256, 5120, 3280, 325.40
256, 5120, 3360, 327.70
256, 5120, 3440, 327.18
256, 5120, 3520, 328.56
256, 5120, 3600, 328.20
256, 5120, 3680, 329.62
256, 5120, 3760, 329.52
256, 5120, 3840, 330.51
256, 5120, 3920, 330.86
256, 5120, 4000, 331.85
