bli_shgemm performance
MC = 640, KC = 512, NC = 3072
m, n, k, GFLOPS
640, 3072, 80, 174.80
640, 3072, 160, 240.53
640, 3072, 240, 278.44
640, 3072, 320, 302.17
640, 3072, 400, 316.31
640, 3072, 480, 325.78
640, 3072, 560, 288.16
640, 3072, 640, 304.03
640, 3072, 720, 310.71
640, 3072, 800, 319.55
640, 3072, 880, 323.06
640, 3072, 960, 330.46
640, 3072, 1040, 308.18
640, 3072, 1120, 314.25
640, 3072, 1200, 316.35
640, 3072, 1280, 321.77
640, 3072, 1360, 325.21
640, 3072, 1440, 328.25
640, 3072, 1520, 333.42
640, 3072, 1600, 320.78
640, 3072, 1680, 322.18
640, 3072, 1760, 326.48
640, 3072, 1840, 329.19
640, 3072, 1920, 332.76
640, 3072, 2000, 335.08
640, 3072, 2080, 323.71
640, 3072, 2160, 325.70
640, 3072, 2240, 328.85
640, 3072, 2320, 331.30
640, 3072, 2400, 333.59
640, 3072, 2480, 331.92
640, 3072, 2560, 336.51
640, 3072, 2640, 326.12
640, 3072, 2720, 328.28
640, 3072, 2800, 328.96
640, 3072, 2880, 332.81
640, 3072, 2960, 332.93
640, 3072, 3040, 340.18
640, 3072, 3120, 331.42
640, 3072, 3200, 335.78
640, 3072, 3280, 335.02
640, 3072, 3360, 337.36
640, 3072, 3440, 337.21
640, 3072, 3520, 340.63
640, 3072, 3600, 333.33
640, 3072, 3680, 335.85
640, 3072, 3760, 334.65
640, 3072, 3840, 338.04
640, 3072, 3920, 338.21
640, 3072, 4000, 340.88
