bli_shgemm performance
MC = 640, KC = 1280, NC = 1024
m, n, k, GFLOPS
640, 1024, 80, 206.41
640, 1024, 160, 280.84
640, 1024, 240, 303.40
640, 1024, 320, 324.70
640, 1024, 400, 331.11
640, 1024, 480, 334.24
640, 1024, 560, 336.78
640, 1024, 640, 341.84
640, 1024, 720, 341.36
640, 1024, 800, 350.68
640, 1024, 880, 346.28
640, 1024, 960, 352.05
640, 1024, 1040, 351.25
640, 1024, 1120, 354.15
640, 1024, 1200, 355.05
640, 1024, 1280, 358.10
640, 1024, 1360, 325.54
640, 1024, 1440, 338.36
640, 1024, 1520, 336.50
640, 1024, 1600, 342.37
640, 1024, 1680, 341.26
640, 1024, 1760, 343.26
640, 1024, 1840, 341.96
640, 1024, 1920, 346.88
640, 1024, 2000, 344.50
640, 1024, 2080, 348.58
640, 1024, 2160, 345.98
640, 1024, 2240, 353.11
640, 1024, 2320, 351.41
640, 1024, 2400, 352.49
640, 1024, 2480, 350.94
640, 1024, 2560, 354.70
640, 1024, 2640, 337.97
640, 1024, 2720, 342.79
640, 1024, 2800, 342.40
640, 1024, 2880, 346.48
640, 1024, 2960, 344.95
640, 1024, 3040, 346.60
640, 1024, 3120, 345.00
640, 1024, 3200, 348.39
640, 1024, 3280, 347.19
640, 1024, 3360, 358.65
640, 1024, 3440, 357.90
640, 1024, 3520, 360.48
640, 1024, 3600, 359.56
640, 1024, 3680, 361.83
640, 1024, 3760, 360.32
640, 1024, 3840, 362.74
640, 1024, 3920, 353.91
640, 1024, 4000, 354.96
