bli_shgemm performance
MC = 256, KC = 768, NC = 1024
m, n, k, GFLOPS
256, 1024, 80, 192.38
256, 1024, 160, 255.34
256, 1024, 240, 276.27
256, 1024, 320, 289.95
256, 1024, 400, 304.29
256, 1024, 480, 308.38
256, 1024, 560, 311.13
256, 1024, 640, 308.90
256, 1024, 720, 318.59
256, 1024, 800, 289.79
256, 1024, 880, 283.17
256, 1024, 960, 295.91
256, 1024, 1040, 311.98
256, 1024, 1120, 315.26
256, 1024, 1200, 316.88
256, 1024, 1280, 319.04
256, 1024, 1360, 318.85
256, 1024, 1440, 319.63
256, 1024, 1520, 321.49
256, 1024, 1600, 314.64
256, 1024, 1680, 314.84
256, 1024, 1760, 316.74
256, 1024, 1840, 316.77
256, 1024, 1920, 319.67
256, 1024, 2000, 319.80
256, 1024, 2080, 320.64
256, 1024, 2160, 320.75
256, 1024, 2240, 322.67
256, 1024, 2320, 316.45
256, 1024, 2400, 315.09
256, 1024, 2480, 314.43
256, 1024, 2560, 317.54
256, 1024, 2640, 316.23
256, 1024, 2720, 317.48
256, 1024, 2800, 315.92
256, 1024, 2880, 320.17
256, 1024, 2960, 319.14
256, 1024, 3040, 319.89
256, 1024, 3120, 313.83
256, 1024, 3200, 316.69
256, 1024, 3280, 316.37
256, 1024, 3360, 317.63
256, 1024, 3440, 315.75
256, 1024, 3520, 319.41
256, 1024, 3600, 318.74
256, 1024, 3680, 319.28
256, 1024, 3760, 317.97
256, 1024, 3840, 321.25
256, 1024, 3920, 320.16
256, 1024, 4000, 320.69
