bli_shgemm performance
MC = 384, KC = 3328, NC = 1024
m, n, k, GFLOPS
384, 1024, 80, 194.36
384, 1024, 160, 262.11
384, 1024, 240, 292.87
384, 1024, 320, 312.02
384, 1024, 400, 323.09
384, 1024, 480, 323.10
384, 1024, 560, 321.32
384, 1024, 640, 319.26
384, 1024, 720, 318.07
384, 1024, 800, 323.70
384, 1024, 880, 324.04
384, 1024, 960, 331.10
384, 1024, 1040, 330.65
384, 1024, 1120, 333.16
384, 1024, 1200, 333.15
384, 1024, 1280, 334.05
384, 1024, 1360, 332.30
384, 1024, 1440, 334.65
384, 1024, 1520, 334.22
384, 1024, 1600, 337.74
384, 1024, 1680, 336.51
384, 1024, 1760, 337.85
384, 1024, 1840, 338.10
384, 1024, 1920, 340.13
384, 1024, 2000, 339.11
384, 1024, 2080, 340.71
384, 1024, 2160, 341.16
384, 1024, 2240, 342.20
384, 1024, 2320, 341.55
384, 1024, 2400, 341.62
384, 1024, 2480, 341.39
384, 1024, 2560, 343.27
384, 1024, 2640, 342.67
384, 1024, 2720, 343.14
384, 1024, 2800, 343.01
384, 1024, 2880, 343.90
384, 1024, 2960, 343.41
384, 1024, 3040, 343.55
384, 1024, 3120, 343.34
384, 1024, 3200, 344.02
384, 1024, 3280, 344.29
384, 1024, 3360, 335.21
384, 1024, 3440, 347.47
384, 1024, 3520, 348.57
384, 1024, 3600, 348.24
384, 1024, 3680, 349.49
384, 1024, 3760, 348.76
384, 1024, 3840, 350.42
384, 1024, 3920, 349.78
384, 1024, 4000, 350.03
