bli_shgemm performance
MC = 640, KC = 2816, NC = 5120
m, n, k, GFLOPS
640, 5120, 80, 176.71
640, 5120, 160, 248.06
640, 5120, 240, 285.56
640, 5120, 320, 310.24
640, 5120, 400, 323.92
640, 5120, 480, 331.54
640, 5120, 560, 340.35
640, 5120, 640, 342.42
640, 5120, 720, 344.86
640, 5120, 800, 350.27
640, 5120, 880, 351.07
640, 5120, 960, 353.20
640, 5120, 1040, 353.31
640, 5120, 1120, 356.27
640, 5120, 1200, 347.25
640, 5120, 1280, 348.04
640, 5120, 1360, 351.54
640, 5120, 1440, 352.70
640, 5120, 1520, 355.39
640, 5120, 1600, 356.21
640, 5120, 1680, 354.47
640, 5120, 1760, 356.58
640, 5120, 1840, 354.58
640, 5120, 1920, 357.36
640, 5120, 2000, 359.76
640, 5120, 2080, 360.26
640, 5120, 2160, 376.40
640, 5120, 2240, 377.88
640, 5120, 2320, 378.14
640, 5120, 2400, 377.91
640, 5120, 2480, 375.29
640, 5120, 2560, 377.14
640, 5120, 2640, 376.58
640, 5120, 2720, 375.80
640, 5120, 2800, 372.57
640, 5120, 2880, 331.83
640, 5120, 2960, 336.33
640, 5120, 3040, 338.48
640, 5120, 3120, 339.25
640, 5120, 3200, 362.19
640, 5120, 3280, 364.37
640, 5120, 3360, 365.05
640, 5120, 3440, 363.72
640, 5120, 3520, 363.36
640, 5120, 3600, 362.33
640, 5120, 3680, 361.29
640, 5120, 3760, 361.53
640, 5120, 3840, 360.90
640, 5120, 3920, 358.52
640, 5120, 4000, 355.46
