bli_shgemm performance
MC = 512, KC = 768, NC = 1024
m, n, k, GFLOPS
512, 1024, 80, 205.06
512, 1024, 160, 265.89
512, 1024, 240, 291.04
512, 1024, 320, 327.25
512, 1024, 400, 323.78
512, 1024, 480, 322.19
512, 1024, 560, 324.35
512, 1024, 640, 329.33
512, 1024, 720, 326.41
512, 1024, 800, 312.82
512, 1024, 880, 313.95
512, 1024, 960, 318.83
512, 1024, 1040, 315.67
512, 1024, 1120, 320.66
512, 1024, 1200, 318.03
512, 1024, 1280, 325.70
512, 1024, 1360, 324.15
512, 1024, 1440, 336.06
512, 1024, 1520, 336.39
512, 1024, 1600, 326.95
512, 1024, 1680, 327.05
512, 1024, 1760, 331.70
512, 1024, 1840, 329.67
512, 1024, 1920, 336.36
512, 1024, 2000, 333.74
512, 1024, 2080, 336.22
512, 1024, 2160, 334.72
512, 1024, 2240, 339.32
512, 1024, 2320, 342.54
512, 1024, 2400, 345.58
512, 1024, 2480, 344.48
512, 1024, 2560, 348.02
512, 1024, 2640, 346.86
512, 1024, 2720, 348.88
512, 1024, 2800, 347.55
512, 1024, 2880, 350.57
512, 1024, 2960, 348.08
512, 1024, 3040, 350.69
512, 1024, 3120, 344.30
512, 1024, 3200, 346.74
512, 1024, 3280, 345.04
512, 1024, 3360, 347.99
512, 1024, 3440, 346.81
512, 1024, 3520, 350.06
512, 1024, 3600, 347.76
512, 1024, 3680, 349.52
512, 1024, 3760, 347.74
512, 1024, 3840, 351.13
512, 1024, 3920, 344.70
512, 1024, 4000, 346.41
