bli_shgemm performance
MC = 640, KC = 3840, NC = 3072
m, n, k, GFLOPS
640, 3072, 80, 174.25
640, 3072, 160, 258.12
640, 3072, 240, 280.05
640, 3072, 320, 311.28
640, 3072, 400, 317.02
640, 3072, 480, 324.00
640, 3072, 560, 334.12
640, 3072, 640, 335.05
640, 3072, 720, 346.94
640, 3072, 800, 354.75
640, 3072, 880, 352.81
640, 3072, 960, 358.39
640, 3072, 1040, 358.98
640, 3072, 1120, 361.68
640, 3072, 1200, 365.04
640, 3072, 1280, 355.94
640, 3072, 1360, 360.07
640, 3072, 1440, 361.50
640, 3072, 1520, 364.05
640, 3072, 1600, 364.73
640, 3072, 1680, 368.29
640, 3072, 1760, 371.15
640, 3072, 1840, 370.68
640, 3072, 1920, 371.87
640, 3072, 2000, 372.16
640, 3072, 2080, 372.39
640, 3072, 2160, 372.53
640, 3072, 2240, 382.42
640, 3072, 2320, 379.40
640, 3072, 2400, 378.43
640, 3072, 2480, 377.68
640, 3072, 2560, 377.00
640, 3072, 2640, 374.35
640, 3072, 2720, 370.93
640, 3072, 2800, 360.33
640, 3072, 2880, 354.11
640, 3072, 2960, 341.88
640, 3072, 3040, 336.74
640, 3072, 3120, 329.57
640, 3072, 3200, 324.71
640, 3072, 3280, 319.70
640, 3072, 3360, 328.68
640, 3072, 3440, 310.67
640, 3072, 3520, 312.20
640, 3072, 3600, 313.39
640, 3072, 3680, 311.05
640, 3072, 3760, 308.01
640, 3072, 3840, 304.22
640, 3072, 3920, 294.98
640, 3072, 4000, 297.64
