bli_shgemm performance
MC = 640, KC = 768, NC = 4096
m, n, k, GFLOPS
640, 4096, 80, 177.10
640, 4096, 160, 241.27
640, 4096, 240, 278.61
640, 4096, 320, 302.40
640, 4096, 400, 316.06
640, 4096, 480, 323.87
640, 4096, 560, 331.59
640, 4096, 640, 334.31
640, 4096, 720, 338.66
640, 4096, 800, 308.16
640, 4096, 880, 314.92
640, 4096, 960, 317.81
640, 4096, 1040, 321.38
640, 4096, 1120, 325.45
640, 4096, 1200, 329.06
640, 4096, 1280, 333.02
640, 4096, 1360, 333.40
640, 4096, 1440, 333.08
640, 4096, 1520, 336.63
640, 4096, 1600, 321.82
640, 4096, 1680, 323.59
640, 4096, 1760, 324.94
640, 4096, 1840, 328.06
640, 4096, 1920, 343.79
640, 4096, 2000, 344.50
640, 4096, 2080, 347.00
640, 4096, 2160, 346.24
640, 4096, 2240, 351.56
640, 4096, 2320, 340.52
640, 4096, 2400, 341.36
640, 4096, 2480, 341.12
640, 4096, 2560, 342.63
640, 4096, 2640, 343.43
640, 4096, 2720, 345.29
640, 4096, 2800, 346.29
640, 4096, 2880, 348.07
640, 4096, 2960, 347.47
640, 4096, 3040, 349.74
640, 4096, 3120, 340.89
640, 4096, 3200, 343.27
640, 4096, 3280, 305.98
640, 4096, 3360, 346.45
640, 4096, 3440, 346.77
640, 4096, 3520, 348.05
640, 4096, 3600, 347.64
640, 4096, 3680, 348.75
640, 4096, 3760, 350.71
640, 4096, 3840, 352.78
640, 4096, 3920, 344.63
640, 4096, 4000, 344.10
