bli_shgemm performance
MC = 256, KC = 1792, NC = 4096
m, n, k, GFLOPS
256, 4096, 80, 188.33
256, 4096, 160, 224.68
256, 4096, 240, 247.83
256, 4096, 320, 263.78
256, 4096, 400, 274.04
256, 4096, 480, 280.45
256, 4096, 560, 286.37
256, 4096, 640, 290.29
256, 4096, 720, 292.20
256, 4096, 800, 298.39
256, 4096, 880, 298.36
256, 4096, 960, 301.16
256, 4096, 1040, 301.45
256, 4096, 1120, 301.97
256, 4096, 1200, 302.14
256, 4096, 1280, 313.89
256, 4096, 1360, 313.85
256, 4096, 1440, 313.54
256, 4096, 1520, 313.67
256, 4096, 1600, 318.04
256, 4096, 1680, 317.01
256, 4096, 1760, 318.86
256, 4096, 1840, 287.11
256, 4096, 1920, 309.01
256, 4096, 2000, 309.74
256, 4096, 2080, 310.81
256, 4096, 2160, 312.15
256, 4096, 2240, 313.98
256, 4096, 2320, 316.00
256, 4096, 2400, 316.29
256, 4096, 2480, 315.65
256, 4096, 2560, 317.90
256, 4096, 2640, 317.34
256, 4096, 2720, 318.74
256, 4096, 2800, 319.01
256, 4096, 2880, 319.16
256, 4096, 2960, 319.82
256, 4096, 3040, 319.90
256, 4096, 3120, 321.01
256, 4096, 3200, 321.11
256, 4096, 3280, 320.44
256, 4096, 3360, 321.11
256, 4096, 3440, 320.14
256, 4096, 3520, 321.50
256, 4096, 3600, 314.65
256, 4096, 3680, 314.42
256, 4096, 3760, 315.50
256, 4096, 3840, 315.10
256, 4096, 3920, 315.92
256, 4096, 4000, 315.38
