bli_shgemm performance
MC = 640, KC = 1792, NC = 5120
m, n, k, GFLOPS
640, 5120, 80, 176.11
640, 5120, 160, 247.53
640, 5120, 240, 280.10
640, 5120, 320, 301.83
640, 5120, 400, 324.16
640, 5120, 480, 332.50
640, 5120, 560, 341.08
640, 5120, 640, 344.80
640, 5120, 720, 350.32
640, 5120, 800, 357.50
640, 5120, 880, 357.46
640, 5120, 960, 361.63
640, 5120, 1040, 362.82
640, 5120, 1120, 365.15
640, 5120, 1200, 366.15
640, 5120, 1280, 367.97
640, 5120, 1360, 348.93
640, 5120, 1440, 350.78
640, 5120, 1520, 371.68
640, 5120, 1600, 372.61
640, 5120, 1680, 372.04
640, 5120, 1760, 374.88
640, 5120, 1840, 335.41
640, 5120, 1920, 339.06
640, 5120, 2000, 342.31
640, 5120, 2080, 363.38
640, 5120, 2160, 365.69
640, 5120, 2240, 366.73
640, 5120, 2320, 366.28
640, 5120, 2400, 368.62
640, 5120, 2480, 367.03
640, 5120, 2560, 368.59
640, 5120, 2640, 369.69
640, 5120, 2720, 368.53
640, 5120, 2800, 369.37
640, 5120, 2880, 370.12
640, 5120, 2960, 370.17
640, 5120, 3040, 372.19
640, 5120, 3120, 371.90
640, 5120, 3200, 372.21
640, 5120, 3280, 373.00
640, 5120, 3360, 373.11
640, 5120, 3440, 372.84
640, 5120, 3520, 374.60
640, 5120, 3600, 364.11
640, 5120, 3680, 365.91
640, 5120, 3760, 366.26
640, 5120, 3840, 366.55
640, 5120, 3920, 367.00
640, 5120, 4000, 368.48
