bli_shgemm performance
MC = 256, KC = 2304, NC = 5120
m, n, k, GFLOPS
256, 5120, 80, 174.82
256, 5120, 160, 222.04
256, 5120, 240, 254.22
256, 5120, 320, 270.44
256, 5120, 400, 282.14
256, 5120, 480, 288.74
256, 5120, 560, 294.99
256, 5120, 640, 297.62
256, 5120, 720, 299.56
256, 5120, 800, 304.47
256, 5120, 880, 304.34
256, 5120, 960, 306.41
256, 5120, 1040, 306.43
256, 5120, 1120, 305.93
256, 5120, 1200, 307.02
256, 5120, 1280, 307.58
256, 5120, 1360, 307.52
256, 5120, 1440, 307.91
256, 5120, 1520, 307.43
256, 5120, 1600, 306.68
256, 5120, 1680, 307.25
256, 5120, 1760, 337.50
256, 5120, 1840, 338.22
256, 5120, 1920, 335.73
256, 5120, 2000, 334.73
256, 5120, 2080, 338.93
256, 5120, 2160, 337.13
256, 5120, 2240, 338.00
256, 5120, 2320, 294.46
256, 5120, 2400, 298.16
256, 5120, 2480, 331.70
256, 5120, 2560, 332.17
256, 5120, 2640, 333.57
256, 5120, 2720, 334.08
256, 5120, 2800, 333.91
256, 5120, 2880, 335.43
256, 5120, 2960, 334.46
256, 5120, 3040, 335.91
256, 5120, 3120, 335.81
256, 5120, 3200, 336.69
256, 5120, 3280, 336.83
256, 5120, 3360, 338.88
256, 5120, 3440, 338.63
256, 5120, 3520, 338.38
256, 5120, 3600, 338.71
256, 5120, 3680, 339.72
256, 5120, 3760, 338.60
256, 5120, 3840, 339.37
256, 5120, 3920, 339.20
256, 5120, 4000, 339.00
