bli_shgemm performance
MC = 384, KC = 1280, NC = 1024
m, n, k, GFLOPS
384, 1024, 80, 199.97
384, 1024, 160, 269.12
384, 1024, 240, 291.51
384, 1024, 320, 310.45
384, 1024, 400, 323.31
384, 1024, 480, 328.91
384, 1024, 560, 327.02
384, 1024, 640, 326.10
384, 1024, 720, 323.39
384, 1024, 800, 328.49
384, 1024, 880, 331.14
384, 1024, 960, 333.21
384, 1024, 1040, 332.20
384, 1024, 1120, 331.71
384, 1024, 1200, 331.28
384, 1024, 1280, 333.80
384, 1024, 1360, 310.95
384, 1024, 1440, 318.94
384, 1024, 1520, 320.07
384, 1024, 1600, 323.55
384, 1024, 1680, 320.07
384, 1024, 1760, 322.56
384, 1024, 1840, 324.60
384, 1024, 1920, 328.84
384, 1024, 2000, 327.50
384, 1024, 2080, 329.88
384, 1024, 2160, 327.72
384, 1024, 2240, 332.10
384, 1024, 2320, 330.67
384, 1024, 2400, 331.97
384, 1024, 2480, 330.20
384, 1024, 2560, 345.78
384, 1024, 2640, 336.67
384, 1024, 2720, 335.18
384, 1024, 2800, 332.61
384, 1024, 2880, 338.52
384, 1024, 2960, 336.40
384, 1024, 3040, 338.73
384, 1024, 3120, 335.54
384, 1024, 3200, 340.14
384, 1024, 3280, 337.58
384, 1024, 3360, 339.50
384, 1024, 3440, 337.49
384, 1024, 3520, 342.69
384, 1024, 3600, 340.88
384, 1024, 3680, 341.69
384, 1024, 3760, 339.32
384, 1024, 3840, 343.43
384, 1024, 3920, 336.64
384, 1024, 4000, 338.12
