bli_shgemm performance
MC = 640, KC = 2048, NC = 1024
m, n, k, GFLOPS
640, 1024, 80, 209.49
640, 1024, 160, 271.31
640, 1024, 240, 301.97
640, 1024, 320, 320.20
640, 1024, 400, 332.63
640, 1024, 480, 338.41
640, 1024, 560, 340.35
640, 1024, 640, 339.10
640, 1024, 720, 338.55
640, 1024, 800, 341.37
640, 1024, 880, 341.37
640, 1024, 960, 348.63
640, 1024, 1040, 349.62
640, 1024, 1120, 351.53
640, 1024, 1200, 352.48
640, 1024, 1280, 356.98
640, 1024, 1360, 358.14
640, 1024, 1440, 359.64
640, 1024, 1520, 360.34
640, 1024, 1600, 363.38
640, 1024, 1680, 362.30
640, 1024, 1760, 364.03
640, 1024, 1840, 364.55
640, 1024, 1920, 366.12
640, 1024, 2000, 366.00
640, 1024, 2080, 350.13
640, 1024, 2160, 358.55
640, 1024, 2240, 360.87
640, 1024, 2320, 359.38
640, 1024, 2400, 361.15
640, 1024, 2480, 360.00
640, 1024, 2560, 363.71
640, 1024, 2640, 362.13
640, 1024, 2720, 363.29
640, 1024, 2800, 362.01
640, 1024, 2880, 366.34
640, 1024, 2960, 364.75
640, 1024, 3040, 366.71
640, 1024, 3120, 364.92
640, 1024, 3200, 368.77
640, 1024, 3280, 361.54
640, 1024, 3360, 369.05
640, 1024, 3440, 367.84
640, 1024, 3520, 372.12
640, 1024, 3600, 370.52
640, 1024, 3680, 371.11
640, 1024, 3760, 370.68
640, 1024, 3840, 373.06
640, 1024, 3920, 372.33
640, 1024, 4000, 372.58
