bli_shgemm performance
MC = 256, KC = 2048, NC = 3072
m, n, k, GFLOPS
256, 3072, 80, 194.22
256, 3072, 160, 253.50
256, 3072, 240, 263.81
256, 3072, 320, 275.13
256, 3072, 400, 281.81
256, 3072, 480, 287.05
256, 3072, 560, 292.14
256, 3072, 640, 296.76
256, 3072, 720, 299.13
256, 3072, 800, 305.58
256, 3072, 880, 306.05
256, 3072, 960, 310.23
256, 3072, 1040, 311.09
256, 3072, 1120, 312.61
256, 3072, 1200, 312.33
256, 3072, 1280, 314.22
256, 3072, 1360, 314.16
256, 3072, 1440, 313.36
256, 3072, 1520, 329.49
256, 3072, 1600, 329.05
256, 3072, 1680, 329.06
256, 3072, 1760, 330.99
256, 3072, 1840, 330.74
256, 3072, 1920, 330.03
256, 3072, 2000, 330.41
256, 3072, 2080, 303.37
256, 3072, 2160, 305.50
256, 3072, 2240, 324.81
256, 3072, 2320, 325.71
256, 3072, 2400, 327.25
256, 3072, 2480, 327.19
256, 3072, 2560, 327.98
256, 3072, 2640, 327.46
256, 3072, 2720, 328.39
256, 3072, 2800, 330.13
256, 3072, 2880, 330.14
256, 3072, 2960, 330.82
256, 3072, 3040, 331.85
256, 3072, 3120, 331.98
256, 3072, 3200, 332.18
256, 3072, 3280, 332.63
256, 3072, 3360, 333.58
256, 3072, 3440, 333.63
256, 3072, 3520, 333.40
256, 3072, 3600, 334.27
256, 3072, 3680, 334.78
256, 3072, 3760, 334.33
256, 3072, 3840, 334.91
256, 3072, 3920, 334.31
256, 3072, 4000, 334.38
