bli_shgemm performance
MC = 512, KC = 2048, NC = 5120
m, n, k, GFLOPS
512, 5120, 80, 176.42
512, 5120, 160, 246.14
512, 5120, 240, 276.59
512, 5120, 320, 299.19
512, 5120, 400, 312.64
512, 5120, 480, 321.66
512, 5120, 560, 328.39
512, 5120, 640, 330.74
512, 5120, 720, 334.14
512, 5120, 800, 340.34
512, 5120, 880, 337.09
512, 5120, 960, 358.19
512, 5120, 1040, 358.85
512, 5120, 1120, 357.54
512, 5120, 1200, 359.44
512, 5120, 1280, 357.23
512, 5120, 1360, 358.12
512, 5120, 1440, 360.00
512, 5120, 1520, 358.18
512, 5120, 1600, 357.54
512, 5120, 1680, 367.30
512, 5120, 1760, 367.99
512, 5120, 1840, 368.41
512, 5120, 1920, 369.36
512, 5120, 2000, 369.91
512, 5120, 2080, 331.47
512, 5120, 2160, 335.74
512, 5120, 2240, 337.78
512, 5120, 2320, 361.51
512, 5120, 2400, 362.63
512, 5120, 2480, 363.09
512, 5120, 2560, 363.40
512, 5120, 2640, 364.67
512, 5120, 2720, 364.89
512, 5120, 2800, 364.77
512, 5120, 2880, 364.92
512, 5120, 2960, 367.61
512, 5120, 3040, 368.16
512, 5120, 3120, 367.13
512, 5120, 3200, 367.69
512, 5120, 3280, 367.54
512, 5120, 3360, 367.93
512, 5120, 3440, 370.61
512, 5120, 3520, 370.10
512, 5120, 3600, 368.58
512, 5120, 3680, 369.78
512, 5120, 3760, 370.69
512, 5120, 3840, 369.26
512, 5120, 3920, 370.70
512, 5120, 4000, 371.37
