bli_shgemm performance
MC = 256, KC = 2048, NC = 1024
m, n, k, GFLOPS
256, 1024, 80, 193.34
256, 1024, 160, 250.57
256, 1024, 240, 279.64
256, 1024, 320, 295.42
256, 1024, 400, 304.31
256, 1024, 480, 305.10
256, 1024, 560, 311.49
256, 1024, 640, 310.37
256, 1024, 720, 307.01
256, 1024, 800, 307.09
256, 1024, 880, 304.27
256, 1024, 960, 308.51
256, 1024, 1040, 307.55
256, 1024, 1120, 308.51
256, 1024, 1200, 305.56
256, 1024, 1280, 308.36
256, 1024, 1360, 307.58
256, 1024, 1440, 309.88
256, 1024, 1520, 309.27
256, 1024, 1600, 310.38
256, 1024, 1680, 310.35
256, 1024, 1760, 310.80
256, 1024, 1840, 310.74
256, 1024, 1920, 310.73
256, 1024, 2000, 311.03
256, 1024, 2080, 303.17
256, 1024, 2160, 318.55
256, 1024, 2240, 320.26
256, 1024, 2320, 319.41
256, 1024, 2400, 320.69
256, 1024, 2480, 319.68
256, 1024, 2560, 322.26
256, 1024, 2640, 320.85
256, 1024, 2720, 321.08
256, 1024, 2800, 319.87
256, 1024, 2880, 323.44
256, 1024, 2960, 322.43
256, 1024, 3040, 323.89
256, 1024, 3120, 321.02
256, 1024, 3200, 325.19
256, 1024, 3280, 323.75
256, 1024, 3360, 324.80
256, 1024, 3440, 323.83
256, 1024, 3520, 327.01
256, 1024, 3600, 325.69
256, 1024, 3680, 327.05
256, 1024, 3760, 325.35
256, 1024, 3840, 326.87
256, 1024, 3920, 326.05
256, 1024, 4000, 327.75
