bli_shgemm performance
MC = 640, KC = 1024, NC = 1024
m, n, k, GFLOPS
640, 1024, 80, 207.20
640, 1024, 160, 269.91
640, 1024, 240, 298.15
640, 1024, 320, 328.88
640, 1024, 400, 339.03
640, 1024, 480, 339.50
640, 1024, 560, 342.11
640, 1024, 640, 348.72
640, 1024, 720, 335.36
640, 1024, 800, 343.36
640, 1024, 880, 343.39
640, 1024, 960, 349.57
640, 1024, 1040, 325.77
640, 1024, 1120, 328.67
640, 1024, 1200, 327.33
640, 1024, 1280, 332.51
640, 1024, 1360, 331.29
640, 1024, 1440, 336.93
640, 1024, 1520, 333.62
640, 1024, 1600, 342.54
640, 1024, 1680, 332.50
640, 1024, 1760, 343.99
640, 1024, 1840, 342.01
640, 1024, 1920, 348.00
640, 1024, 2000, 346.26
640, 1024, 2080, 336.29
640, 1024, 2160, 333.98
640, 1024, 2240, 339.69
640, 1024, 2320, 337.59
640, 1024, 2400, 339.75
640, 1024, 2480, 337.90
640, 1024, 2560, 342.21
640, 1024, 2640, 341.62
640, 1024, 2720, 353.75
640, 1024, 2800, 352.51
640, 1024, 2880, 357.11
640, 1024, 2960, 354.49
640, 1024, 3040, 357.66
640, 1024, 3120, 348.26
640, 1024, 3200, 351.83
640, 1024, 3280, 349.32
640, 1024, 3360, 354.29
640, 1024, 3440, 352.79
640, 1024, 3520, 357.26
640, 1024, 3600, 354.31
640, 1024, 3680, 356.91
640, 1024, 3760, 354.76
640, 1024, 3840, 359.37
640, 1024, 3920, 356.46
640, 1024, 4000, 359.17
