bli_shgemm performance
MC = 512, KC = 2816, NC = 1024
m, n, k, GFLOPS
512, 1024, 80, 203.81
512, 1024, 160, 269.18
512, 1024, 240, 301.65
512, 1024, 320, 321.70
512, 1024, 400, 328.43
512, 1024, 480, 327.06
512, 1024, 560, 326.15
512, 1024, 640, 329.84
512, 1024, 720, 327.31
512, 1024, 800, 334.65
512, 1024, 880, 334.54
512, 1024, 960, 342.11
512, 1024, 1040, 340.31
512, 1024, 1120, 344.16
512, 1024, 1200, 345.03
512, 1024, 1280, 348.44
512, 1024, 1360, 348.47
512, 1024, 1440, 349.49
512, 1024, 1520, 350.19
512, 1024, 1600, 352.63
512, 1024, 1680, 352.74
512, 1024, 1760, 353.69
512, 1024, 1840, 354.39
512, 1024, 1920, 356.19
512, 1024, 2000, 355.74
512, 1024, 2080, 356.66
512, 1024, 2160, 356.51
512, 1024, 2240, 359.50
512, 1024, 2320, 358.99
512, 1024, 2400, 358.90
512, 1024, 2480, 358.87
512, 1024, 2560, 359.86
512, 1024, 2640, 359.20
512, 1024, 2720, 359.36
512, 1024, 2800, 358.91
512, 1024, 2880, 348.21
512, 1024, 2960, 357.24
512, 1024, 3040, 360.07
512, 1024, 3120, 357.57
512, 1024, 3200, 360.35
512, 1024, 3280, 359.12
512, 1024, 3360, 361.09
512, 1024, 3440, 358.58
512, 1024, 3520, 360.37
512, 1024, 3600, 360.81
512, 1024, 3680, 362.26
512, 1024, 3760, 360.94
512, 1024, 3840, 363.83
512, 1024, 3920, 362.91
512, 1024, 4000, 363.53
