bli_shgemm performance
MC = 512, KC = 1792, NC = 1024
m, n, k, GFLOPS
512, 1024, 80, 201.75
512, 1024, 160, 277.84
512, 1024, 240, 300.28
512, 1024, 320, 320.50
512, 1024, 400, 330.19
512, 1024, 480, 329.26
512, 1024, 560, 331.67
512, 1024, 640, 333.57
512, 1024, 720, 332.67
512, 1024, 800, 341.06
512, 1024, 880, 342.36
512, 1024, 960, 336.84
512, 1024, 1040, 337.47
512, 1024, 1120, 339.81
512, 1024, 1200, 339.71
512, 1024, 1280, 343.08
512, 1024, 1360, 343.36
512, 1024, 1440, 345.12
512, 1024, 1520, 346.60
512, 1024, 1600, 348.95
512, 1024, 1680, 347.92
512, 1024, 1760, 348.53
512, 1024, 1840, 319.40
512, 1024, 1920, 326.84
512, 1024, 2000, 329.52
512, 1024, 2080, 328.88
512, 1024, 2160, 328.58
512, 1024, 2240, 334.37
512, 1024, 2320, 334.68
512, 1024, 2400, 335.43
512, 1024, 2480, 332.10
512, 1024, 2560, 337.49
512, 1024, 2640, 334.97
512, 1024, 2720, 339.32
512, 1024, 2800, 338.62
512, 1024, 2880, 339.39
512, 1024, 2960, 340.01
512, 1024, 3040, 340.47
512, 1024, 3120, 339.92
512, 1024, 3200, 341.81
512, 1024, 3280, 341.87
512, 1024, 3360, 343.00
512, 1024, 3440, 341.67
512, 1024, 3520, 343.73
512, 1024, 3600, 329.42
512, 1024, 3680, 334.00
512, 1024, 3760, 343.42
512, 1024, 3840, 346.51
512, 1024, 3920, 346.42
512, 1024, 4000, 348.79
