bli_shgemm performance
MC = 384, KC = 3840, NC = 4096
m, n, k, GFLOPS
384, 4096, 80, 174.36
384, 4096, 160, 240.90
384, 4096, 240, 268.62
384, 4096, 320, 290.02
384, 4096, 400, 295.72
384, 4096, 480, 303.43
384, 4096, 560, 310.39
384, 4096, 640, 313.76
384, 4096, 720, 317.39
384, 4096, 800, 321.76
384, 4096, 880, 323.66
384, 4096, 960, 326.56
384, 4096, 1040, 326.58
384, 4096, 1120, 328.09
384, 4096, 1200, 328.18
384, 4096, 1280, 329.35
384, 4096, 1360, 329.61
384, 4096, 1440, 329.78
384, 4096, 1520, 329.46
384, 4096, 1600, 331.53
384, 4096, 1680, 331.78
384, 4096, 1760, 331.19
384, 4096, 1840, 331.71
384, 4096, 1920, 331.08
384, 4096, 2000, 332.15
384, 4096, 2080, 334.10
384, 4096, 2160, 332.86
384, 4096, 2240, 332.41
384, 4096, 2320, 333.90
384, 4096, 2400, 332.82
384, 4096, 2480, 332.93
384, 4096, 2560, 333.66
384, 4096, 2640, 332.71
384, 4096, 2720, 342.81
384, 4096, 2800, 345.49
384, 4096, 2880, 344.48
384, 4096, 2960, 343.77
384, 4096, 3040, 343.66
384, 4096, 3120, 342.78
384, 4096, 3200, 343.61
384, 4096, 3280, 344.03
384, 4096, 3360, 343.21
384, 4096, 3440, 341.58
384, 4096, 3520, 342.16
384, 4096, 3600, 341.46
384, 4096, 3680, 341.03
384, 4096, 3760, 340.87
384, 4096, 3840, 340.88
384, 4096, 3920, 318.40
384, 4096, 4000, 322.21
