bli_shgemm performance
MC = 512, KC = 512, NC = 5120
m, n, k, GFLOPS
80, 80, 512, 191.99
160, 160, 512, 261.27
240, 240, 512, 297.94
320, 320, 512, 319.05
400, 400, 512, 334.28
480, 480, 512, 345.83
560, 560, 512, 356.64
640, 640, 512, 354.67
720, 720, 512, 362.46
800, 800, 512, 358.28
880, 880, 512, 357.93
960, 960, 512, 361.69
1040, 1040, 512, 362.85
1120, 1120, 512, 367.24
1200, 1200, 512, 369.27
1280, 1280, 512, 357.88
1360, 1360, 512, 371.12
1440, 1440, 512, 374.95
1520, 1520, 512, 374.39
1600, 1600, 512, 372.23
1680, 1680, 512, 376.95
1760, 1760, 512, 376.39
1840, 1840, 512, 377.68
1920, 1920, 512, 371.28
2000, 2000, 512, 386.27
2080, 2080, 512, 383.77
2160, 2160, 512, 382.63
2240, 2240, 512, 383.80
2320, 2320, 512, 385.43
2400, 2400, 512, 385.20
2480, 2480, 512, 385.25
2560, 2560, 512, 375.40
2640, 2640, 512, 384.05
2720, 2720, 512, 385.25
2800, 2800, 512, 383.52
2880, 2880, 512, 384.34
2960, 2960, 512, 380.97
3040, 3040, 512, 385.17
3120, 3120, 512, 322.90
3200, 3200, 512, 346.81
3280, 3280, 512, 318.30
3360, 3360, 512, 357.57
3440, 3440, 512, 320.63
3520, 3520, 512, 353.23
3600, 3600, 512, 318.11
3680, 3680, 512, 356.37
3760, 3760, 512, 317.14
3840, 3840, 512, 331.38
3920, 3920, 512, 319.87
4000, 4000, 512, 355.31
