bli_shgemm performance
MC = 384, KC = 1280, NC = 3072
m, n, k, GFLOPS
80, 80, 1280, 200.80
160, 160, 1280, 275.94
240, 240, 1280, 314.13
320, 320, 1280, 336.37
400, 400, 1280, 348.98
480, 480, 1280, 360.37
560, 560, 1280, 365.98
640, 640, 1280, 366.47
720, 720, 1280, 374.49
800, 800, 1280, 375.71
880, 880, 1280, 353.67
960, 960, 1280, 353.19
1040, 1040, 1280, 366.69
1120, 1120, 1280, 363.25
1200, 1200, 1280, 368.13
1280, 1280, 1280, 353.16
1360, 1360, 1280, 376.51
1440, 1440, 1280, 383.78
1520, 1520, 1280, 382.40
1600, 1600, 1280, 369.04
1680, 1680, 1280, 380.31
1760, 1760, 1280, 376.30
1840, 1840, 1280, 384.06
1920, 1920, 1280, 375.21
2000, 2000, 1280, 383.50
2080, 2080, 1280, 369.78
2160, 2160, 1280, 367.93
2240, 2240, 1280, 388.86
2320, 2320, 1280, 364.91
2400, 2400, 1280, 389.31
2480, 2480, 1280, 362.78
2560, 2560, 1280, 379.16
2640, 2640, 1280, 361.69
2720, 2720, 1280, 388.96
2800, 2800, 1280, 374.13
2880, 2880, 1280, 389.34
2960, 2960, 1280, 371.10
3040, 3040, 1280, 388.95
3120, 3120, 1280, 350.76
3200, 3200, 1280, 389.79
3280, 3280, 1280, 346.28
3360, 3360, 1280, 393.87
3440, 3440, 1280, 345.45
3520, 3520, 1280, 381.54
3600, 3600, 1280, 366.50
3680, 3680, 1280, 382.57
3760, 3760, 1280, 366.80
3840, 3840, 1280, 373.10
3920, 3920, 1280, 365.41
4000, 4000, 1280, 382.76
