bli_shgemm performance
MC = 384, KC = 3840, NC = 4096
m, n, k, GFLOPS
80, 80, 3840, 205.28
160, 160, 3840, 278.51
240, 240, 3840, 313.24
320, 320, 3840, 334.31
400, 400, 3840, 291.22
480, 480, 3840, 323.57
560, 560, 3840, 342.73
640, 640, 3840, 342.83
720, 720, 3840, 360.92
800, 800, 3840, 355.08
880, 880, 3840, 365.99
960, 960, 3840, 371.15
1040, 1040, 3840, 379.13
1120, 1120, 3840, 376.38
1200, 1200, 3840, 377.74
1280, 1280, 3840, 368.89
1360, 1360, 3840, 385.26
1440, 1440, 3840, 384.67
1520, 1520, 3840, 388.33
1600, 1600, 3840, 385.20
1680, 1680, 3840, 390.04
1760, 1760, 3840, 391.58
1840, 1840, 3840, 394.06
1920, 1920, 3840, 389.30
2000, 2000, 3840, 393.06
2080, 2080, 3840, 389.98
2160, 2160, 3840, 366.38
2240, 2240, 3840, 409.44
2320, 2320, 3840, 377.05
2400, 2400, 3840, 410.17
2480, 2480, 3840, 365.10
2560, 2560, 3840, 398.82
2640, 2640, 3840, 382.14
2720, 2720, 3840, 411.58
2800, 2800, 3840, 364.45
2880, 2880, 3840, 411.70
2960, 2960, 3840, 367.74
3040, 3040, 3840, 414.32
3120, 3120, 3840, 371.09
3200, 3200, 3840, 406.74
3280, 3280, 3840, 390.85
3360, 3360, 3840, 414.99
3440, 3440, 3840, 375.54
3520, 3520, 3840, 397.17
3600, 3600, 3840, 376.47
3680, 3680, 3840, 413.84
3760, 3760, 3840, 378.60
3840, 3840, 3840, 407.44
3920, 3920, 3840, 381.30
4000, 4000, 3840, 400.61
