bli_shgemm performance
MC = 512, KC = 256, NC = 4096
m, n, k, GFLOPS
80, 80, 256, 181.61
160, 160, 256, 247.18
240, 240, 256, 281.72
320, 320, 256, 298.86
400, 400, 256, 312.05
480, 480, 256, 325.37
560, 560, 256, 328.58
640, 640, 256, 329.68
720, 720, 256, 340.96
800, 800, 256, 347.42
880, 880, 256, 347.49
960, 960, 256, 347.23
1040, 1040, 256, 345.68
1120, 1120, 256, 348.87
1200, 1200, 256, 348.44
1280, 1280, 256, 338.83
1360, 1360, 256, 350.30
1440, 1440, 256, 354.90
1520, 1520, 256, 354.56
1600, 1600, 256, 354.15
1680, 1680, 256, 354.37
1760, 1760, 256, 354.78
1840, 1840, 256, 355.64
1920, 1920, 256, 349.11
2000, 2000, 256, 355.94
2080, 2080, 256, 352.28
2160, 2160, 256, 352.58
2240, 2240, 256, 350.88
2320, 2320, 256, 352.41
2400, 2400, 256, 353.76
2480, 2480, 256, 352.79
2560, 2560, 256, 334.25
2640, 2640, 256, 351.64
2720, 2720, 256, 351.57
2800, 2800, 256, 349.65
2880, 2880, 256, 350.08
2960, 2960, 256, 348.64
3040, 3040, 256, 350.37
3120, 3120, 256, 345.65
3200, 3200, 256, 346.15
3280, 3280, 256, 346.01
3360, 3360, 256, 347.04
3440, 3440, 256, 342.57
3520, 3520, 256, 344.49
3600, 3600, 256, 330.75
3680, 3680, 256, 343.97
3760, 3760, 256, 336.18
3840, 3840, 256, 332.95
3920, 3920, 256, 332.72
4000, 4000, 256, 303.50
