bli_shgemm performance
MC = 512, KC = 1024, NC = 2048
m, n, k, GFLOPS
80, 80, 1024, 197.84
160, 160, 1024, 273.02
240, 240, 1024, 310.96
320, 320, 1024, 330.99
400, 400, 1024, 344.68
480, 480, 1024, 353.44
560, 560, 1024, 358.38
640, 640, 1024, 361.13
720, 720, 1024, 369.88
800, 800, 1024, 374.34
880, 880, 1024, 375.97
960, 960, 1024, 378.79
1040, 1040, 1024, 383.08
1120, 1120, 1024, 380.14
1200, 1200, 1024, 386.61
1280, 1280, 1024, 378.03
1360, 1360, 1024, 390.06
1440, 1440, 1024, 387.60
1520, 1520, 1024, 393.59
1600, 1600, 1024, 386.84
1680, 1680, 1024, 393.36
1760, 1760, 1024, 389.31
1840, 1840, 1024, 396.53
1920, 1920, 1024, 388.57
2000, 2000, 1024, 398.57
2080, 2080, 1024, 375.74
2160, 2160, 1024, 352.72
2240, 2240, 1024, 374.92
2320, 2320, 1024, 348.62
2400, 2400, 1024, 377.77
2480, 2480, 1024, 351.84
2560, 2560, 1024, 379.13
2640, 2640, 1024, 360.43
2720, 2720, 1024, 390.83
2800, 2800, 1024, 358.26
2880, 2880, 1024, 391.67
2960, 2960, 1024, 357.02
3040, 3040, 1024, 373.38
3120, 3120, 1024, 350.97
3200, 3200, 1024, 370.46
3280, 3280, 1024, 349.20
3360, 3360, 1024, 372.62
3440, 3440, 1024, 346.82
3520, 3520, 1024, 373.06
3600, 3600, 1024, 344.93
3680, 3680, 1024, 372.10
3760, 3760, 1024, 344.49
3840, 3840, 1024, 365.44
3920, 3920, 1024, 339.87
4000, 4000, 1024, 375.59
