bli_shgemm performance
MC = 512, KC = 3072, NC = 4096
m, n, k, GFLOPS
80, 80, 3072, 204.10
160, 160, 3072, 280.33
240, 240, 3072, 312.52
320, 320, 3072, 336.40
400, 400, 3072, 353.74
480, 480, 3072, 365.05
560, 560, 3072, 367.95
640, 640, 3072, 370.55
720, 720, 3072, 380.13
800, 800, 3072, 385.79
880, 880, 3072, 390.07
960, 960, 3072, 392.26
1040, 1040, 3072, 394.47
1120, 1120, 3072, 395.88
1200, 1200, 3072, 397.72
1280, 1280, 3072, 399.09
1360, 1360, 3072, 403.12
1440, 1440, 3072, 403.64
1520, 1520, 3072, 404.94
1600, 1600, 3072, 404.67
1680, 1680, 3072, 408.32
1760, 1760, 3072, 406.29
1840, 1840, 3072, 412.38
1920, 1920, 3072, 406.16
2000, 2000, 3072, 414.12
2080, 2080, 3072, 404.34
2160, 2160, 3072, 364.88
2240, 2240, 3072, 404.16
2320, 2320, 3072, 362.67
2400, 2400, 3072, 406.41
2480, 2480, 3072, 364.96
2560, 2560, 3072, 410.58
2640, 2640, 3072, 362.32
2720, 2720, 3072, 407.89
2800, 2800, 3072, 360.00
2880, 2880, 3072, 407.23
2960, 2960, 3072, 364.70
3040, 3040, 3072, 409.07
3120, 3120, 3072, 367.18
3200, 3200, 3072, 407.40
3280, 3280, 3072, 359.70
3360, 3360, 3072, 409.62
3440, 3440, 3072, 360.52
3520, 3520, 3072, 410.19
3600, 3600, 3072, 387.56
3680, 3680, 3072, 411.16
3760, 3760, 3072, 388.74
3840, 3840, 3072, 410.89
3920, 3920, 3072, 390.46
4000, 4000, 3072, 413.77
