bli_shgemm performance
MC = 384, KC = 3328, NC = 4096
m, n, k, GFLOPS
80, 80, 3328, 205.13
160, 160, 3328, 279.87
240, 240, 3328, 312.29
320, 320, 3328, 336.38
400, 400, 3328, 346.40
480, 480, 3328, 359.95
560, 560, 3328, 371.52
640, 640, 3328, 357.08
720, 720, 3328, 364.57
800, 800, 3328, 358.84
880, 880, 3328, 368.72
960, 960, 3328, 375.32
1040, 1040, 3328, 382.78
1120, 1120, 3328, 379.90
1200, 1200, 3328, 382.60
1280, 1280, 3328, 372.21
1360, 1360, 3328, 389.84
1440, 1440, 3328, 392.72
1520, 1520, 3328, 393.45
1600, 1600, 3328, 389.22
1680, 1680, 3328, 394.52
1760, 1760, 3328, 395.61
1840, 1840, 3328, 399.03
1920, 1920, 3328, 392.49
2000, 2000, 3328, 397.95
2080, 2080, 3328, 392.74
2160, 2160, 3328, 370.22
2240, 2240, 3328, 408.75
2320, 2320, 3328, 368.14
2400, 2400, 3328, 409.15
2480, 2480, 3328, 369.50
2560, 2560, 3328, 402.91
2640, 2640, 3328, 373.36
2720, 2720, 3328, 417.22
2800, 2800, 3328, 368.05
2880, 2880, 3328, 411.57
2960, 2960, 3328, 370.28
3040, 3040, 3328, 413.26
3120, 3120, 3328, 370.29
3200, 3200, 3328, 411.72
3280, 3280, 3328, 371.11
3360, 3360, 3328, 413.96
3440, 3440, 3328, 372.44
3520, 3520, 3328, 413.60
3600, 3600, 3328, 371.22
3680, 3680, 3328, 415.97
3760, 3760, 3328, 373.96
3840, 3840, 3328, 410.16
3920, 3920, 3328, 374.28
4000, 4000, 3328, 415.87
