bli_shgemm performance
MC = 640, KC = 1792, NC = 4096
m, n, k, GFLOPS
80, 80, 1792, 200.93
160, 160, 1792, 276.86
240, 240, 1792, 313.60
320, 320, 1792, 333.76
400, 400, 1792, 348.31
480, 480, 1792, 359.71
560, 560, 1792, 371.91
640, 640, 1792, 353.83
720, 720, 1792, 352.77
800, 800, 1792, 359.84
880, 880, 1792, 367.16
960, 960, 1792, 369.45
1040, 1040, 1792, 379.49
1120, 1120, 1792, 380.29
1200, 1200, 1792, 386.00
1280, 1280, 1792, 371.34
1360, 1360, 1792, 385.30
1440, 1440, 1792, 383.87
1520, 1520, 1792, 392.32
1600, 1600, 1792, 387.00
1680, 1680, 1792, 396.54
1760, 1760, 1792, 392.88
1840, 1840, 1792, 400.43
1920, 1920, 1792, 398.50
2000, 2000, 1792, 398.32
2080, 2080, 1792, 386.88
2160, 2160, 1792, 375.59
2240, 2240, 1792, 400.31
2320, 2320, 1792, 374.03
2400, 2400, 1792, 401.42
2480, 2480, 1792, 372.64
2560, 2560, 1792, 393.25
2640, 2640, 1792, 370.92
2720, 2720, 1792, 400.51
2800, 2800, 1792, 367.87
2880, 2880, 1792, 400.28
2960, 2960, 1792, 367.05
3040, 3040, 1792, 401.57
3120, 3120, 1792, 367.85
3200, 3200, 1792, 400.43
3280, 3280, 1792, 364.34
3360, 3360, 1792, 401.82
3440, 3440, 1792, 361.90
3520, 3520, 1792, 401.66
3600, 3600, 1792, 382.29
3680, 3680, 1792, 404.16
3760, 3760, 1792, 384.75
3840, 3840, 1792, 397.46
3920, 3920, 1792, 383.09
4000, 4000, 1792, 405.06
