bli_shgemm performance
MC = 256, KC = 2048, NC = 1024
m, n, k, GFLOPS
80, 80, 2048, 198.44
160, 160, 2048, 273.94
240, 240, 2048, 314.11
320, 320, 2048, 333.59
400, 400, 2048, 350.07
480, 480, 2048, 355.44
560, 560, 2048, 364.48
640, 640, 2048, 366.29
720, 720, 2048, 374.79
800, 800, 2048, 375.76
880, 880, 2048, 382.10
960, 960, 2048, 382.83
1040, 1040, 2048, 367.46
1120, 1120, 2048, 371.41
1200, 1200, 2048, 378.45
1280, 1280, 2048, 376.09
1360, 1360, 2048, 381.80
1440, 1440, 2048, 384.55
1520, 1520, 2048, 386.28
1600, 1600, 2048, 386.06
1680, 1680, 2048, 387.52
1760, 1760, 2048, 389.72
1840, 1840, 2048, 388.68
1920, 1920, 2048, 389.18
2000, 2000, 2048, 391.67
2080, 2080, 2048, 383.45
2160, 2160, 2048, 365.08
2240, 2240, 2048, 387.65
2320, 2320, 2048, 365.06
2400, 2400, 2048, 388.92
2480, 2480, 2048, 366.76
2560, 2560, 2048, 386.95
2640, 2640, 2048, 366.75
2720, 2720, 2048, 391.28
2800, 2800, 2048, 367.09
2880, 2880, 2048, 382.88
2960, 2960, 2048, 363.85
3040, 3040, 2048, 383.85
3120, 3120, 2048, 359.68
3200, 3200, 2048, 369.39
3280, 3280, 2048, 349.11
3360, 3360, 2048, 368.32
3440, 3440, 2048, 349.40
3520, 3520, 2048, 370.71
3600, 3600, 2048, 349.35
3680, 3680, 2048, 370.86
3760, 3760, 2048, 351.86
3840, 3840, 2048, 367.79
3920, 3920, 2048, 352.80
4000, 4000, 2048, 374.11
