bli_shgemm performance
MC = 512, KC = 1024, NC = 4096
m, n, k, GFLOPS
80, 80, 1024, 198.66
160, 160, 1024, 273.03
240, 240, 1024, 310.25
320, 320, 1024, 331.76
400, 400, 1024, 346.07
480, 480, 1024, 352.21
560, 560, 1024, 358.30
640, 640, 1024, 362.80
720, 720, 1024, 369.29
800, 800, 1024, 372.37
880, 880, 1024, 375.35
960, 960, 1024, 376.92
1040, 1040, 1024, 379.72
1120, 1120, 1024, 381.03
1200, 1200, 1024, 382.54
1280, 1280, 1024, 379.26
1360, 1360, 1024, 387.01
1440, 1440, 1024, 388.10
1520, 1520, 1024, 391.41
1600, 1600, 1024, 387.79
1680, 1680, 1024, 391.34
1760, 1760, 1024, 391.14
1840, 1840, 1024, 394.21
1920, 1920, 1024, 390.45
2000, 2000, 1024, 396.45
2080, 2080, 1024, 390.65
2160, 2160, 1024, 374.34
2240, 2240, 1024, 391.54
2320, 2320, 1024, 372.05
2400, 2400, 1024, 393.04
2480, 2480, 1024, 371.17
2560, 2560, 1024, 387.40
2640, 2640, 1024, 368.65
2720, 2720, 1024, 392.00
2800, 2800, 1024, 363.83
2880, 2880, 1024, 392.17
2960, 2960, 1024, 362.45
3040, 3040, 1024, 391.46
3120, 3120, 1024, 358.25
3200, 3200, 1024, 388.80
3280, 3280, 1024, 356.64
3360, 3360, 1024, 391.74
3440, 3440, 1024, 352.14
3520, 3520, 1024, 392.26
3600, 3600, 1024, 350.16
3680, 3680, 1024, 390.48
3760, 3760, 1024, 351.59
3840, 3840, 1024, 388.07
3920, 3920, 1024, 349.33
4000, 4000, 1024, 393.14
