bli_shgemm performance
MC = 384, KC = 512, NC = 1024
m, n, k, GFLOPS
80, 80, 512, 192.73
160, 160, 512, 263.28
240, 240, 512, 297.81
320, 320, 512, 322.05
400, 400, 512, 331.95
480, 480, 512, 344.34
560, 560, 512, 353.33
640, 640, 512, 358.02
720, 720, 512, 362.50
800, 800, 512, 364.95
880, 880, 512, 363.36
960, 960, 512, 358.62
1040, 1040, 512, 346.77
1120, 1120, 512, 350.26
1200, 1200, 512, 353.92
1280, 1280, 512, 347.50
1360, 1360, 512, 358.88
1440, 1440, 512, 360.45
1520, 1520, 512, 364.08
1600, 1600, 512, 361.79
1680, 1680, 512, 367.74
1760, 1760, 512, 367.94
1840, 1840, 512, 368.10
1920, 1920, 512, 363.94
2000, 2000, 512, 371.92
2080, 2080, 512, 359.45
2160, 2160, 512, 321.87
2240, 2240, 512, 358.71
2320, 2320, 512, 323.38
2400, 2400, 512, 361.45
2480, 2480, 512, 324.26
2560, 2560, 512, 340.60
2640, 2640, 512, 321.82
2720, 2720, 512, 364.29
2800, 2800, 512, 320.92
2880, 2880, 512, 362.12
2960, 2960, 512, 319.23
3040, 3040, 512, 356.94
3120, 3120, 512, 308.22
3200, 3200, 512, 340.17
3280, 3280, 512, 300.89
3360, 3360, 512, 348.80
3440, 3440, 512, 295.07
3520, 3520, 512, 346.63
3600, 3600, 512, 293.44
3680, 3680, 512, 349.98
3760, 3760, 512, 289.60
3840, 3840, 512, 326.95
3920, 3920, 512, 289.19
4000, 4000, 512, 348.63
