bli_shgemm performance
MC = 384, KC = 3840, NC = 2048
m, n, k, GFLOPS
80, 80, 3840, 205.36
160, 160, 3840, 277.84
240, 240, 3840, 313.46
320, 320, 3840, 336.25
400, 400, 3840, 343.99
480, 480, 3840, 360.68
560, 560, 3840, 371.47
640, 640, 3840, 372.58
720, 720, 3840, 386.44
800, 800, 3840, 384.64
880, 880, 3840, 389.33
960, 960, 3840, 390.41
1040, 1040, 3840, 399.70
1120, 1120, 3840, 399.64
1200, 1200, 3840, 400.58
1280, 1280, 3840, 400.82
1360, 1360, 3840, 407.29
1440, 1440, 3840, 406.68
1520, 1520, 3840, 410.60
1600, 1600, 3840, 406.64
1680, 1680, 3840, 409.95
1760, 1760, 3840, 409.62
1840, 1840, 3840, 414.71
1920, 1920, 3840, 411.61
2000, 2000, 3840, 414.38
2080, 2080, 3840, 405.93
2160, 2160, 3840, 366.45
2240, 2240, 3840, 407.25
2320, 2320, 3840, 365.49
2400, 2400, 3840, 410.36
2480, 2480, 3840, 388.97
2560, 2560, 3840, 397.09
2640, 2640, 3840, 386.33
2720, 2720, 3840, 402.34
2800, 2800, 3840, 386.35
2880, 2880, 3840, 405.30
2960, 2960, 3840, 388.65
3040, 3040, 3840, 404.89
3120, 3120, 3840, 391.77
3200, 3200, 3840, 406.76
3280, 3280, 3840, 373.76
3360, 3360, 3840, 388.62
3440, 3440, 3840, 374.30
3520, 3520, 3840, 389.35
3600, 3600, 3840, 374.63
3680, 3680, 3840, 390.16
3760, 3760, 3840, 379.96
3840, 3840, 3840, 408.29
3920, 3920, 3840, 377.19
4000, 4000, 3840, 391.98
