bli_shgemm performance
MC = 384, KC = 1280, NC = 5120
m, n, k, GFLOPS
80, 80, 1280, 201.06
160, 160, 1280, 275.79
240, 240, 1280, 314.45
320, 320, 1280, 337.10
400, 400, 1280, 348.10
480, 480, 1280, 327.81
560, 560, 1280, 339.60
640, 640, 1280, 342.83
720, 720, 1280, 336.88
800, 800, 1280, 350.14
880, 880, 1280, 348.03
960, 960, 1280, 353.81
1040, 1040, 1280, 357.66
1120, 1120, 1280, 362.05
1200, 1200, 1280, 360.39
1280, 1280, 1280, 354.34
1360, 1360, 1280, 368.34
1440, 1440, 1280, 371.05
1520, 1520, 1280, 373.55
1600, 1600, 1280, 370.56
1680, 1680, 1280, 373.22
1760, 1760, 1280, 374.64
1840, 1840, 1280, 378.84
1920, 1920, 1280, 375.18
2000, 2000, 1280, 378.87
2080, 2080, 1280, 367.63
2160, 2160, 1280, 341.19
2240, 2240, 1280, 369.40
2320, 2320, 1280, 360.69
2400, 2400, 1280, 389.25
2480, 2480, 1280, 365.15
2560, 2560, 1280, 380.05
2640, 2640, 1280, 362.20
2720, 2720, 1280, 386.97
2800, 2800, 1280, 359.10
2880, 2880, 1280, 385.77
2960, 2960, 1280, 355.37
3040, 3040, 1280, 387.31
3120, 3120, 1280, 355.35
3200, 3200, 1280, 383.17
3280, 3280, 1280, 352.30
3360, 3360, 1280, 386.99
3440, 3440, 1280, 351.02
3520, 3520, 1280, 384.98
3600, 3600, 1280, 348.21
3680, 3680, 1280, 387.00
3760, 3760, 1280, 360.58
3840, 3840, 1280, 379.49
3920, 3920, 1280, 361.72
4000, 4000, 1280, 387.63
