bli_shgemm performance
MC = 384, KC = 512, NC = 3072
m, n, k, GFLOPS
80, 80, 512, 190.85
160, 160, 512, 263.62
240, 240, 512, 298.41
320, 320, 512, 319.48
400, 400, 512, 334.66
480, 480, 512, 347.27
560, 560, 512, 354.52
640, 640, 512, 356.46
720, 720, 512, 358.50
800, 800, 512, 358.95
880, 880, 512, 360.62
960, 960, 512, 362.49
1040, 1040, 512, 365.19
1120, 1120, 512, 368.28
1200, 1200, 512, 371.79
1280, 1280, 512, 361.06
1360, 1360, 512, 372.90
1440, 1440, 512, 375.63
1520, 1520, 512, 383.54
1600, 1600, 512, 379.92
1680, 1680, 512, 384.21
1760, 1760, 512, 384.32
1840, 1840, 512, 381.19
1920, 1920, 512, 377.21
2000, 2000, 512, 384.09
2080, 2080, 512, 384.25
2160, 2160, 512, 383.30
2240, 2240, 512, 383.95
2320, 2320, 512, 383.15
2400, 2400, 512, 384.74
2480, 2480, 512, 382.66
2560, 2560, 512, 374.85
2640, 2640, 512, 383.19
2720, 2720, 512, 384.05
2800, 2800, 512, 384.56
2880, 2880, 512, 383.34
2960, 2960, 512, 382.24
3040, 3040, 512, 384.32
3120, 3120, 512, 373.76
3200, 3200, 512, 372.22
3280, 3280, 512, 372.60
3360, 3360, 512, 378.85
3440, 3440, 512, 373.87
3520, 3520, 512, 347.49
3600, 3600, 512, 302.17
3680, 3680, 512, 351.85
3760, 3760, 512, 300.66
3840, 3840, 512, 327.34
3920, 3920, 512, 301.28
4000, 4000, 512, 351.22
