bli_shgemm performance
MC = 640, KC = 2304, NC = 1024
m, n, k, GFLOPS
80, 80, 2304, 203.39
160, 160, 2304, 280.60
240, 240, 2304, 315.82
320, 320, 2304, 337.67
400, 400, 2304, 351.78
480, 480, 2304, 363.92
560, 560, 2304, 374.03
640, 640, 2304, 372.40
720, 720, 2304, 380.77
800, 800, 2304, 383.16
880, 880, 2304, 388.52
960, 960, 2304, 391.80
1040, 1040, 2304, 381.97
1120, 1120, 2304, 381.90
1200, 1200, 2304, 388.41
1280, 1280, 2304, 382.86
1360, 1360, 2304, 391.48
1440, 1440, 2304, 388.69
1520, 1520, 2304, 395.77
1600, 1600, 2304, 390.72
1680, 1680, 2304, 398.94
1760, 1760, 2304, 401.16
1840, 1840, 2304, 402.49
1920, 1920, 2304, 402.05
2000, 2000, 2304, 403.37
2080, 2080, 2304, 395.26
2160, 2160, 2304, 375.99
2240, 2240, 2304, 398.52
2320, 2320, 2304, 376.55
2400, 2400, 2304, 401.33
2480, 2480, 2304, 379.77
2560, 2560, 2304, 399.22
2640, 2640, 2304, 378.80
2720, 2720, 2304, 403.36
2800, 2800, 2304, 378.71
2880, 2880, 2304, 394.98
2960, 2960, 2304, 374.58
3040, 3040, 2304, 394.74
3120, 3120, 2304, 373.28
3200, 3200, 2304, 374.42
3280, 3280, 2304, 372.12
3360, 3360, 2304, 391.87
3440, 3440, 2304, 370.45
3520, 3520, 2304, 394.42
3600, 3600, 2304, 371.53
3680, 3680, 2304, 395.28
3760, 3760, 2304, 375.31
3840, 3840, 2304, 374.68
3920, 3920, 2304, 360.42
4000, 4000, 2304, 380.11
