bli_shgemm performance
MC = 640, KC = 256, NC = 5120
m, n, k, GFLOPS
80, 80, 256, 179.84
160, 160, 256, 247.22
240, 240, 256, 280.90
320, 320, 256, 299.61
400, 400, 256, 315.87
480, 480, 256, 326.30
560, 560, 256, 329.91
640, 640, 256, 330.18
720, 720, 256, 341.34
800, 800, 256, 341.92
880, 880, 256, 339.55
960, 960, 256, 342.74
1040, 1040, 256, 345.06
1120, 1120, 256, 345.93
1200, 1200, 256, 346.45
1280, 1280, 256, 328.21
1360, 1360, 256, 344.72
1440, 1440, 256, 351.41
1520, 1520, 256, 349.52
1600, 1600, 256, 351.41
1680, 1680, 256, 351.71
1760, 1760, 256, 354.78
1840, 1840, 256, 348.99
1920, 1920, 256, 345.69
2000, 2000, 256, 323.26
2080, 2080, 256, 344.80
2160, 2160, 256, 278.25
2240, 2240, 256, 344.57
2320, 2320, 256, 302.81
2400, 2400, 256, 347.14
2480, 2480, 256, 300.28
2560, 2560, 256, 324.62
2640, 2640, 256, 299.65
2720, 2720, 256, 346.79
2800, 2800, 256, 301.15
2880, 2880, 256, 348.53
2960, 2960, 256, 302.96
3040, 3040, 256, 350.17
3120, 3120, 256, 305.87
3200, 3200, 256, 347.21
3280, 3280, 256, 264.95
3360, 3360, 256, 312.41
3440, 3440, 256, 257.40
3520, 3520, 256, 308.24
3600, 3600, 256, 256.17
3680, 3680, 256, 308.36
3760, 3760, 256, 255.69
3840, 3840, 256, 286.15
3920, 3920, 256, 255.97
4000, 4000, 256, 306.13
