bli_shgemm performance
MC = 640, KC = 3584, NC = 2048
m, n, k, GFLOPS
80, 80, 3584, 205.15
160, 160, 3584, 278.97
240, 240, 3584, 313.28
320, 320, 3584, 337.73
400, 400, 3584, 354.03
480, 480, 3584, 362.73
560, 560, 3584, 346.79
640, 640, 3584, 302.26
720, 720, 3584, 315.64
800, 800, 3584, 321.89
880, 880, 3584, 330.10
960, 960, 3584, 336.57
1040, 1040, 3584, 345.97
1120, 1120, 3584, 348.69
1200, 1200, 3584, 344.61
1280, 1280, 3584, 314.64
1360, 1360, 3584, 325.66
1440, 1440, 3584, 328.31
1520, 1520, 3584, 334.85
1600, 1600, 3584, 335.98
1680, 1680, 3584, 342.30
1760, 1760, 3584, 342.81
1840, 1840, 3584, 341.21
1920, 1920, 3584, 322.89
2000, 2000, 3584, 232.93
2080, 2080, 3584, 236.50
2160, 2160, 3584, 306.87
2240, 2240, 3584, 336.73
2320, 2320, 3584, 311.29
2400, 2400, 3584, 342.75
2480, 2480, 3584, 317.70
2560, 2560, 3584, 325.91
2640, 2640, 3584, 307.78
2720, 2720, 3584, 325.05
2800, 2800, 3584, 233.12
2880, 2880, 3584, 241.80
2960, 2960, 3584, 238.68
3040, 3040, 3584, 244.77
3120, 3120, 3584, 333.73
3200, 3200, 3584, 317.92
3280, 3280, 3584, 228.99
3360, 3360, 3584, 235.58
3440, 3440, 3584, 233.14
3520, 3520, 3584, 240.88
3600, 3600, 3584, 237.42
3680, 3680, 3584, 243.42
3760, 3760, 3584, 278.86
3840, 3840, 3584, 322.02
3920, 3920, 3584, 302.41
4000, 4000, 3584, 271.87
