bli_shgemm performance
MC = 512, KC = 3584, NC = 1024
m, n, k, GFLOPS
80, 80, 3584, 204.83
160, 160, 3584, 278.91
240, 240, 3584, 312.23
320, 320, 3584, 336.13
400, 400, 3584, 353.35
480, 480, 3584, 363.99
560, 560, 3584, 357.29
640, 640, 3584, 369.40
720, 720, 3584, 383.42
800, 800, 3584, 385.98
880, 880, 3584, 377.78
960, 960, 3584, 392.17
1040, 1040, 3584, 374.63
1120, 1120, 3584, 380.09
1200, 1200, 3584, 386.20
1280, 1280, 3584, 382.37
1360, 1360, 3584, 392.70
1440, 1440, 3584, 392.95
1520, 1520, 3584, 397.12
1600, 1600, 3584, 389.36
1680, 1680, 3584, 371.11
1760, 1760, 3584, 372.83
1840, 1840, 3584, 375.60
1920, 1920, 3584, 376.39
2000, 2000, 3584, 376.30
2080, 2080, 3584, 364.88
2160, 2160, 3584, 353.97
2240, 2240, 3584, 369.79
2320, 2320, 3584, 357.30
2400, 2400, 3584, 373.64
2480, 2480, 3584, 360.11
2560, 2560, 3584, 367.45
2640, 2640, 3584, 355.67
2720, 2720, 3584, 376.08
2800, 2800, 3584, 365.05
2880, 2880, 3584, 374.16
2960, 2960, 3584, 367.08
3040, 3040, 3584, 372.97
3120, 3120, 3584, 358.81
3200, 3200, 3584, 368.31
3280, 3280, 3584, 360.33
3360, 3360, 3584, 371.27
3440, 3440, 3584, 363.72
3520, 3520, 3584, 373.40
3600, 3600, 3584, 360.18
3680, 3680, 3584, 371.09
3760, 3760, 3584, 363.19
3840, 3840, 3584, 371.33
3920, 3920, 3584, 365.41
4000, 4000, 3584, 375.76
