bli_shgemm performance
MC = 384, KC = 2048, NC = 2048
m, n, k, GFLOPS
80, 80, 2048, 197.85
160, 160, 2048, 275.66
240, 240, 2048, 311.81
320, 320, 2048, 329.97
400, 400, 2048, 344.03
480, 480, 2048, 357.04
560, 560, 2048, 366.67
640, 640, 2048, 365.29
720, 720, 2048, 376.67
800, 800, 2048, 378.44
880, 880, 2048, 385.00
960, 960, 2048, 386.73
1040, 1040, 2048, 393.49
1120, 1120, 2048, 393.89
1200, 1200, 2048, 395.79
1280, 1280, 2048, 389.38
1360, 1360, 2048, 400.31
1440, 1440, 2048, 398.24
1520, 1520, 2048, 403.67
1600, 1600, 2048, 403.62
1680, 1680, 2048, 407.50
1760, 1760, 2048, 408.95
1840, 1840, 2048, 409.84
1920, 1920, 2048, 407.11
2000, 2000, 2048, 409.17
2080, 2080, 2048, 393.32
2160, 2160, 2048, 378.90
2240, 2240, 2048, 401.91
2320, 2320, 2048, 379.75
2400, 2400, 2048, 403.67
2480, 2480, 2048, 368.73
2560, 2560, 2048, 385.36
2640, 2640, 2048, 358.26
2720, 2720, 2048, 392.66
2800, 2800, 2048, 356.78
2880, 2880, 2048, 393.39
2960, 2960, 2048, 360.37
3040, 3040, 2048, 395.34
3120, 3120, 2048, 359.11
3200, 3200, 2048, 393.63
3280, 3280, 2048, 359.76
3360, 3360, 2048, 396.30
3440, 3440, 2048, 359.29
3520, 3520, 2048, 395.87
3600, 3600, 2048, 358.85
3680, 3680, 2048, 398.03
3760, 3760, 2048, 359.45
3840, 3840, 2048, 393.73
3920, 3920, 2048, 359.02
4000, 4000, 2048, 399.38
