bli_shgemm performance
MC = 512, KC = 3840, NC = 4096
m, n, k, GFLOPS
80, 80, 3840, 205.07
160, 160, 3840, 275.85
240, 240, 3840, 313.21
320, 320, 3840, 335.65
400, 400, 3840, 317.57
480, 480, 3840, 307.41
560, 560, 3840, 300.04
640, 640, 3840, 307.78
720, 720, 3840, 322.98
800, 800, 3840, 330.75
880, 880, 3840, 332.13
960, 960, 3840, 318.82
1040, 1040, 3840, 309.56
1120, 1120, 3840, 314.71
1200, 1200, 3840, 322.84
1280, 1280, 3840, 323.19
1360, 1360, 3840, 332.21
1440, 1440, 3840, 324.04
1520, 1520, 3840, 319.82
1600, 1600, 3840, 317.29
1680, 1680, 3840, 323.93
1760, 1760, 3840, 326.29
1840, 1840, 3840, 331.58
1920, 1920, 3840, 325.16
2000, 2000, 3840, 253.52
2080, 2080, 3840, 247.79
2160, 2160, 3840, 288.11
2240, 2240, 3840, 322.85
2320, 2320, 3840, 301.89
2400, 2400, 3840, 327.75
2480, 2480, 3840, 290.74
2560, 2560, 3840, 313.91
2640, 2640, 3840, 289.96
2720, 2720, 3840, 322.85
2800, 2800, 3840, 294.92
2880, 2880, 3840, 331.65
2960, 2960, 3840, 299.30
3040, 3040, 3840, 252.31
3120, 3120, 3840, 296.80
3200, 3200, 3840, 320.29
3280, 3280, 3840, 300.69
3360, 3360, 3840, 326.05
3440, 3440, 3840, 301.94
3520, 3520, 3840, 252.79
3600, 3600, 3840, 245.87
3680, 3680, 3840, 252.74
3760, 3760, 3840, 320.17
3840, 3840, 3840, 328.66
3920, 3920, 3840, 320.80
4000, 4000, 3840, 324.28
