bli_shgemm performance
MC = 256, KC = 2816, NC = 4096
m, n, k, GFLOPS
80, 80, 2816, 204.07
160, 160, 2816, 281.38
240, 240, 2816, 312.26
320, 320, 2816, 333.18
400, 400, 2816, 344.07
480, 480, 2816, 358.35
560, 560, 2816, 366.47
640, 640, 2816, 367.69
720, 720, 2816, 380.58
800, 800, 2816, 380.19
880, 880, 2816, 388.04
960, 960, 2816, 390.99
1040, 1040, 2816, 392.47
1120, 1120, 2816, 392.31
1200, 1200, 2816, 397.73
1280, 1280, 2816, 390.41
1360, 1360, 2816, 399.72
1440, 1440, 2816, 399.18
1520, 1520, 2816, 403.53
1600, 1600, 2816, 400.28
1680, 1680, 2816, 404.13
1760, 1760, 2816, 402.47
1840, 1840, 2816, 404.87
1920, 1920, 2816, 400.22
2000, 2000, 2816, 407.65
2080, 2080, 2816, 398.72
2160, 2160, 2816, 367.46
2240, 2240, 2816, 399.97
2320, 2320, 2816, 367.08
2400, 2400, 2816, 400.82
2480, 2480, 2816, 365.37
2560, 2560, 2816, 394.49
2640, 2640, 2816, 363.95
2720, 2720, 2816, 402.86
2800, 2800, 2816, 364.04
2880, 2880, 2816, 401.76
2960, 2960, 2816, 363.90
3040, 3040, 2816, 406.29
3120, 3120, 2816, 363.72
3200, 3200, 2816, 402.18
3280, 3280, 2816, 362.21
3360, 3360, 2816, 406.53
3440, 3440, 2816, 362.23
3520, 3520, 2816, 406.90
3600, 3600, 2816, 361.37
3680, 3680, 2816, 407.93
3760, 3760, 2816, 364.74
3840, 3840, 2816, 402.62
3920, 3920, 2816, 390.47
4000, 4000, 2816, 407.76
