bli_shgemm performance
MC = 640, KC = 3328, NC = 3072
m, n, k, GFLOPS
80, 80, 3328, 204.86
160, 160, 3328, 277.55
240, 240, 3328, 312.01
320, 320, 3328, 336.52
400, 400, 3328, 354.07
480, 480, 3328, 364.67
560, 560, 3328, 362.20
640, 640, 3328, 328.34
720, 720, 3328, 347.19
800, 800, 3328, 353.77
880, 880, 3328, 359.76
960, 960, 3328, 363.44
1040, 1040, 3328, 359.39
1120, 1120, 3328, 361.37
1200, 1200, 3328, 371.13
1280, 1280, 3328, 349.56
1360, 1360, 3328, 357.24
1440, 1440, 3328, 364.91
1520, 1520, 3328, 365.32
1600, 1600, 3328, 365.91
1680, 1680, 3328, 371.75
1760, 1760, 3328, 371.08
1840, 1840, 3328, 375.10
1920, 1920, 3328, 385.69
2000, 2000, 3328, 365.24
2080, 2080, 3328, 369.91
2160, 2160, 3328, 333.34
2240, 2240, 3328, 362.97
2320, 2320, 3328, 334.55
2400, 2400, 3328, 372.33
2480, 2480, 3328, 332.87
2560, 2560, 3328, 370.78
2640, 2640, 3328, 351.71
2720, 2720, 3328, 376.08
2800, 2800, 3328, 364.35
2880, 2880, 3328, 380.71
2960, 2960, 3328, 348.30
3040, 3040, 3328, 384.69
3120, 3120, 3328, 353.70
3200, 3200, 3328, 359.34
3280, 3280, 3328, 349.81
3360, 3360, 3328, 363.45
3440, 3440, 3328, 352.58
3520, 3520, 3328, 367.26
3600, 3600, 3328, 353.70
3680, 3680, 3328, 368.87
3760, 3760, 3328, 342.25
3840, 3840, 3328, 357.43
3920, 3920, 3328, 337.17
4000, 4000, 3328, 365.89
