bli_shgemm performance
MC = 384, KC = 1792, NC = 5120
m, n, k, GFLOPS
80, 80, 1792, 202.52
160, 160, 1792, 278.67
240, 240, 1792, 318.07
320, 320, 1792, 334.87
400, 400, 1792, 347.56
480, 480, 1792, 357.67
560, 560, 1792, 365.94
640, 640, 1792, 367.00
720, 720, 1792, 378.30
800, 800, 1792, 385.69
880, 880, 1792, 385.08
960, 960, 1792, 386.14
1040, 1040, 1792, 391.74
1120, 1120, 1792, 392.38
1200, 1200, 1792, 394.50
1280, 1280, 1792, 389.55
1360, 1360, 1792, 398.61
1440, 1440, 1792, 398.71
1520, 1520, 1792, 402.46
1600, 1600, 1792, 395.50
1680, 1680, 1792, 403.22
1760, 1760, 1792, 400.45
1840, 1840, 1792, 404.01
1920, 1920, 1792, 399.37
2000, 2000, 1792, 403.97
2080, 2080, 1792, 396.41
2160, 2160, 1792, 384.83
2240, 2240, 1792, 396.07
2320, 2320, 1792, 368.53
2400, 2400, 1792, 395.18
2480, 2480, 1792, 369.43
2560, 2560, 1792, 387.33
2640, 2640, 1792, 369.88
2720, 2720, 1792, 395.46
2800, 2800, 1792, 365.26
2880, 2880, 1792, 395.78
2960, 2960, 1792, 364.37
3040, 3040, 1792, 396.87
3120, 3120, 1792, 363.59
3200, 3200, 1792, 394.84
3280, 3280, 1792, 361.59
3360, 3360, 1792, 397.66
3440, 3440, 1792, 359.65
3520, 3520, 1792, 396.23
3600, 3600, 1792, 357.56
3680, 3680, 1792, 398.10
3760, 3760, 1792, 368.99
3840, 3840, 1792, 390.53
3920, 3920, 1792, 369.31
4000, 4000, 1792, 399.64
