bli_shgemm performance
MC = 640, KC = 2048, NC = 2048
m, n, k, GFLOPS
80, 80, 2048, 199.22
160, 160, 2048, 274.59
240, 240, 2048, 311.12
320, 320, 2048, 330.85
400, 400, 2048, 346.72
480, 480, 2048, 359.33
560, 560, 2048, 369.86
640, 640, 2048, 368.91
720, 720, 2048, 377.48
800, 800, 2048, 381.44
880, 880, 2048, 388.12
960, 960, 2048, 388.03
1040, 1040, 2048, 395.35
1120, 1120, 2048, 394.94
1200, 1200, 2048, 401.26
1280, 1280, 2048, 394.49
1360, 1360, 2048, 402.52
1440, 1440, 2048, 400.37
1520, 1520, 2048, 406.31
1600, 1600, 2048, 405.78
1680, 1680, 2048, 409.11
1760, 1760, 2048, 406.75
1840, 1840, 2048, 412.15
1920, 1920, 2048, 404.70
2000, 2000, 2048, 411.55
2080, 2080, 2048, 392.16
2160, 2160, 2048, 360.88
2240, 2240, 2048, 392.71
2320, 2320, 2048, 359.71
2400, 2400, 2048, 394.65
2480, 2480, 2048, 359.07
2560, 2560, 2048, 388.44
2640, 2640, 2048, 357.38
2720, 2720, 2048, 405.36
2800, 2800, 2048, 378.09
2880, 2880, 2048, 396.40
2960, 2960, 2048, 379.90
3040, 3040, 2048, 397.38
3120, 3120, 2048, 381.10
3200, 3200, 2048, 398.17
3280, 3280, 2048, 377.29
3360, 3360, 2048, 398.11
3440, 3440, 2048, 378.54
3520, 3520, 2048, 400.36
3600, 3600, 2048, 379.18
3680, 3680, 2048, 401.33
3760, 3760, 2048, 380.36
3840, 3840, 2048, 396.84
3920, 3920, 2048, 380.00
4000, 4000, 2048, 402.25
