bli_shgemm performance
MC = 384, KC = 256, NC = 1024
m, n, k, GFLOPS
80, 80, 256, 180.36
160, 160, 256, 247.61
240, 240, 256, 281.70
320, 320, 256, 299.40
400, 400, 256, 311.78
480, 480, 256, 320.61
560, 560, 256, 328.35
640, 640, 256, 330.81
720, 720, 256, 339.35
800, 800, 256, 339.81
880, 880, 256, 338.68
960, 960, 256, 338.56
1040, 1040, 256, 325.44
1120, 1120, 256, 329.91
1200, 1200, 256, 327.53
1280, 1280, 256, 315.63
1360, 1360, 256, 339.16
1440, 1440, 256, 342.99
1520, 1520, 256, 344.28
1600, 1600, 256, 345.26
1680, 1680, 256, 347.01
1760, 1760, 256, 346.92
1840, 1840, 256, 345.57
1920, 1920, 256, 343.91
2000, 2000, 256, 351.69
2080, 2080, 256, 328.91
2160, 2160, 256, 280.92
2240, 2240, 256, 325.53
2320, 2320, 256, 281.69
2400, 2400, 256, 330.06
2480, 2480, 256, 287.98
2560, 2560, 256, 312.38
2640, 2640, 256, 284.70
2720, 2720, 256, 327.91
2800, 2800, 256, 282.64
2880, 2880, 256, 324.15
2960, 2960, 256, 277.20
3040, 3040, 256, 327.16
3120, 3120, 256, 262.77
3200, 3200, 256, 297.65
3280, 3280, 256, 255.82
3360, 3360, 256, 303.53
3440, 3440, 256, 246.29
3520, 3520, 256, 298.17
3600, 3600, 256, 242.19
3680, 3680, 256, 299.53
3760, 3760, 256, 240.54
3840, 3840, 256, 282.22
3920, 3920, 256, 236.66
4000, 4000, 256, 298.47
