bli_shgemm performance
MC = 256, KC = 256, NC = 1024
m, n, k, GFLOPS
80, 80, 256, 180.49
160, 160, 256, 248.49
240, 240, 256, 281.81
320, 320, 256, 299.22
400, 400, 256, 313.42
480, 480, 256, 325.33
560, 560, 256, 331.29
640, 640, 256, 330.75
720, 720, 256, 340.30
800, 800, 256, 341.55
880, 880, 256, 341.62
960, 960, 256, 339.50
1040, 1040, 256, 324.87
1120, 1120, 256, 327.94
1200, 1200, 256, 327.80
1280, 1280, 256, 316.26
1360, 1360, 256, 330.21
1440, 1440, 256, 332.80
1520, 1520, 256, 337.01
1600, 1600, 256, 336.44
1680, 1680, 256, 339.39
1760, 1760, 256, 339.60
1840, 1840, 256, 340.18
1920, 1920, 256, 326.46
2000, 2000, 256, 338.94
2080, 2080, 256, 316.18
2160, 2160, 256, 296.10
2240, 2240, 256, 319.40
2320, 2320, 256, 294.11
2400, 2400, 256, 323.28
2480, 2480, 256, 290.25
2560, 2560, 256, 281.91
2640, 2640, 256, 284.45
2720, 2720, 256, 319.84
2800, 2800, 256, 280.75
2880, 2880, 256, 311.51
2960, 2960, 256, 274.30
3040, 3040, 256, 313.63
3120, 3120, 256, 261.89
3200, 3200, 256, 298.57
3280, 3280, 256, 252.86
3360, 3360, 256, 307.86
3440, 3440, 256, 247.81
3520, 3520, 256, 299.94
3600, 3600, 256, 242.58
3680, 3680, 256, 300.46
3760, 3760, 256, 236.92
3840, 3840, 256, 284.89
3920, 3920, 256, 231.50
4000, 4000, 256, 298.86
