bli_shgemm performance
MC = 256, KC = 4096, NC = 5120
m, n, k, GFLOPS
80, 80, 4096, 200.56
160, 160, 4096, 270.65
240, 240, 4096, 307.53
320, 320, 4096, 326.70
400, 400, 4096, 342.56
480, 480, 4096, 357.74
560, 560, 4096, 364.16
640, 640, 4096, 366.90
720, 720, 4096, 378.06
800, 800, 4096, 379.09
880, 880, 4096, 385.73
960, 960, 4096, 388.11
1040, 1040, 4096, 374.48
1120, 1120, 4096, 380.13
1200, 1200, 4096, 383.18
1280, 1280, 4096, 382.65
1360, 1360, 4096, 385.70
1440, 1440, 4096, 389.69
1520, 1520, 4096, 391.74
1600, 1600, 4096, 392.88
1680, 1680, 4096, 393.15
1760, 1760, 4096, 395.96
1840, 1840, 4096, 394.29
1920, 1920, 4096, 396.68
2000, 2000, 4096, 397.42
2080, 2080, 4096, 395.17
2160, 2160, 4096, 384.49
2240, 2240, 4096, 399.00
2320, 2320, 4096, 384.47
2400, 2400, 4096, 400.27
2480, 2480, 4096, 374.27
2560, 2560, 4096, 382.11
2640, 2640, 4096, 384.08
2720, 2720, 4096, 395.07
2800, 2800, 4096, 386.25
2880, 2880, 4096, 395.19
2960, 2960, 4096, 386.90
3040, 3040, 4096, 396.95
3120, 3120, 4096, 386.61
3200, 3200, 4096, 397.45
3280, 3280, 4096, 387.56
3360, 3360, 4096, 397.28
3440, 3440, 4096, 388.70
3520, 3520, 4096, 399.48
3600, 3600, 4096, 388.47
3680, 3680, 4096, 400.08
3760, 3760, 4096, 389.66
3840, 3840, 4096, 398.67
3920, 3920, 4096, 390.61
4000, 4000, 4096, 401.49
