bli_shgemm performance
MC = 640, KC = 2560, NC = 3072
m, n, k, GFLOPS
80, 80, 2560, 203.84
160, 160, 2560, 282.06
240, 240, 2560, 313.87
320, 320, 2560, 335.72
400, 400, 2560, 352.32
480, 480, 2560, 364.27
560, 560, 2560, 373.51
640, 640, 2560, 370.28
720, 720, 2560, 370.01
800, 800, 2560, 375.60
880, 880, 2560, 381.83
960, 960, 2560, 391.32
1040, 1040, 2560, 397.21
1120, 1120, 2560, 395.74
1200, 1200, 2560, 402.95
1280, 1280, 2560, 391.54
1360, 1360, 2560, 401.35
1440, 1440, 2560, 401.96
1520, 1520, 2560, 405.45
1600, 1600, 2560, 403.31
1680, 1680, 2560, 403.07
1760, 1760, 2560, 406.51
1840, 1840, 2560, 409.80
1920, 1920, 2560, 402.20
2000, 2000, 2560, 409.50
2080, 2080, 2560, 410.72
2160, 2160, 2560, 368.41
2240, 2240, 2560, 401.89
2320, 2320, 2560, 366.73
2400, 2400, 2560, 404.57
2480, 2480, 2560, 367.69
2560, 2560, 2560, 395.62
2640, 2640, 2560, 364.77
2720, 2720, 2560, 404.86
2800, 2800, 2560, 363.89
2880, 2880, 2560, 405.27
2960, 2960, 2560, 392.81
3040, 3040, 2560, 406.30
3120, 3120, 2560, 369.86
3200, 3200, 2560, 401.05
3280, 3280, 2560, 389.85
3360, 3360, 2560, 402.17
3440, 3440, 2560, 390.53
3520, 3520, 2560, 403.58
3600, 3600, 2560, 389.42
3680, 3680, 2560, 404.73
3760, 3760, 2560, 393.33
3840, 3840, 2560, 403.62
3920, 3920, 2560, 392.59
4000, 4000, 2560, 407.25
