bli_shgemm performance
MC = 640, KC = 512, NC = 4096
m, n, k, GFLOPS
80, 80, 512, 192.32
160, 160, 512, 263.87
240, 240, 512, 298.40
320, 320, 512, 320.64
400, 400, 512, 335.78
480, 480, 512, 351.25
560, 560, 512, 354.20
640, 640, 512, 352.62
720, 720, 512, 357.33
800, 800, 512, 357.19
880, 880, 512, 358.39
960, 960, 512, 360.68
1040, 1040, 512, 365.38
1120, 1120, 512, 367.81
1200, 1200, 512, 371.49
1280, 1280, 512, 369.18
1360, 1360, 512, 377.06
1440, 1440, 512, 381.80
1520, 1520, 512, 382.79
1600, 1600, 512, 381.63
1680, 1680, 512, 387.12
1760, 1760, 512, 388.21
1840, 1840, 512, 383.98
1920, 1920, 512, 378.75
2000, 2000, 512, 386.96
2080, 2080, 512, 386.35
2160, 2160, 512, 385.00
2240, 2240, 512, 386.53
2320, 2320, 512, 387.74
2400, 2400, 512, 388.97
2480, 2480, 512, 386.99
2560, 2560, 512, 377.70
2640, 2640, 512, 384.37
2720, 2720, 512, 387.91
2800, 2800, 512, 385.14
2880, 2880, 512, 386.46
2960, 2960, 512, 383.47
3040, 3040, 512, 387.65
3120, 3120, 512, 384.48
3200, 3200, 512, 381.37
3280, 3280, 512, 379.86
3360, 3360, 512, 385.46
3440, 3440, 512, 382.42
3520, 3520, 512, 384.43
3600, 3600, 512, 379.56
3680, 3680, 512, 384.87
3760, 3760, 512, 375.78
3840, 3840, 512, 329.24
3920, 3920, 512, 312.83
4000, 4000, 512, 356.60
