bli_shgemm performance
MC = 640, KC = 2048, NC = 1024
m, n, k, GFLOPS
80, 80, 2048, 197.75
160, 160, 2048, 273.15
240, 240, 2048, 310.40
320, 320, 2048, 305.07
400, 400, 2048, 321.09
480, 480, 2048, 329.99
560, 560, 2048, 346.28
640, 640, 2048, 339.11
720, 720, 2048, 341.70
800, 800, 2048, 349.35
880, 880, 2048, 368.67
960, 960, 2048, 366.97
1040, 1040, 2048, 360.92
1120, 1120, 2048, 358.32
1200, 1200, 2048, 366.12
1280, 1280, 2048, 352.86
1360, 1360, 2048, 363.33
1440, 1440, 2048, 364.40
1520, 1520, 2048, 371.98
1600, 1600, 2048, 369.50
1680, 1680, 2048, 371.73
1760, 1760, 2048, 377.89
1840, 1840, 2048, 374.45
1920, 1920, 2048, 374.49
2000, 2000, 2048, 373.04
2080, 2080, 2048, 369.94
2160, 2160, 2048, 345.06
2240, 2240, 2048, 375.64
2320, 2320, 2048, 348.49
2400, 2400, 2048, 378.59
2480, 2480, 2048, 351.53
2560, 2560, 2048, 372.68
2640, 2640, 2048, 351.23
2720, 2720, 2048, 380.51
2800, 2800, 2048, 352.78
2880, 2880, 2048, 371.95
2960, 2960, 2048, 354.59
3040, 3040, 2048, 373.57
3120, 3120, 2048, 351.62
3200, 3200, 2048, 364.50
3280, 3280, 2048, 350.53
3360, 3360, 2048, 368.81
3440, 3440, 2048, 351.06
3520, 3520, 2048, 371.69
3600, 3600, 2048, 353.74
3680, 3680, 2048, 373.55
3760, 3760, 2048, 356.02
3840, 3840, 2048, 365.90
3920, 3920, 2048, 356.15
4000, 4000, 2048, 374.68
