bli_shgemm performance
MC = 512, KC = 1792, NC = 4096
m, n, k, GFLOPS
80, 80, 1792, 202.71
160, 160, 1792, 279.55
240, 240, 1792, 318.17
320, 320, 1792, 336.97
400, 400, 1792, 350.15
480, 480, 1792, 360.95
560, 560, 1792, 367.47
640, 640, 1792, 369.62
720, 720, 1792, 379.76
800, 800, 1792, 385.97
880, 880, 1792, 389.23
960, 960, 1792, 390.25
1040, 1040, 1792, 392.06
1120, 1120, 1792, 393.22
1200, 1200, 1792, 399.20
1280, 1280, 1792, 391.67
1360, 1360, 1792, 403.35
1440, 1440, 1792, 401.06
1520, 1520, 1792, 406.79
1600, 1600, 1792, 400.25
1680, 1680, 1792, 407.27
1760, 1760, 1792, 403.55
1840, 1840, 1792, 409.65
1920, 1920, 1792, 405.83
2000, 2000, 1792, 410.93
2080, 2080, 1792, 397.61
2160, 2160, 1792, 372.64
2240, 2240, 1792, 397.62
2320, 2320, 1792, 370.63
2400, 2400, 1792, 399.40
2480, 2480, 1792, 371.63
2560, 2560, 1792, 390.51
2640, 2640, 1792, 368.55
2720, 2720, 1792, 398.68
2800, 2800, 1792, 366.55
2880, 2880, 1792, 398.71
2960, 2960, 1792, 366.28
3040, 3040, 1792, 399.78
3120, 3120, 1792, 364.83
3200, 3200, 1792, 397.61
3280, 3280, 1792, 363.02
3360, 3360, 1792, 399.99
3440, 3440, 1792, 361.22
3520, 3520, 1792, 400.13
3600, 3600, 1792, 359.56
3680, 3680, 1792, 401.37
3760, 3760, 1792, 381.22
3840, 3840, 1792, 394.45
3920, 3920, 1792, 381.95
4000, 4000, 1792, 403.51
