bli_shgemm performance
MC = 640, KC = 2304, NC = 4096
m, n, k, GFLOPS
80, 80, 2304, 203.16
160, 160, 2304, 279.27
240, 240, 2304, 314.89
320, 320, 2304, 333.13
400, 400, 2304, 350.52
480, 480, 2304, 363.28
560, 560, 2304, 372.38
640, 640, 2304, 372.42
720, 720, 2304, 380.25
800, 800, 2304, 385.47
880, 880, 2304, 389.96
960, 960, 2304, 395.04
1040, 1040, 2304, 399.02
1120, 1120, 2304, 397.89
1200, 1200, 2304, 403.75
1280, 1280, 2304, 397.24
1360, 1360, 2304, 403.27
1440, 1440, 2304, 405.16
1520, 1520, 2304, 407.88
1600, 1600, 2304, 404.52
1680, 1680, 2304, 410.99
1760, 1760, 2304, 408.38
1840, 1840, 2304, 413.52
1920, 1920, 2304, 406.53
2000, 2000, 2304, 412.46
2080, 2080, 2304, 404.43
2160, 2160, 2304, 370.50
2240, 2240, 2304, 413.98
2320, 2320, 2304, 372.73
2400, 2400, 2304, 406.48
2480, 2480, 2304, 372.08
2560, 2560, 2304, 398.99
2640, 2640, 2304, 369.19
2720, 2720, 2304, 406.14
2800, 2800, 2304, 366.99
2880, 2880, 2304, 406.42
2960, 2960, 2304, 366.36
3040, 3040, 2304, 407.91
3120, 3120, 2304, 370.06
3200, 3200, 2304, 406.87
3280, 3280, 2304, 390.77
3360, 3360, 2304, 409.30
3440, 3440, 2304, 389.61
3520, 3520, 2304, 410.05
3600, 3600, 2304, 387.85
3680, 3680, 2304, 410.89
3760, 3760, 2304, 388.58
3840, 3840, 2304, 407.85
3920, 3920, 2304, 394.61
4000, 4000, 2304, 413.45
