bli_shgemm performance
MC = 512, KC = 1792, NC = 3072
m, n, k, GFLOPS
80, 80, 1792, 202.09
160, 160, 1792, 278.10
240, 240, 1792, 318.81
320, 320, 1792, 334.51
400, 400, 1792, 348.78
480, 480, 1792, 360.05
560, 560, 1792, 367.01
640, 640, 1792, 369.31
720, 720, 1792, 382.58
800, 800, 1792, 382.64
880, 880, 1792, 386.57
960, 960, 1792, 388.76
1040, 1040, 1792, 390.30
1120, 1120, 1792, 390.69
1200, 1200, 1792, 397.76
1280, 1280, 1792, 390.92
1360, 1360, 1792, 402.30
1440, 1440, 1792, 400.30
1520, 1520, 1792, 405.20
1600, 1600, 1792, 399.23
1680, 1680, 1792, 404.78
1760, 1760, 1792, 405.58
1840, 1840, 1792, 408.53
1920, 1920, 1792, 402.98
2000, 2000, 1792, 410.51
2080, 2080, 1792, 400.20
2160, 2160, 1792, 378.84
2240, 2240, 1792, 398.47
2320, 2320, 1792, 374.40
2400, 2400, 1792, 398.85
2480, 2480, 1792, 370.31
2560, 2560, 1792, 395.23
2640, 2640, 1792, 386.63
2720, 2720, 1792, 400.41
2800, 2800, 1792, 387.74
2880, 2880, 1792, 400.48
2960, 2960, 1792, 385.74
3040, 3040, 1792, 403.22
3120, 3120, 1792, 370.22
3200, 3200, 1792, 402.55
3280, 3280, 1792, 354.03
3360, 3360, 1792, 404.47
3440, 3440, 1792, 382.60
3520, 3520, 1792, 395.91
3600, 3600, 1792, 383.61
3680, 3680, 1792, 396.09
3760, 3760, 1792, 383.56
3840, 3840, 1792, 390.07
3920, 3920, 1792, 383.40
4000, 4000, 1792, 398.19
