bli_shgemm performance
MC = 384, KC = 3072, NC = 3072
m, n, k, GFLOPS
80, 80, 3072, 204.42
160, 160, 3072, 282.00
240, 240, 3072, 313.99
320, 320, 3072, 336.82
400, 400, 3072, 348.89
480, 480, 3072, 361.13
560, 560, 3072, 372.08
640, 640, 3072, 373.20
720, 720, 3072, 386.68
800, 800, 3072, 385.25
880, 880, 3072, 391.92
960, 960, 3072, 393.66
1040, 1040, 3072, 399.32
1120, 1120, 3072, 400.13
1200, 1200, 3072, 400.91
1280, 1280, 3072, 393.78
1360, 1360, 3072, 406.31
1440, 1440, 3072, 405.02
1520, 1520, 3072, 409.54
1600, 1600, 3072, 404.03
1680, 1680, 3072, 410.45
1760, 1760, 3072, 407.99
1840, 1840, 3072, 413.33
1920, 1920, 3072, 407.19
2000, 2000, 3072, 412.82
2080, 2080, 3072, 406.10
2160, 2160, 3072, 369.57
2240, 2240, 3072, 414.42
2320, 2320, 3072, 364.93
2400, 2400, 3072, 416.75
2480, 2480, 3072, 385.58
2560, 2560, 3072, 412.98
2640, 2640, 3072, 385.41
2720, 2720, 3072, 419.00
2800, 2800, 3072, 417.10
2880, 2880, 3072, 420.69
2960, 2960, 3072, 417.60
3040, 3040, 3072, 422.03
3120, 3120, 3072, 376.92
3200, 3200, 3072, 413.45
3280, 3280, 3072, 378.38
3360, 3360, 3072, 419.09
3440, 3440, 3072, 380.43
3520, 3520, 3072, 405.61
3600, 3600, 3072, 390.11
3680, 3680, 3072, 396.61
3760, 3760, 3072, 368.65
3840, 3840, 3072, 404.02
3920, 3920, 3072, 371.28
4000, 4000, 3072, 409.26
