bli_shgemm performance
MC = 256, KC = 1536, NC = 3072
m, n, k, GFLOPS
80, 80, 1536, 201.46
160, 160, 1536, 276.66
240, 240, 1536, 315.04
320, 320, 1536, 336.71
400, 400, 1536, 350.65
480, 480, 1536, 362.09
560, 560, 1536, 367.48
640, 640, 1536, 368.87
720, 720, 1536, 378.45
800, 800, 1536, 378.29
880, 880, 1536, 382.85
960, 960, 1536, 382.40
1040, 1040, 1536, 385.03
1120, 1120, 1536, 385.01
1200, 1200, 1536, 390.18
1280, 1280, 1536, 383.54
1360, 1360, 1536, 391.38
1440, 1440, 1536, 391.88
1520, 1520, 1536, 397.10
1600, 1600, 1536, 390.28
1680, 1680, 1536, 396.78
1760, 1760, 1536, 394.25
1840, 1840, 1536, 397.90
1920, 1920, 1536, 390.94
2000, 2000, 1536, 400.79
2080, 2080, 1536, 389.26
2160, 2160, 1536, 364.23
2240, 2240, 1536, 391.36
2320, 2320, 1536, 364.22
2400, 2400, 1536, 389.92
2480, 2480, 1536, 362.95
2560, 2560, 1536, 381.75
2640, 2640, 1536, 377.61
2720, 2720, 1536, 391.05
2800, 2800, 1536, 374.37
2880, 2880, 1536, 390.44
2960, 2960, 1536, 373.76
3040, 3040, 1536, 391.21
3120, 3120, 1536, 356.94
3200, 3200, 1536, 391.70
3280, 3280, 1536, 349.38
3360, 3360, 1536, 383.44
3440, 3440, 1536, 371.73
3520, 3520, 1536, 385.68
3600, 3600, 1536, 371.28
3680, 3680, 1536, 386.11
3760, 3760, 1536, 371.32
3840, 3840, 1536, 379.86
3920, 3920, 1536, 362.47
4000, 4000, 1536, 387.35
