bli_shgemm performance
MC = 256, KC = 3840, NC = 5120
m, n, k, GFLOPS
80, 80, 3840, 205.09
160, 160, 3840, 278.35
240, 240, 3840, 311.63
320, 320, 3840, 330.39
400, 400, 3840, 345.87
480, 480, 3840, 361.65
560, 560, 3840, 366.28
640, 640, 3840, 369.56
720, 720, 3840, 381.19
800, 800, 3840, 383.19
880, 880, 3840, 388.85
960, 960, 3840, 390.59
1040, 1040, 3840, 392.66
1120, 1120, 3840, 394.53
1200, 1200, 3840, 383.74
1280, 1280, 3840, 384.44
1360, 1360, 3840, 387.54
1440, 1440, 3840, 391.69
1520, 1520, 3840, 398.10
1600, 1600, 3840, 394.73
1680, 1680, 3840, 398.90
1760, 1760, 3840, 399.40
1840, 1840, 3840, 400.26
1920, 1920, 3840, 398.37
2000, 2000, 3840, 403.44
2080, 2080, 3840, 401.15
2160, 2160, 3840, 361.38
2240, 2240, 3840, 403.23
2320, 2320, 3840, 358.87
2400, 2400, 3840, 405.67
2480, 2480, 3840, 360.04
2560, 2560, 3840, 402.63
2640, 2640, 3840, 381.82
2720, 2720, 3840, 400.45
2800, 2800, 3840, 382.55
2880, 2880, 3840, 394.24
2960, 2960, 3840, 384.39
3040, 3040, 3840, 396.14
3120, 3120, 3840, 386.40
3200, 3200, 3840, 396.14
3280, 3280, 3840, 385.03
3360, 3360, 3840, 396.66
3440, 3440, 3840, 384.34
3520, 3520, 3840, 398.31
3600, 3600, 3840, 383.79
3680, 3680, 3840, 398.62
3760, 3760, 3840, 387.01
3840, 3840, 3840, 398.37
3920, 3920, 3840, 387.50
4000, 4000, 3840, 400.42
