bli_shgemm performance
MC = 256, KC = 2816, NC = 2048
m, n, k, GFLOPS
80, 80, 2816, 204.12
160, 160, 2816, 282.29
240, 240, 2816, 313.11
320, 320, 2816, 333.42
400, 400, 2816, 345.95
480, 480, 2816, 358.15
560, 560, 2816, 363.30
640, 640, 2816, 369.24
720, 720, 2816, 382.49
800, 800, 2816, 383.30
880, 880, 2816, 388.24
960, 960, 2816, 388.86
1040, 1040, 2816, 390.94
1120, 1120, 2816, 392.47
1200, 1200, 2816, 397.49
1280, 1280, 2816, 390.18
1360, 1360, 2816, 399.82
1440, 1440, 2816, 398.81
1520, 1520, 2816, 403.93
1600, 1600, 2816, 397.92
1680, 1680, 2816, 404.61
1760, 1760, 2816, 404.94
1840, 1840, 2816, 405.74
1920, 1920, 2816, 400.69
2000, 2000, 2816, 408.03
2080, 2080, 2816, 392.66
2160, 2160, 2816, 371.93
2240, 2240, 2816, 402.81
2320, 2320, 2816, 382.71
2400, 2400, 2816, 393.02
2480, 2480, 2816, 380.11
2560, 2560, 2816, 388.11
2640, 2640, 2816, 379.69
2720, 2720, 2816, 395.17
2800, 2800, 2816, 379.90
2880, 2880, 2816, 397.81
2960, 2960, 2816, 384.11
3040, 3040, 2816, 392.22
3120, 3120, 2816, 370.41
3200, 3200, 2816, 386.66
3280, 3280, 2816, 370.76
3360, 3360, 2816, 388.56
3440, 3440, 2816, 358.49
3520, 3520, 2816, 402.99
3600, 3600, 2816, 358.41
3680, 3680, 2816, 403.37
3760, 3760, 2816, 360.58
3840, 3840, 2816, 396.76
3920, 3920, 2816, 361.23
4000, 4000, 2816, 406.79
