bli_shgemm performance
MC = 512, KC = 4096, NC = 3072
m, n, k, GFLOPS
80, 80, 4096, 199.38
160, 160, 4096, 269.77
240, 240, 4096, 306.98
320, 320, 4096, 331.11
400, 400, 4096, 343.06
480, 480, 4096, 312.75
560, 560, 4096, 302.42
640, 640, 4096, 308.58
720, 720, 4096, 320.92
800, 800, 4096, 332.64
880, 880, 4096, 340.14
960, 960, 4096, 328.92
1040, 1040, 4096, 353.02
1120, 1120, 4096, 326.02
1200, 1200, 4096, 329.79
1280, 1280, 4096, 324.51
1360, 1360, 4096, 335.19
1440, 1440, 4096, 336.08
1520, 1520, 4096, 367.60
1600, 1600, 4096, 320.19
1680, 1680, 4096, 326.41
1760, 1760, 4096, 328.44
1840, 1840, 4096, 333.66
1920, 1920, 4096, 336.18
2000, 2000, 4096, 332.81
2080, 2080, 4096, 324.30
2160, 2160, 4096, 292.27
2240, 2240, 4096, 330.34
2320, 2320, 4096, 298.42
2400, 2400, 4096, 336.86
2480, 2480, 4096, 304.01
2560, 2560, 4096, 323.37
2640, 2640, 4096, 301.20
2720, 2720, 4096, 332.04
2800, 2800, 4096, 307.26
2880, 2880, 4096, 333.64
2960, 2960, 4096, 312.59
3040, 3040, 4096, 331.75
3120, 3120, 4096, 292.37
3200, 3200, 4096, 322.95
3280, 3280, 4096, 300.83
3360, 3360, 4096, 225.23
3440, 3440, 4096, 302.46
3520, 3520, 4096, 328.44
3600, 3600, 4096, 314.17
3680, 3680, 4096, 327.53
3760, 3760, 4096, 319.55
3840, 3840, 4096, 324.69
3920, 3920, 4096, 324.00
4000, 4000, 4096, 332.33
