bli_shgemm performance
MC = 384, KC = 3584, NC = 5120
m, n, k, GFLOPS
80, 80, 3584, 205.46
160, 160, 3584, 279.12
240, 240, 3584, 313.53
320, 320, 3584, 338.39
400, 400, 3584, 348.01
480, 480, 3584, 361.19
560, 560, 3584, 367.84
640, 640, 3584, 372.74
720, 720, 3584, 380.70
800, 800, 3584, 380.34
880, 880, 3584, 387.94
960, 960, 3584, 392.83
1040, 1040, 3584, 399.11
1120, 1120, 3584, 399.02
1200, 1200, 3584, 399.11
1280, 1280, 3584, 385.97
1360, 1360, 3584, 391.90
1440, 1440, 3584, 395.49
1520, 1520, 3584, 395.69
1600, 1600, 3584, 396.88
1680, 1680, 3584, 402.58
1760, 1760, 3584, 402.40
1840, 1840, 3584, 405.17
1920, 1920, 3584, 402.42
2000, 2000, 3584, 406.04
2080, 2080, 3584, 405.05
2160, 2160, 3584, 364.32
2240, 2240, 3584, 406.68
2320, 2320, 3584, 362.64
2400, 2400, 3584, 407.95
2480, 2480, 3584, 363.65
2560, 2560, 3584, 403.75
2640, 2640, 3584, 360.67
2720, 2720, 3584, 397.78
2800, 2800, 3584, 381.34
2880, 2880, 3584, 394.25
2960, 2960, 3584, 383.98
3040, 3040, 3584, 394.82
3120, 3120, 3584, 384.99
3200, 3200, 3584, 393.56
3280, 3280, 3584, 384.02
3360, 3360, 3584, 397.20
3440, 3440, 3584, 384.82
3520, 3520, 3584, 396.37
3600, 3600, 3584, 384.92
3680, 3680, 3584, 397.38
3760, 3760, 3584, 387.53
3840, 3840, 3584, 395.34
3920, 3920, 3584, 386.53
4000, 4000, 3584, 399.35
