bli_shgemm performance
MC = 384, KC = 2560, NC = 4096
m, n, k, GFLOPS
80, 80, 2560, 203.97
160, 160, 2560, 281.63
240, 240, 2560, 314.94
320, 320, 2560, 335.28
400, 400, 2560, 349.14
480, 480, 2560, 361.50
560, 560, 2560, 368.42
640, 640, 2560, 371.07
720, 720, 2560, 384.43
800, 800, 2560, 383.41
880, 880, 2560, 389.85
960, 960, 2560, 391.03
1040, 1040, 2560, 398.04
1120, 1120, 2560, 399.25
1200, 1200, 2560, 400.70
1280, 1280, 2560, 394.71
1360, 1360, 2560, 404.59
1440, 1440, 2560, 403.69
1520, 1520, 2560, 408.38
1600, 1600, 2560, 404.52
1680, 1680, 2560, 408.58
1760, 1760, 2560, 406.78
1840, 1840, 2560, 411.90
1920, 1920, 2560, 405.87
2000, 2000, 2560, 411.94
2080, 2080, 2560, 403.94
2160, 2160, 2560, 374.20
2240, 2240, 2560, 404.86
2320, 2320, 2560, 373.60
2400, 2400, 2560, 405.91
2480, 2480, 2560, 371.78
2560, 2560, 2560, 398.27
2640, 2640, 2560, 371.59
2720, 2720, 2560, 406.25
2800, 2800, 2560, 370.43
2880, 2880, 2560, 406.64
2960, 2960, 2560, 371.53
3040, 3040, 2560, 408.16
3120, 3120, 2560, 371.09
3200, 3200, 2560, 407.55
3280, 3280, 2560, 371.26
3360, 3360, 2560, 409.19
3440, 3440, 2560, 370.39
3520, 3520, 2560, 408.74
3600, 3600, 2560, 369.40
3680, 3680, 2560, 411.08
3760, 3760, 2560, 371.30
3840, 3840, 2560, 406.64
3920, 3920, 2560, 397.23
4000, 4000, 2560, 412.79
