bli_shgemm performance
MC = 512, KC = 1536, NC = 1024
m, n, k, GFLOPS
80, 80, 1536, 201.34
160, 160, 1536, 277.35
240, 240, 1536, 316.55
320, 320, 1536, 336.77
400, 400, 1536, 347.90
480, 480, 1536, 356.72
560, 560, 1536, 362.51
640, 640, 1536, 365.26
720, 720, 1536, 376.70
800, 800, 1536, 378.90
880, 880, 1536, 386.27
960, 960, 1536, 385.38
1040, 1040, 1536, 373.94
1120, 1120, 1536, 374.47
1200, 1200, 1536, 382.11
1280, 1280, 1536, 376.86
1360, 1360, 1536, 386.54
1440, 1440, 1536, 384.81
1520, 1520, 1536, 390.97
1600, 1600, 1536, 390.77
1680, 1680, 1536, 390.95
1760, 1760, 1536, 392.48
1840, 1840, 1536, 394.64
1920, 1920, 1536, 393.51
2000, 2000, 1536, 396.82
2080, 2080, 1536, 387.67
2160, 2160, 1536, 366.00
2240, 2240, 1536, 390.51
2320, 2320, 1536, 366.76
2400, 2400, 1536, 392.47
2480, 2480, 1536, 366.97
2560, 2560, 1536, 389.63
2640, 2640, 1536, 366.22
2720, 2720, 1536, 394.36
2800, 2800, 1536, 365.24
2880, 2880, 1536, 382.00
2960, 2960, 1536, 362.49
3040, 3040, 1536, 382.99
3120, 3120, 1536, 358.09
3200, 3200, 1536, 376.67
3280, 3280, 1536, 358.54
3360, 3360, 1536, 379.43
3440, 3440, 1536, 356.25
3520, 3520, 1536, 381.02
3600, 3600, 1536, 356.51
3680, 3680, 1536, 380.67
3760, 3760, 1536, 359.47
3840, 3840, 1536, 370.21
3920, 3920, 1536, 360.38
4000, 4000, 1536, 382.96
