bli_shgemm performance
MC = 256, KC = 768, NC = 1024
m, n, k, GFLOPS
80, 80, 768, 195.65
160, 160, 768, 267.95
240, 240, 768, 306.11
320, 320, 768, 329.09
400, 400, 768, 346.10
480, 480, 768, 355.94
560, 560, 768, 361.00
640, 640, 768, 361.07
720, 720, 768, 366.19
800, 800, 768, 369.21
880, 880, 768, 376.19
960, 960, 768, 375.61
1040, 1040, 768, 364.70
1120, 1120, 768, 369.59
1200, 1200, 768, 373.40
1280, 1280, 768, 371.49
1360, 1360, 768, 377.60
1440, 1440, 768, 380.64
1520, 1520, 768, 381.92
1600, 1600, 768, 383.94
1680, 1680, 768, 386.00
1760, 1760, 768, 388.66
1840, 1840, 768, 390.00
1920, 1920, 768, 389.39
2000, 2000, 768, 392.58
2080, 2080, 768, 371.42
2160, 2160, 768, 359.74
2240, 2240, 768, 369.98
2320, 2320, 768, 357.70
2400, 2400, 768, 369.37
2480, 2480, 768, 357.63
2560, 2560, 768, 358.27
2640, 2640, 768, 357.34
2720, 2720, 768, 371.94
2800, 2800, 768, 353.12
2880, 2880, 768, 368.13
2960, 2960, 768, 350.66
3040, 3040, 768, 373.78
3120, 3120, 768, 338.78
3200, 3200, 768, 359.11
3280, 3280, 768, 335.58
3360, 3360, 768, 363.90
3440, 3440, 768, 333.04
3520, 3520, 768, 361.61
3600, 3600, 768, 330.82
3680, 3680, 768, 364.30
3760, 3760, 768, 332.40
3840, 3840, 768, 350.02
3920, 3920, 768, 331.69
4000, 4000, 768, 366.87
