bli_shgemm performance
MC = 384, KC = 1280, NC = 4096
m, n, k, GFLOPS
80, 80, 1280, 200.82
160, 160, 1280, 276.00
240, 240, 1280, 314.80
320, 320, 1280, 332.74
400, 400, 1280, 347.58
480, 480, 1280, 357.15
560, 560, 1280, 365.18
640, 640, 1280, 365.86
720, 720, 1280, 373.60
800, 800, 1280, 375.32
880, 880, 1280, 378.77
960, 960, 1280, 381.44
1040, 1040, 1280, 387.67
1120, 1120, 1280, 386.97
1200, 1200, 1280, 389.21
1280, 1280, 1280, 382.84
1360, 1360, 1280, 395.14
1440, 1440, 1280, 392.74
1520, 1520, 1280, 398.45
1600, 1600, 1280, 391.76
1680, 1680, 1280, 399.03
1760, 1760, 1280, 395.14
1840, 1840, 1280, 401.21
1920, 1920, 1280, 393.26
2000, 2000, 1280, 400.97
2080, 2080, 1280, 389.68
2160, 2160, 1280, 367.41
2240, 2240, 1280, 390.05
2320, 2320, 1280, 366.15
2400, 2400, 1280, 388.75
2480, 2480, 1280, 361.23
2560, 2560, 1280, 380.82
2640, 2640, 1280, 361.00
2720, 2720, 1280, 387.50
2800, 2800, 1280, 356.66
2880, 2880, 1280, 386.76
2960, 2960, 1280, 356.03
3040, 3040, 1280, 388.32
3120, 3120, 1280, 354.69
3200, 3200, 1280, 384.31
3280, 3280, 1280, 351.23
3360, 3360, 1280, 389.66
3440, 3440, 1280, 365.66
3520, 3520, 1280, 388.14
3600, 3600, 1280, 363.44
3680, 3680, 1280, 389.15
3760, 3760, 1280, 364.62
3840, 3840, 1280, 380.84
3920, 3920, 1280, 362.94
4000, 4000, 1280, 389.84
