bli_shgemm performance
MC = 640, KC = 768, NC = 3072
m, n, k, GFLOPS
80, 80, 768, 196.29
160, 160, 768, 269.50
240, 240, 768, 307.13
320, 320, 768, 330.56
400, 400, 768, 344.99
480, 480, 768, 356.68
560, 560, 768, 359.14
640, 640, 768, 353.95
720, 720, 768, 363.58
800, 800, 768, 363.81
880, 880, 768, 370.65
960, 960, 768, 369.56
1040, 1040, 768, 375.09
1120, 1120, 768, 375.09
1200, 1200, 768, 379.32
1280, 1280, 768, 372.98
1360, 1360, 768, 381.23
1440, 1440, 768, 381.30
1520, 1520, 768, 386.66
1600, 1600, 768, 378.52
1680, 1680, 768, 389.32
1760, 1760, 768, 384.88
1840, 1840, 768, 390.90
1920, 1920, 768, 381.97
2000, 2000, 768, 390.72
2080, 2080, 768, 380.19
2160, 2160, 768, 343.87
2240, 2240, 768, 369.73
2320, 2320, 768, 343.59
2400, 2400, 768, 376.92
2480, 2480, 768, 347.48
2560, 2560, 768, 355.72
2640, 2640, 768, 341.29
2720, 2720, 768, 372.16
2800, 2800, 768, 346.11
2880, 2880, 768, 374.01
2960, 2960, 768, 347.50
3040, 3040, 768, 375.84
3120, 3120, 768, 332.42
3200, 3200, 768, 357.82
3280, 3280, 768, 338.30
3360, 3360, 768, 364.60
3440, 3440, 768, 338.83
3520, 3520, 768, 351.27
3600, 3600, 768, 312.94
3680, 3680, 768, 365.83
3760, 3760, 768, 327.25
3840, 3840, 768, 349.26
3920, 3920, 768, 327.13
4000, 4000, 768, 361.45
