bli_shgemm performance
MC = 512, KC = 1280, NC = 3072
m, n, k, GFLOPS
80, 80, 1280, 200.64
160, 160, 1280, 274.97
240, 240, 1280, 314.80
320, 320, 1280, 338.07
400, 400, 1280, 347.94
480, 480, 1280, 356.20
560, 560, 1280, 364.34
640, 640, 1280, 365.16
720, 720, 1280, 375.27
800, 800, 1280, 379.20
880, 880, 1280, 383.90
960, 960, 1280, 382.52
1040, 1040, 1280, 387.26
1120, 1120, 1280, 385.51
1200, 1200, 1280, 392.43
1280, 1280, 1280, 385.05
1360, 1360, 1280, 396.77
1440, 1440, 1280, 396.19
1520, 1520, 1280, 398.94
1600, 1600, 1280, 392.93
1680, 1680, 1280, 399.65
1760, 1760, 1280, 396.87
1840, 1840, 1280, 402.53
1920, 1920, 1280, 395.26
2000, 2000, 1280, 404.21
2080, 2080, 1280, 390.92
2160, 2160, 1280, 369.14
2240, 2240, 1280, 390.39
2320, 2320, 1280, 366.50
2400, 2400, 1280, 391.24
2480, 2480, 1280, 368.13
2560, 2560, 1280, 382.94
2640, 2640, 1280, 363.01
2720, 2720, 1280, 390.92
2800, 2800, 1280, 359.28
2880, 2880, 1280, 407.80
2960, 2960, 1280, 362.85
3040, 3040, 1280, 391.26
3120, 3120, 1280, 358.57
3200, 3200, 1280, 380.50
3280, 3280, 1280, 355.75
3360, 3360, 1280, 384.21
3440, 3440, 1280, 354.62
3520, 3520, 1280, 384.02
3600, 3600, 1280, 367.67
3680, 3680, 1280, 383.05
3760, 3760, 1280, 366.86
3840, 3840, 1280, 372.60
3920, 3920, 1280, 358.45
4000, 4000, 1280, 385.65
