bli_shgemm performance
MC = 384, KC = 1536, NC = 5120
m, n, k, GFLOPS
80, 80, 1536, 200.76
160, 160, 1536, 277.44
240, 240, 1536, 316.24
320, 320, 1536, 336.91
400, 400, 1536, 347.91
480, 480, 1536, 358.63
560, 560, 1536, 367.48
640, 640, 1536, 367.16
720, 720, 1536, 377.62
800, 800, 1536, 379.07
880, 880, 1536, 380.96
960, 960, 1536, 386.10
1040, 1040, 1536, 388.81
1120, 1120, 1536, 389.77
1200, 1200, 1536, 391.42
1280, 1280, 1536, 386.20
1360, 1360, 1536, 397.63
1440, 1440, 1536, 396.89
1520, 1520, 1536, 401.75
1600, 1600, 1536, 395.20
1680, 1680, 1536, 402.27
1760, 1760, 1536, 399.10
1840, 1840, 1536, 404.62
1920, 1920, 1536, 397.18
2000, 2000, 1536, 404.45
2080, 2080, 1536, 394.88
2160, 2160, 1536, 369.80
2240, 2240, 1536, 394.15
2320, 2320, 1536, 366.85
2400, 2400, 1536, 393.71
2480, 2480, 1536, 367.36
2560, 2560, 1536, 384.31
2640, 2640, 1536, 366.07
2720, 2720, 1536, 392.55
2800, 2800, 1536, 363.13
2880, 2880, 1536, 391.83
2960, 2960, 1536, 361.76
3040, 3040, 1536, 393.41
3120, 3120, 1536, 360.31
3200, 3200, 1536, 390.24
3280, 3280, 1536, 358.18
3360, 3360, 1536, 393.46
3440, 3440, 1536, 356.67
3520, 3520, 1536, 391.97
3600, 3600, 1536, 355.29
3680, 3680, 1536, 394.16
3760, 3760, 1536, 366.17
3840, 3840, 1536, 386.42
3920, 3920, 1536, 359.34
4000, 4000, 1536, 396.30
