bli_shgemm performance
MC = 384, KC = 4096, NC = 1024
m, n, k, GFLOPS
80, 80, 4096, 198.61
160, 160, 4096, 269.70
240, 240, 4096, 307.82
320, 320, 4096, 330.15
400, 400, 4096, 339.87
480, 480, 4096, 325.01
560, 560, 4096, 369.00
640, 640, 4096, 369.26
720, 720, 4096, 381.80
800, 800, 4096, 378.90
880, 880, 4096, 380.24
960, 960, 4096, 350.63
1040, 1040, 4096, 374.02
1120, 1120, 4096, 378.56
1200, 1200, 4096, 376.92
1280, 1280, 4096, 373.44
1360, 1360, 4096, 387.80
1440, 1440, 4096, 396.46
1520, 1520, 4096, 399.37
1600, 1600, 4096, 400.33
1680, 1680, 4096, 400.88
1760, 1760, 4096, 402.82
1840, 1840, 4096, 404.72
1920, 1920, 4096, 405.30
2000, 2000, 4096, 404.79
2080, 2080, 4096, 397.35
2160, 2160, 4096, 384.53
2240, 2240, 4096, 400.94
2320, 2320, 4096, 384.36
2400, 2400, 4096, 401.15
2480, 2480, 4096, 386.61
2560, 2560, 4096, 405.40
2640, 2640, 4096, 396.15
2720, 2720, 4096, 408.01
2800, 2800, 4096, 396.23
2880, 2880, 4096, 404.83
2960, 2960, 4096, 397.22
3040, 3040, 4096, 406.02
3120, 3120, 4096, 390.62
3200, 3200, 4096, 400.95
3280, 3280, 4096, 391.40
3360, 3360, 4096, 402.41
3440, 3440, 4096, 394.28
3520, 3520, 4096, 403.57
3600, 3600, 4096, 394.40
3680, 3680, 4096, 404.90
3760, 3760, 4096, 395.24
3840, 3840, 4096, 404.67
3920, 3920, 4096, 396.57
4000, 4000, 4096, 407.45
