bli_shgemm performance
MC = 384, KC = 768, NC = 1024
m, n, k, GFLOPS
80, 80, 768, 197.34
160, 160, 768, 267.83
240, 240, 768, 307.33
320, 320, 768, 328.20
400, 400, 768, 342.79
480, 480, 768, 355.35
560, 560, 768, 360.12
640, 640, 768, 357.81
720, 720, 768, 365.54
800, 800, 768, 366.66
880, 880, 768, 372.83
960, 960, 768, 372.19
1040, 1040, 768, 359.66
1120, 1120, 768, 362.35
1200, 1200, 768, 364.69
1280, 1280, 768, 360.90
1360, 1360, 768, 371.98
1440, 1440, 768, 374.31
1520, 1520, 768, 372.99
1600, 1600, 768, 375.12
1680, 1680, 768, 377.89
1760, 1760, 768, 378.99
1840, 1840, 768, 381.00
1920, 1920, 768, 378.51
2000, 2000, 768, 383.64
2080, 2080, 768, 373.48
2160, 2160, 768, 356.44
2240, 2240, 768, 373.94
2320, 2320, 768, 355.60
2400, 2400, 768, 377.48
2480, 2480, 768, 354.89
2560, 2560, 768, 370.31
2640, 2640, 768, 352.04
2720, 2720, 768, 380.99
2800, 2800, 768, 349.26
2880, 2880, 768, 365.13
2960, 2960, 768, 339.79
3040, 3040, 768, 366.03
3120, 3120, 768, 330.32
3200, 3200, 768, 350.78
3280, 3280, 768, 327.88
3360, 3360, 768, 359.17
3440, 3440, 768, 324.92
3520, 3520, 768, 357.15
3600, 3600, 768, 323.36
3680, 3680, 768, 359.92
3760, 3760, 768, 323.83
3840, 3840, 768, 345.47
3920, 3920, 768, 323.13
4000, 4000, 768, 362.02
