bli_shgemm performance
MC = 256, KC = 2304, NC = 4096
m, n, k, GFLOPS
80, 80, 2304, 203.10
160, 160, 2304, 278.22
240, 240, 2304, 316.17
320, 320, 2304, 336.45
400, 400, 2304, 346.74
480, 480, 2304, 358.27
560, 560, 2304, 364.62
640, 640, 2304, 368.86
720, 720, 2304, 379.12
800, 800, 2304, 379.91
880, 880, 2304, 386.27
960, 960, 2304, 389.28
1040, 1040, 2304, 389.18
1120, 1120, 2304, 390.48
1200, 1200, 2304, 396.32
1280, 1280, 2304, 389.87
1360, 1360, 2304, 398.21
1440, 1440, 2304, 397.38
1520, 1520, 2304, 402.37
1600, 1600, 2304, 396.55
1680, 1680, 2304, 403.49
1760, 1760, 2304, 401.43
1840, 1840, 2304, 404.53
1920, 1920, 2304, 398.79
2000, 2000, 2304, 407.27
2080, 2080, 2304, 396.91
2160, 2160, 2304, 369.10
2240, 2240, 2304, 397.18
2320, 2320, 2304, 366.49
2400, 2400, 2304, 397.69
2480, 2480, 2304, 366.59
2560, 2560, 2304, 391.78
2640, 2640, 2304, 365.62
2720, 2720, 2304, 398.75
2800, 2800, 2304, 363.63
2880, 2880, 2304, 397.74
2960, 2960, 2304, 361.65
3040, 3040, 2304, 399.84
3120, 3120, 2304, 363.22
3200, 3200, 2304, 398.06
3280, 3280, 2304, 361.63
3360, 3360, 2304, 399.85
3440, 3440, 2304, 359.04
3520, 3520, 2304, 400.53
3600, 3600, 2304, 358.20
3680, 3680, 2304, 404.60
3760, 3760, 2304, 360.86
3840, 3840, 2304, 397.82
3920, 3920, 2304, 361.70
4000, 4000, 2304, 404.22
