bli_shgemm performance
MC = 256, KC = 1280, NC = 2048
m, n, k, GFLOPS
80, 80, 1280, 200.19
160, 160, 1280, 276.04
240, 240, 1280, 315.36
320, 320, 1280, 339.30
400, 400, 1280, 354.62
480, 480, 1280, 363.89
560, 560, 1280, 371.47
640, 640, 1280, 372.78
720, 720, 1280, 380.96
800, 800, 1280, 383.76
880, 880, 1280, 387.36
960, 960, 1280, 385.46
1040, 1040, 1280, 389.90
1120, 1120, 1280, 386.45
1200, 1200, 1280, 391.27
1280, 1280, 1280, 381.41
1360, 1360, 1280, 392.16
1440, 1440, 1280, 390.06
1520, 1520, 1280, 395.47
1600, 1600, 1280, 388.54
1680, 1680, 1280, 395.28
1760, 1760, 1280, 393.26
1840, 1840, 1280, 396.96
1920, 1920, 1280, 389.00
2000, 2000, 1280, 399.42
2080, 2080, 1280, 385.20
2160, 2160, 1280, 353.05
2240, 2240, 1280, 386.45
2320, 2320, 1280, 366.35
2400, 2400, 1280, 391.32
2480, 2480, 1280, 368.54
2560, 2560, 1280, 388.12
2640, 2640, 1280, 366.81
2720, 2720, 1280, 394.67
2800, 2800, 1280, 364.52
2880, 2880, 1280, 393.76
2960, 2960, 1280, 363.82
3040, 3040, 1280, 380.46
3120, 3120, 1280, 361.95
3200, 3200, 1280, 375.23
3280, 3280, 1280, 360.55
3360, 3360, 1280, 378.20
3440, 3440, 1280, 357.69
3520, 3520, 1280, 377.56
3600, 3600, 1280, 356.08
3680, 3680, 1280, 378.70
3760, 3760, 1280, 355.43
3840, 3840, 1280, 362.42
3920, 3920, 1280, 338.82
4000, 4000, 1280, 368.86
