bli_shgemm performance
MC = 512, KC = 2816, NC = 4096
m, n, k, GFLOPS
80, 80, 2816, 204.29
160, 160, 2816, 279.10
240, 240, 2816, 314.27
320, 320, 2816, 336.72
400, 400, 2816, 352.06
480, 480, 2816, 364.63
560, 560, 2816, 368.23
640, 640, 2816, 371.15
720, 720, 2816, 383.35
800, 800, 2816, 388.00
880, 880, 2816, 396.04
960, 960, 2816, 394.53
1040, 1040, 2816, 391.93
1120, 1120, 2816, 395.77
1200, 1200, 2816, 399.65
1280, 1280, 2816, 394.24
1360, 1360, 2816, 403.33
1440, 1440, 2816, 404.00
1520, 1520, 2816, 409.37
1600, 1600, 2816, 404.57
1680, 1680, 2816, 410.48
1760, 1760, 2816, 408.11
1840, 1840, 2816, 413.69
1920, 1920, 2816, 408.26
2000, 2000, 2816, 415.52
2080, 2080, 2816, 404.93
2160, 2160, 2816, 370.34
2240, 2240, 2816, 405.94
2320, 2320, 2816, 368.14
2400, 2400, 2816, 407.94
2480, 2480, 2816, 373.19
2560, 2560, 2816, 399.87
2640, 2640, 2816, 366.82
2720, 2720, 2816, 409.09
2800, 2800, 2816, 366.60
2880, 2880, 2816, 409.33
2960, 2960, 2816, 367.69
3040, 3040, 2816, 410.52
3120, 3120, 2816, 368.40
3200, 3200, 2816, 408.72
3280, 3280, 2816, 366.80
3360, 3360, 2816, 411.50
3440, 3440, 2816, 367.35
3520, 3520, 2816, 411.79
3600, 3600, 2816, 366.71
3680, 3680, 2816, 412.48
3760, 3760, 2816, 369.43
3840, 3840, 2816, 406.26
3920, 3920, 2816, 369.74
4000, 4000, 2816, 414.32
