bli_shgemm performance
MC = 256, KC = 768, NC = 3072
m, n, k, GFLOPS
80, 80, 768, 195.72
160, 160, 768, 268.99
240, 240, 768, 306.30
320, 320, 768, 331.88
400, 400, 768, 344.81
480, 480, 768, 357.26
560, 560, 768, 361.81
640, 640, 768, 362.46
720, 720, 768, 370.11
800, 800, 768, 372.52
880, 880, 768, 375.00
960, 960, 768, 374.99
1040, 1040, 768, 380.91
1120, 1120, 768, 384.47
1200, 1200, 768, 383.56
1280, 1280, 768, 374.63
1360, 1360, 768, 385.17
1440, 1440, 768, 382.38
1520, 1520, 768, 387.33
1600, 1600, 768, 382.10
1680, 1680, 768, 386.47
1760, 1760, 768, 383.16
1840, 1840, 768, 385.82
1920, 1920, 768, 376.88
2000, 2000, 768, 386.37
2080, 2080, 768, 378.05
2160, 2160, 768, 351.16
2240, 2240, 768, 373.08
2320, 2320, 768, 347.99
2400, 2400, 768, 373.42
2480, 2480, 768, 346.00
2560, 2560, 768, 353.91
2640, 2640, 768, 340.22
2720, 2720, 768, 372.79
2800, 2800, 768, 337.61
2880, 2880, 768, 366.58
2960, 2960, 768, 346.56
3040, 3040, 768, 373.65
3120, 3120, 768, 330.19
3200, 3200, 768, 372.65
3280, 3280, 768, 322.82
3360, 3360, 768, 380.05
3440, 3440, 768, 341.57
3520, 3520, 768, 360.49
3600, 3600, 768, 339.93
3680, 3680, 768, 364.46
3760, 3760, 768, 340.35
3840, 3840, 768, 350.81
3920, 3920, 768, 339.31
4000, 4000, 768, 365.87
