bli_shgemm performance
MC = 384, KC = 2560, NC = 2048
m, n, k, GFLOPS
80, 80, 2560, 203.71
160, 160, 2560, 281.19
240, 240, 2560, 313.84
320, 320, 2560, 334.80
400, 400, 2560, 347.69
480, 480, 2560, 359.82
560, 560, 2560, 368.45
640, 640, 2560, 371.07
720, 720, 2560, 384.19
800, 800, 2560, 384.09
880, 880, 2560, 390.34
960, 960, 2560, 390.32
1040, 1040, 2560, 397.68
1120, 1120, 2560, 398.88
1200, 1200, 2560, 399.22
1280, 1280, 2560, 393.70
1360, 1360, 2560, 404.32
1440, 1440, 2560, 403.22
1520, 1520, 2560, 408.25
1600, 1600, 2560, 402.11
1680, 1680, 2560, 408.16
1760, 1760, 2560, 408.82
1840, 1840, 2560, 410.67
1920, 1920, 2560, 409.09
2000, 2000, 2560, 413.80
2080, 2080, 2560, 398.38
2160, 2160, 2560, 376.94
2240, 2240, 2560, 405.87
2320, 2320, 2560, 378.35
2400, 2400, 2560, 407.24
2480, 2480, 2560, 386.11
2560, 2560, 2560, 390.69
2640, 2640, 2560, 383.49
2720, 2720, 2560, 397.46
2800, 2800, 2560, 382.44
2880, 2880, 2560, 399.97
2960, 2960, 2560, 361.88
3040, 3040, 2560, 401.41
3120, 3120, 2560, 364.31
3200, 3200, 2560, 400.14
3280, 3280, 2560, 364.83
3360, 3360, 2560, 403.49
3440, 3440, 2560, 364.82
3520, 3520, 2560, 402.94
3600, 3600, 2560, 364.48
3680, 3680, 2560, 405.46
3760, 3760, 2560, 366.28
3840, 3840, 2560, 400.92
3920, 3920, 2560, 366.65
4000, 4000, 2560, 406.57
