bli_shgemm performance
MC = 512, KC = 2048, NC = 1024
m, n, k, GFLOPS
80, 80, 2048, 197.06
160, 160, 2048, 273.69
240, 240, 2048, 303.15
320, 320, 2048, 302.33
400, 400, 2048, 320.81
480, 480, 2048, 332.51
560, 560, 2048, 320.34
640, 640, 2048, 336.68
720, 720, 2048, 341.70
800, 800, 2048, 369.16
880, 880, 2048, 368.87
960, 960, 2048, 364.56
1040, 1040, 2048, 365.00
1120, 1120, 2048, 367.04
1200, 1200, 2048, 377.40
1280, 1280, 2048, 370.35
1360, 1360, 2048, 380.99
1440, 1440, 2048, 381.19
1520, 1520, 2048, 388.33
1600, 1600, 2048, 385.55
1680, 1680, 2048, 388.72
1760, 1760, 2048, 390.81
1840, 1840, 2048, 381.44
1920, 1920, 2048, 392.23
2000, 2000, 2048, 394.79
2080, 2080, 2048, 384.91
2160, 2160, 2048, 363.76
2240, 2240, 2048, 389.94
2320, 2320, 2048, 366.14
2400, 2400, 2048, 390.95
2480, 2480, 2048, 367.89
2560, 2560, 2048, 389.95
2640, 2640, 2048, 368.27
2720, 2720, 2048, 394.41
2800, 2800, 2048, 369.82
2880, 2880, 2048, 385.57
2960, 2960, 2048, 365.10
3040, 3040, 2048, 384.97
3120, 3120, 2048, 361.73
3200, 3200, 2048, 381.61
3280, 3280, 2048, 359.95
3360, 3360, 2048, 375.11
3440, 3440, 2048, 361.80
3520, 3520, 2048, 378.65
3600, 3600, 2048, 362.14
3680, 3680, 2048, 383.40
3760, 3760, 2048, 360.93
3840, 3840, 2048, 383.66
3920, 3920, 2048, 367.17
4000, 4000, 2048, 385.16
