bli_shgemm performance
MC = 512, KC = 768, NC = 2048
m, n, k, GFLOPS
80, 80, 768, 196.31
160, 160, 768, 268.36
240, 240, 768, 306.11
320, 320, 768, 326.89
400, 400, 768, 340.49
480, 480, 768, 355.99
560, 560, 768, 361.11
640, 640, 768, 358.83
720, 720, 768, 362.47
800, 800, 768, 366.68
880, 880, 768, 368.14
960, 960, 768, 369.82
1040, 1040, 768, 377.52
1120, 1120, 768, 372.86
1200, 1200, 768, 377.13
1280, 1280, 768, 371.05
1360, 1360, 768, 382.84
1440, 1440, 768, 379.76
1520, 1520, 768, 386.93
1600, 1600, 768, 380.99
1680, 1680, 768, 386.75
1760, 1760, 768, 381.99
1840, 1840, 768, 389.42
1920, 1920, 768, 379.37
2000, 2000, 768, 389.59
2080, 2080, 768, 369.08
2160, 2160, 768, 343.81
2240, 2240, 768, 367.45
2320, 2320, 768, 346.73
2400, 2400, 768, 368.98
2480, 2480, 768, 346.77
2560, 2560, 768, 355.51
2640, 2640, 768, 353.63
2720, 2720, 768, 382.89
2800, 2800, 768, 349.52
2880, 2880, 768, 382.29
2960, 2960, 768, 344.50
3040, 3040, 768, 384.25
3120, 3120, 768, 344.34
3200, 3200, 768, 357.01
3280, 3280, 768, 336.89
3360, 3360, 768, 363.45
3440, 3440, 768, 333.42
3520, 3520, 768, 361.89
3600, 3600, 768, 330.66
3680, 3680, 768, 363.16
3760, 3760, 768, 331.67
3840, 3840, 768, 348.31
3920, 3920, 768, 330.87
4000, 4000, 768, 365.46
