bli_shgemm performance
MC = 384, KC = 1024, NC = 3072
m, n, k, GFLOPS
80, 80, 1024, 198.68
160, 160, 1024, 272.72
240, 240, 1024, 311.54
320, 320, 1024, 334.71
400, 400, 1024, 347.36
480, 480, 1024, 362.10
560, 560, 1024, 367.77
640, 640, 1024, 362.81
720, 720, 1024, 371.16
800, 800, 1024, 369.02
880, 880, 1024, 379.56
960, 960, 1024, 376.91
1040, 1040, 1024, 385.42
1120, 1120, 1024, 382.54
1200, 1200, 1024, 387.25
1280, 1280, 1024, 361.97
1360, 1360, 1024, 367.86
1440, 1440, 1024, 361.94
1520, 1520, 1024, 373.72
1600, 1600, 1024, 362.01
1680, 1680, 1024, 373.31
1760, 1760, 1024, 365.94
1840, 1840, 1024, 377.76
1920, 1920, 1024, 366.41
2000, 2000, 1024, 378.45
2080, 2080, 1024, 385.08
2160, 2160, 1024, 361.29
2240, 2240, 1024, 384.14
2320, 2320, 1024, 361.70
2400, 2400, 1024, 381.05
2480, 2480, 1024, 355.77
2560, 2560, 1024, 371.45
2640, 2640, 1024, 355.10
2720, 2720, 1024, 380.91
2800, 2800, 1024, 350.88
2880, 2880, 1024, 378.47
2960, 2960, 1024, 347.56
3040, 3040, 1024, 378.12
3120, 3120, 1024, 339.92
3200, 3200, 1024, 382.71
3280, 3280, 1024, 336.88
3360, 3360, 1024, 388.44
3440, 3440, 1024, 333.62
3520, 3520, 1024, 370.64
3600, 3600, 1024, 357.56
3680, 3680, 1024, 372.14
3760, 3760, 1024, 357.38
3840, 3840, 1024, 365.06
3920, 3920, 1024, 354.29
4000, 4000, 1024, 375.26
