bli_shgemm performance
MC = 512, KC = 1536, NC = 5120
m, n, k, GFLOPS
80, 80, 1536, 201.12
160, 160, 1536, 276.70
240, 240, 1536, 315.63
320, 320, 1536, 332.09
400, 400, 1536, 345.54
480, 480, 1536, 351.42
560, 560, 1536, 357.89
640, 640, 1536, 359.94
720, 720, 1536, 375.90
800, 800, 1536, 374.94
880, 880, 1536, 379.67
960, 960, 1536, 378.50
1040, 1040, 1536, 383.62
1120, 1120, 1536, 381.58
1200, 1200, 1536, 385.83
1280, 1280, 1536, 382.69
1360, 1360, 1536, 388.35
1440, 1440, 1536, 387.33
1520, 1520, 1536, 393.55
1600, 1600, 1536, 388.56
1680, 1680, 1536, 394.53
1760, 1760, 1536, 393.69
1840, 1840, 1536, 398.28
1920, 1920, 1536, 390.98
2000, 2000, 1536, 398.07
2080, 2080, 1536, 387.53
2160, 2160, 1536, 352.35
2240, 2240, 1536, 386.93
2320, 2320, 1536, 355.66
2400, 2400, 1536, 391.51
2480, 2480, 1536, 346.90
2560, 2560, 1536, 378.30
2640, 2640, 1536, 357.13
2720, 2720, 1536, 387.12
2800, 2800, 1536, 356.15
2880, 2880, 1536, 388.50
2960, 2960, 1536, 341.68
3040, 3040, 1536, 388.53
3120, 3120, 1536, 351.82
3200, 3200, 1536, 386.60
3280, 3280, 1536, 351.00
3360, 3360, 1536, 388.99
3440, 3440, 1536, 351.77
3520, 3520, 1536, 386.55
3600, 3600, 1536, 346.81
3680, 3680, 1536, 386.61
3760, 3760, 1536, 356.80
3840, 3840, 1536, 385.03
3920, 3920, 1536, 351.31
4000, 4000, 1536, 389.06
