bli_shgemm performance
MC = 256, KC = 3584, NC = 2048
m, n, k, GFLOPS
80, 80, 3584, 204.72
160, 160, 3584, 276.63
240, 240, 3584, 313.09
320, 320, 3584, 332.71
400, 400, 3584, 349.68
480, 480, 3584, 362.87
560, 560, 3584, 364.67
640, 640, 3584, 368.94
720, 720, 3584, 380.52
800, 800, 3584, 379.90
880, 880, 3584, 385.02
960, 960, 3584, 390.81
1040, 1040, 3584, 389.44
1120, 1120, 3584, 391.70
1200, 1200, 3584, 396.24
1280, 1280, 3584, 391.93
1360, 1360, 3584, 400.84
1440, 1440, 3584, 399.53
1520, 1520, 3584, 406.55
1600, 1600, 3584, 404.01
1680, 1680, 3584, 405.76
1760, 1760, 3584, 406.87
1840, 1840, 3584, 408.44
1920, 1920, 3584, 409.01
2000, 2000, 3584, 411.19
2080, 2080, 3584, 394.88
2160, 2160, 3584, 368.44
2240, 2240, 3584, 403.44
2320, 2320, 3584, 384.49
2400, 2400, 3584, 396.20
2480, 2480, 3584, 384.19
2560, 2560, 3584, 394.44
2640, 2640, 3584, 385.26
2720, 2720, 3584, 399.20
2800, 2800, 3584, 385.24
2880, 2880, 3584, 402.24
2960, 2960, 3584, 387.90
3040, 3040, 3584, 403.22
3120, 3120, 3584, 390.14
3200, 3200, 3584, 401.51
3280, 3280, 3584, 390.38
3360, 3360, 3584, 403.84
3440, 3440, 3584, 376.30
3520, 3520, 3584, 393.90
3600, 3600, 3584, 376.56
3680, 3680, 3584, 393.49
3760, 3760, 3584, 380.32
3840, 3840, 3584, 390.46
3920, 3920, 3584, 367.24
4000, 4000, 3584, 403.78
