bli_shgemm performance
MC = 640, KC = 2304, NC = 3072
m, n, k, GFLOPS
80, 80, 2304, 203.05
160, 160, 2304, 280.39
240, 240, 2304, 318.11
320, 320, 2304, 334.47
400, 400, 2304, 351.30
480, 480, 2304, 362.90
560, 560, 2304, 372.23
640, 640, 2304, 350.08
720, 720, 2304, 380.48
800, 800, 2304, 366.35
880, 880, 2304, 388.99
960, 960, 2304, 374.59
1040, 1040, 2304, 398.87
1120, 1120, 2304, 395.98
1200, 1200, 2304, 390.46
1280, 1280, 2304, 371.12
1360, 1360, 2304, 380.62
1440, 1440, 2304, 380.25
1520, 1520, 2304, 385.78
1600, 1600, 2304, 383.53
1680, 1680, 2304, 390.03
1760, 1760, 2304, 387.53
1840, 1840, 2304, 393.08
1920, 1920, 2304, 382.34
2000, 2000, 2304, 386.89
2080, 2080, 2304, 380.37
2160, 2160, 2304, 351.18
2240, 2240, 2304, 381.34
2320, 2320, 2304, 351.75
2400, 2400, 2304, 404.89
2480, 2480, 2304, 352.70
2560, 2560, 2304, 373.26
2640, 2640, 2304, 346.61
2720, 2720, 2304, 381.66
2800, 2800, 2304, 346.60
2880, 2880, 2304, 382.51
2960, 2960, 2304, 348.32
3040, 3040, 2304, 384.69
3120, 3120, 2304, 352.31
3200, 3200, 2304, 377.11
3280, 3280, 2304, 368.63
3360, 3360, 2304, 380.39
3440, 3440, 2304, 370.52
3520, 3520, 2304, 381.70
3600, 3600, 2304, 369.87
3680, 3680, 2304, 383.83
3760, 3760, 2304, 372.46
3840, 3840, 2304, 377.57
3920, 3920, 2304, 367.63
4000, 4000, 2304, 383.72
