bli_shgemm performance
MC = 200, KC = 1536, NC = 2176
m, n, k, GFLOPS
1200, 4352, 80, 182.74
1200, 4352, 160, 256.62
1200, 4352, 240, 294.13
1200, 4352, 320, 324.24
1200, 4352, 400, 338.26
1200, 4352, 480, 347.50
1200, 4352, 560, 353.19
1200, 4352, 640, 352.43
1200, 4352, 720, 354.99
1200, 4352, 800, 354.05
1200, 4352, 880, 354.43
1200, 4352, 960, 356.96
1200, 4352, 1040, 360.85
1200, 4352, 1120, 360.68
1200, 4352, 1200, 362.72
1200, 4352, 1280, 361.35
1200, 4352, 1360, 361.25
1200, 4352, 1440, 363.42
1200, 4352, 1520, 363.68
1200, 4352, 1600, 347.94
1200, 4352, 1680, 350.17
1200, 4352, 1760, 364.67
1200, 4352, 1840, 366.66
1200, 4352, 1920, 367.72
1200, 4352, 2000, 369.62
1200, 4352, 2080, 370.39
1200, 4352, 2160, 370.79
1200, 4352, 2240, 371.23
1200, 4352, 2320, 371.35
1200, 4352, 2400, 371.23
1200, 4352, 2480, 373.46
1200, 4352, 2560, 364.04
1200, 4352, 2640, 373.37
1200, 4352, 2720, 364.57
1200, 4352, 2800, 377.14
1200, 4352, 2880, 377.16
1200, 4352, 2960, 373.91
1200, 4352, 3040, 373.62
1200, 4352, 3120, 364.03
1200, 4352, 3200, 366.01
1200, 4352, 3280, 367.03
1200, 4352, 3360, 368.43
1200, 4352, 3440, 369.72
1200, 4352, 3520, 371.28
1200, 4352, 3600, 369.75
1200, 4352, 3680, 370.88
1200, 4352, 3760, 370.98
1200, 4352, 3840, 372.80
1200, 4352, 3920, 371.31
1200, 4352, 4000, 371.35
