bli_shgemm performance
MC = 200, KC = 1024, NC = 816
m, n, k, GFLOPS
1200, 1632, 80, 244.96
1200, 1632, 160, 309.83
1200, 1632, 240, 336.58
1200, 1632, 320, 354.31
1200, 1632, 400, 361.41
1200, 1632, 480, 365.74
1200, 1632, 560, 371.50
1200, 1632, 640, 375.49
1200, 1632, 720, 370.15
1200, 1632, 800, 381.76
1200, 1632, 880, 367.65
1200, 1632, 960, 377.66
1200, 1632, 1040, 358.57
1200, 1632, 1120, 364.25
1200, 1632, 1200, 362.47
1200, 1632, 1280, 370.82
1200, 1632, 1360, 364.93
1200, 1632, 1440, 371.45
1200, 1632, 1520, 380.32
1200, 1632, 1600, 380.83
1200, 1632, 1680, 380.87
1200, 1632, 1760, 384.94
1200, 1632, 1840, 386.59
1200, 1632, 1920, 386.56
1200, 1632, 2000, 387.81
1200, 1632, 2080, 379.09
1200, 1632, 2160, 381.86
1200, 1632, 2240, 382.51
1200, 1632, 2320, 383.17
1200, 1632, 2400, 384.80
1200, 1632, 2480, 380.74
1200, 1632, 2560, 381.10
1200, 1632, 2640, 381.92
1200, 1632, 2720, 380.44
1200, 1632, 2800, 380.91
1200, 1632, 2880, 382.10
1200, 1632, 2960, 382.78
1200, 1632, 3040, 386.30
1200, 1632, 3120, 377.57
1200, 1632, 3200, 379.52
1200, 1632, 3280, 377.12
1200, 1632, 3360, 379.18
1200, 1632, 3440, 379.26
1200, 1632, 3520, 380.42
1200, 1632, 3600, 378.30
1200, 1632, 3680, 381.23
1200, 1632, 3760, 378.67
1200, 1632, 3840, 382.89
1200, 1632, 3920, 380.24
1200, 1632, 4000, 382.24
