bli_shgemm performance
MC = 288, KC = 1792, NC = 2096
m, n, k, GFLOPS
1728, 4192, 80, 192.87
1728, 4192, 160, 263.65
1728, 4192, 240, 302.18
1728, 4192, 320, 324.45
1728, 4192, 400, 337.36
1728, 4192, 480, 343.67
1728, 4192, 560, 351.05
1728, 4192, 640, 352.17
1728, 4192, 720, 358.55
1728, 4192, 800, 365.04
1728, 4192, 880, 366.67
1728, 4192, 960, 354.40
1728, 4192, 1040, 354.86
1728, 4192, 1120, 358.74
1728, 4192, 1200, 360.66
1728, 4192, 1280, 361.97
1728, 4192, 1360, 359.45
1728, 4192, 1440, 363.84
1728, 4192, 1520, 366.54
1728, 4192, 1600, 366.39
1728, 4192, 1680, 365.46
1728, 4192, 1760, 365.10
1728, 4192, 1840, 344.81
1728, 4192, 1920, 346.25
1728, 4192, 2000, 347.16
1728, 4192, 2080, 349.66
1728, 4192, 2160, 366.75
1728, 4192, 2240, 366.97
1728, 4192, 2320, 365.12
1728, 4192, 2400, 366.00
1728, 4192, 2480, 365.44
1728, 4192, 2560, 367.84
1728, 4192, 2640, 367.44
1728, 4192, 2720, 352.03
1728, 4192, 2800, 352.08
1728, 4192, 2880, 353.10
1728, 4192, 2960, 352.90
1728, 4192, 3040, 353.73
1728, 4192, 3120, 353.29
1728, 4192, 3200, 354.58
1728, 4192, 3280, 354.59
1728, 4192, 3360, 355.46
1728, 4192, 3440, 355.12
1728, 4192, 3520, 356.85
1728, 4192, 3600, 379.00
1728, 4192, 3680, 380.07
1728, 4192, 3760, 380.30
1728, 4192, 3840, 382.42
1728, 4192, 3920, 381.21
1728, 4192, 4000, 382.80
