bli_shgemm performance
MC = 680, KC = 2304, NC = 2720
m, n, k, GFLOPS
4080, 5440, 80, 144.18
4080, 5440, 160, 210.46
4080, 5440, 240, 253.32
4080, 5440, 320, 283.31
4080, 5440, 400, 307.67
4080, 5440, 480, 323.46
4080, 5440, 560, 331.52
4080, 5440, 640, 333.20
4080, 5440, 720, 350.82
4080, 5440, 800, 350.04
4080, 5440, 880, 364.46
4080, 5440, 960, 367.90
4080, 5440, 1040, 366.71
4080, 5440, 1120, 378.92
4080, 5440, 1200, 379.41
4080, 5440, 1280, 384.17
4080, 5440, 1360, 380.15
4080, 5440, 1440, 391.25
4080, 5440, 1520, 392.88
4080, 5440, 1600, 393.92
4080, 5440, 1680, 394.41
4080, 5440, 1760, 395.48
4080, 5440, 1840, 391.59
4080, 5440, 1920, 393.14
4080, 5440, 2000, 400.88
4080, 5440, 2080, 404.69
4080, 5440, 2160, 403.64
4080, 5440, 2240, 404.40
4080, 5440, 2320, 378.18
4080, 5440, 2400, 379.85
4080, 5440, 2480, 380.34
4080, 5440, 2560, 382.91
4080, 5440, 2640, 383.44
4080, 5440, 2720, 386.08
4080, 5440, 2800, 386.52
4080, 5440, 2880, 387.99
4080, 5440, 2960, 386.21
4080, 5440, 3040, 390.45
4080, 5440, 3120, 388.82
4080, 5440, 3200, 392.50
4080, 5440, 3280, 392.53
4080, 5440, 3360, 392.52
4080, 5440, 3440, 394.63
4080, 5440, 3520, 394.91
4080, 5440, 3600, 395.59
4080, 5440, 3680, 395.69
4080, 5440, 3760, 398.43
4080, 5440, 3840, 399.39
4080, 5440, 3920, 399.84
4080, 5440, 4000, 400.33
