bli_shgemm performance
MC = 384, KC = 1536, NC = 4096
m, n, k, GFLOPS
80, 4096, 80, 169.04
160, 4096, 160, 215.89
240, 4096, 240, 242.74
320, 4096, 320, 275.85
400, 4096, 400, 293.78
480, 4096, 480, 307.50
560, 4096, 560, 320.64
640, 4096, 640, 326.50
720, 4096, 720, 334.44
800, 4096, 800, 341.38
880, 4096, 880, 345.19
960, 4096, 960, 351.14
1040, 4096, 1040, 354.73
1120, 4096, 1120, 358.64
1200, 4096, 1200, 355.56
1280, 4096, 1280, 359.01
1360, 4096, 1360, 360.60
1440, 4096, 1440, 364.13
1520, 4096, 1520, 365.82
1600, 4096, 1600, 336.50
1680, 4096, 1680, 340.22
1760, 4096, 1760, 345.07
1840, 4096, 1840, 343.81
1920, 4096, 1920, 346.99
2000, 4096, 2000, 349.01
2080, 4096, 2080, 353.04
2160, 4096, 2160, 349.24
2240, 4096, 2240, 357.62
2320, 4096, 2320, 358.83
2400, 4096, 2400, 359.79
2480, 4096, 2480, 360.76
2560, 4096, 2560, 364.93
2640, 4096, 2640, 364.92
2720, 4096, 2720, 364.64
2800, 4096, 2800, 364.46
2880, 4096, 2880, 369.82
2960, 4096, 2960, 371.14
3040, 4096, 3040, 373.91
3120, 4096, 3120, 350.97
3200, 4096, 3200, 354.15
3280, 4096, 3280, 354.08
3360, 4096, 3360, 356.41
3440, 4096, 3440, 357.91
3520, 4096, 3520, 360.50
3600, 4096, 3600, 359.99
3680, 4096, 3680, 362.72
3760, 4096, 3760, 362.71
3840, 4096, 3840, 366.67
3920, 4096, 3920, 366.23
4000, 4096, 4000, 367.01
