bli_shgemm performance
MC = 512, KC = 2560, NC = 5120
m, n, k, GFLOPS
80, 5120, 80, 176.24
160, 5120, 160, 224.90
240, 5120, 240, 248.50
320, 5120, 320, 279.51
400, 5120, 400, 302.12
480, 5120, 480, 315.82
560, 5120, 560, 322.93
640, 5120, 640, 326.83
720, 5120, 720, 331.33
800, 5120, 800, 339.39
880, 5120, 880, 342.22
960, 5120, 960, 350.97
1040, 5120, 1040, 346.25
1120, 5120, 1120, 348.80
1200, 5120, 1200, 355.71
1280, 5120, 1280, 356.41
1360, 5120, 1360, 361.47
1440, 5120, 1440, 362.87
1520, 5120, 1520, 365.38
1600, 5120, 1600, 368.20
1680, 5120, 1680, 375.90
1760, 5120, 1760, 378.30
1840, 5120, 1840, 380.65
1920, 5120, 1920, 382.98
2000, 5120, 2000, 384.20
2080, 5120, 2080, 382.32
2160, 5120, 2160, 386.12
2240, 5120, 2240, 386.34
2320, 5120, 2320, 389.45
2400, 5120, 2400, 391.09
2480, 5120, 2480, 389.47
2560, 5120, 2560, 393.23
2640, 5120, 2640, 368.18
2720, 5120, 2720, 366.65
2800, 5120, 2800, 366.95
2880, 5120, 2880, 371.63
2960, 5120, 2960, 371.60
3040, 5120, 3040, 371.66
3120, 5120, 3120, 361.94
3200, 5120, 3200, 375.23
3280, 5120, 3280, 379.47
3360, 5120, 3360, 383.14
3440, 5120, 3440, 380.70
3520, 5120, 3520, 385.64
3600, 5120, 3600, 385.18
3680, 5120, 3680, 386.36
3760, 5120, 3760, 385.40
3840, 5120, 3840, 387.32
3920, 5120, 3920, 391.11
4000, 5120, 4000, 391.38
