bli_shgemm performance
MC = 512, KC = 3584, NC = 1024
m, n, k, GFLOPS
80, 1024, 80, 164.54
160, 1024, 160, 232.38
240, 1024, 240, 276.59
320, 1024, 320, 303.12
400, 1024, 400, 325.14
480, 1024, 480, 329.85
560, 1024, 560, 329.20
640, 1024, 640, 331.39
720, 1024, 720, 336.72
800, 1024, 800, 346.43
880, 1024, 880, 351.24
960, 1024, 960, 360.65
1040, 1024, 1040, 362.01
1120, 1024, 1120, 367.08
1200, 1024, 1200, 370.14
1280, 1024, 1280, 376.46
1360, 1024, 1360, 381.14
1440, 1024, 1440, 382.49
1520, 1024, 1520, 382.58
1600, 1024, 1600, 383.21
1680, 1024, 1680, 382.10
1760, 1024, 1760, 386.00
1840, 1024, 1840, 386.18
1920, 1024, 1920, 390.03
2000, 1024, 2000, 389.53
2080, 1024, 2080, 391.25
2160, 1024, 2160, 390.93
2240, 1024, 2240, 393.92
2320, 1024, 2320, 393.26
2400, 1024, 2400, 399.31
2480, 1024, 2480, 400.14
2560, 1024, 2560, 400.89
2640, 1024, 2640, 400.16
2720, 1024, 2720, 400.34
2800, 1024, 2800, 401.45
2880, 1024, 2880, 400.26
2960, 1024, 2960, 398.74
3040, 1024, 3040, 400.24
3120, 1024, 3120, 398.13
3200, 1024, 3200, 401.85
3280, 1024, 3280, 403.78
3360, 1024, 3360, 404.38
3440, 1024, 3440, 404.15
3520, 1024, 3520, 404.18
3600, 1024, 3600, 379.11
3680, 1024, 3680, 380.23
3760, 1024, 3760, 381.17
3840, 1024, 3840, 383.03
3920, 1024, 3920, 384.53
4000, 1024, 4000, 385.70
