bli_shgemm performance
MC = 512, KC = 3584, NC = 2048
m, n, k, GFLOPS
80, 2048, 80, 162.83
160, 2048, 160, 230.96
240, 2048, 240, 265.60
320, 2048, 320, 282.27
400, 2048, 400, 295.32
480, 2048, 480, 309.99
560, 2048, 560, 324.30
640, 2048, 640, 336.01
720, 2048, 720, 342.45
800, 2048, 800, 355.35
880, 2048, 880, 353.71
960, 2048, 960, 351.14
1040, 2048, 1040, 351.12
1120, 2048, 1120, 357.54
1200, 2048, 1200, 359.56
1280, 2048, 1280, 367.17
1360, 2048, 1360, 367.71
1440, 2048, 1440, 372.82
1520, 2048, 1520, 377.81
1600, 2048, 1600, 389.13
1680, 2048, 1680, 390.60
1760, 2048, 1760, 393.15
1840, 2048, 1840, 388.26
1920, 2048, 1920, 390.68
2000, 2048, 2000, 391.10
2080, 2048, 2080, 391.36
2160, 2048, 2160, 392.33
2240, 2048, 2240, 393.43
2320, 2048, 2320, 394.50
2400, 2048, 2400, 395.25
2480, 2048, 2480, 396.66
2560, 2048, 2560, 398.34
2640, 2048, 2640, 396.92
2720, 2048, 2720, 398.67
2800, 2048, 2800, 398.77
2880, 2048, 2880, 400.78
2960, 2048, 2960, 400.27
3040, 2048, 3040, 400.22
3120, 2048, 3120, 401.36
3200, 2048, 3200, 402.96
3280, 2048, 3280, 402.54
3360, 2048, 3360, 403.38
3440, 2048, 3440, 401.81
3520, 2048, 3520, 390.57
3600, 2048, 3600, 379.81
3680, 2048, 3680, 380.74
3760, 2048, 3760, 381.36
3840, 2048, 3840, 383.43
3920, 2048, 3920, 383.76
4000, 2048, 4000, 385.50
