bli_shgemm performance
MC = 640, KC = 1792, NC = 3072
m, n, k, GFLOPS
80, 3072, 80, 166.12
160, 3072, 160, 237.07
240, 3072, 240, 252.48
320, 3072, 320, 276.18
400, 3072, 400, 298.68
480, 3072, 480, 314.78
560, 3072, 560, 329.19
640, 3072, 640, 338.00
720, 3072, 720, 339.12
800, 3072, 800, 351.04
880, 3072, 880, 354.84
960, 3072, 960, 369.27
1040, 3072, 1040, 373.00
1120, 3072, 1120, 369.98
1200, 3072, 1200, 372.32
1280, 3072, 1280, 375.88
1360, 3072, 1360, 373.66
1440, 3072, 1440, 376.81
1520, 3072, 1520, 377.20
1600, 3072, 1600, 379.92
1680, 3072, 1680, 380.45
1760, 3072, 1760, 383.80
1840, 3072, 1840, 336.52
1920, 3072, 1920, 332.70
2000, 3072, 2000, 360.41
2080, 3072, 2080, 363.87
2160, 3072, 2160, 362.14
2240, 3072, 2240, 368.63
2320, 3072, 2320, 366.47
2400, 3072, 2400, 368.28
2480, 3072, 2480, 365.93
2560, 3072, 2560, 370.01
2640, 3072, 2640, 371.27
2720, 3072, 2720, 372.54
2800, 3072, 2800, 374.18
2880, 3072, 2880, 376.84
2960, 3072, 2960, 377.70
3040, 3072, 3040, 378.39
3120, 3072, 3120, 380.00
3200, 3072, 3200, 383.02
3280, 3072, 3280, 381.75
3360, 3072, 3360, 384.01
3440, 3072, 3440, 383.25
3520, 3072, 3520, 385.47
3600, 3072, 3600, 367.53
3680, 3072, 3680, 372.48
3760, 3072, 3760, 371.00
3840, 3072, 3840, 373.52
3920, 3072, 3920, 373.11
4000, 3072, 4000, 374.74
