bli_shgemm performance
MC = 256, KC = 2560, NC = 3072
m, n, k, GFLOPS
80, 3072, 80, 166.17
160, 3072, 160, 233.29
240, 3072, 240, 253.26
320, 3072, 320, 280.96
400, 3072, 400, 299.67
480, 3072, 480, 315.98
560, 3072, 560, 325.54
640, 3072, 640, 328.63
720, 3072, 720, 336.07
800, 3072, 800, 341.61
880, 3072, 880, 349.87
960, 3072, 960, 356.53
1040, 3072, 1040, 357.00
1120, 3072, 1120, 361.76
1200, 3072, 1200, 364.90
1280, 3072, 1280, 368.88
1360, 3072, 1360, 375.28
1440, 3072, 1440, 371.75
1520, 3072, 1520, 374.11
1600, 3072, 1600, 374.10
1680, 3072, 1680, 376.11
1760, 3072, 1760, 378.38
1840, 3072, 1840, 376.89
1920, 3072, 1920, 380.75
2000, 3072, 2000, 382.52
2080, 3072, 2080, 382.62
2160, 3072, 2160, 383.28
2240, 3072, 2240, 387.10
2320, 3072, 2320, 385.89
2400, 3072, 2400, 388.53
2480, 3072, 2480, 389.44
2560, 3072, 2560, 390.93
2640, 3072, 2640, 366.41
2720, 3072, 2720, 368.03
2800, 3072, 2800, 367.78
2880, 3072, 2880, 368.72
2960, 3072, 2960, 370.50
3040, 3072, 3040, 372.60
3120, 3072, 3120, 371.35
3200, 3072, 3200, 374.87
3280, 3072, 3280, 373.62
3360, 3072, 3360, 376.54
3440, 3072, 3440, 376.78
3520, 3072, 3520, 382.23
3600, 3072, 3600, 381.37
3680, 3072, 3680, 383.03
3760, 3072, 3760, 383.08
3840, 3072, 3840, 386.74
3920, 3072, 3920, 386.23
4000, 3072, 4000, 388.72
