bli_shgemm performance
MC = 512, KC = 1024, NC = 5120
m, n, k, GFLOPS
80, 5120, 80, 176.04
160, 5120, 160, 210.28
240, 5120, 240, 250.74
320, 5120, 320, 280.33
400, 5120, 400, 301.52
480, 5120, 480, 315.53
560, 5120, 560, 320.68
640, 5120, 640, 328.66
720, 5120, 720, 334.15
800, 5120, 800, 344.94
880, 5120, 880, 345.48
960, 5120, 960, 348.81
1040, 5120, 1040, 311.26
1120, 5120, 1120, 320.37
1200, 5120, 1200, 321.76
1280, 5120, 1280, 329.10
1360, 5120, 1360, 328.25
1440, 5120, 1440, 332.81
1520, 5120, 1520, 334.07
1600, 5120, 1600, 334.92
1680, 5120, 1680, 338.10
1760, 5120, 1760, 343.37
1840, 5120, 1840, 344.44
1920, 5120, 1920, 350.89
2000, 5120, 2000, 349.81
2080, 5120, 2080, 328.26
2160, 5120, 2160, 326.51
2240, 5120, 2240, 332.01
2320, 5120, 2320, 333.58
2400, 5120, 2400, 336.77
2480, 5120, 2480, 338.41
2560, 5120, 2560, 341.14
2640, 5120, 2640, 342.43
2720, 5120, 2720, 343.09
2800, 5120, 2800, 343.40
2880, 5120, 2880, 347.39
2960, 5120, 2960, 350.77
3040, 5120, 3040, 353.54
3120, 5120, 3120, 332.45
3200, 5120, 3200, 335.24
3280, 5120, 3280, 337.72
3360, 5120, 3360, 340.56
3440, 5120, 3440, 342.01
3520, 5120, 3520, 346.67
3600, 5120, 3600, 343.68
3680, 5120, 3680, 346.62
3760, 5120, 3760, 346.30
3840, 5120, 3840, 351.03
3920, 5120, 3920, 348.80
4000, 5120, 4000, 352.70
