bli_shgemm performance
MC = 256, KC = 4096, NC = 3072
m, n, k, GFLOPS
80, 3072, 80, 166.90
160, 3072, 160, 234.44
240, 3072, 240, 256.92
320, 3072, 320, 281.87
400, 3072, 400, 300.52
480, 3072, 480, 315.17
560, 3072, 560, 324.27
640, 3072, 640, 333.22
720, 3072, 720, 341.70
800, 3072, 800, 348.81
880, 3072, 880, 355.15
960, 3072, 960, 362.11
1040, 3072, 1040, 362.93
1120, 3072, 1120, 360.67
1200, 3072, 1200, 363.29
1280, 3072, 1280, 368.11
1360, 3072, 1360, 366.57
1440, 3072, 1440, 370.56
1520, 3072, 1520, 371.97
1600, 3072, 1600, 373.10
1680, 3072, 1680, 375.72
1760, 3072, 1760, 377.08
1840, 3072, 1840, 375.92
1920, 3072, 1920, 379.41
2000, 3072, 2000, 381.53
2080, 3072, 2080, 390.25
2160, 3072, 2160, 391.80
2240, 3072, 2240, 386.14
2320, 3072, 2320, 385.42
2400, 3072, 2400, 387.55
2480, 3072, 2480, 388.82
2560, 3072, 2560, 391.16
2640, 3072, 2640, 390.20
2720, 3072, 2720, 392.52
2800, 3072, 2800, 393.27
2880, 3072, 2880, 394.49
2960, 3072, 2960, 394.38
3040, 3072, 3040, 397.66
3120, 3072, 3120, 397.17
3200, 3072, 3200, 398.59
3280, 3072, 3280, 399.40
3360, 3072, 3360, 398.76
3440, 3072, 3440, 403.80
3520, 3072, 3520, 403.62
3600, 3072, 3600, 400.10
3680, 3072, 3680, 401.18
3760, 3072, 3760, 401.68
3840, 3072, 3840, 403.27
3920, 3072, 3920, 402.88
4000, 3072, 4000, 404.56
