bli_shgemm performance
MC = 640, KC = 256, NC = 3072
m, n, k, GFLOPS
80, 3072, 80, 166.44
160, 3072, 160, 229.54
240, 3072, 240, 254.33
320, 3072, 320, 237.09
400, 3072, 400, 255.29
480, 3072, 480, 274.57
560, 3072, 560, 257.98
640, 3072, 640, 271.23
720, 3072, 720, 280.42
800, 3072, 800, 267.32
880, 3072, 880, 276.30
960, 3072, 960, 285.01
1040, 3072, 1040, 275.64
1120, 3072, 1120, 282.81
1200, 3072, 1200, 288.32
1280, 3072, 1280, 295.51
1360, 3072, 1360, 280.63
1440, 3072, 1440, 287.46
1520, 3072, 1520, 288.43
1600, 3072, 1600, 282.77
1680, 3072, 1680, 284.80
1760, 3072, 1760, 298.39
1840, 3072, 1840, 290.24
1920, 3072, 1920, 304.26
2000, 3072, 2000, 299.23
2080, 3072, 2080, 263.67
2160, 3072, 2160, 260.80
2240, 3072, 2240, 264.66
2320, 3072, 2320, 253.51
2400, 3072, 2400, 263.42
2480, 3072, 2480, 257.55
2560, 3072, 2560, 263.37
2640, 3072, 2640, 254.47
2720, 3072, 2720, 257.48
2800, 3072, 2800, 255.46
2880, 3072, 2880, 254.11
2960, 3072, 2960, 252.98
3040, 3072, 3040, 255.63
3120, 3072, 3120, 247.01
3200, 3072, 3200, 253.62
3280, 3072, 3280, 250.56
3360, 3072, 3360, 246.33
3440, 3072, 3440, 245.77
3520, 3072, 3520, 250.22
3600, 3072, 3600, 240.28
3680, 3072, 3680, 246.31
3760, 3072, 3760, 243.21
3840, 3072, 3840, 249.38
3920, 3072, 3920, 240.84
4000, 3072, 4000, 245.01
