bli_shgemm performance
MC = 384, KC = 768, NC = 1024
m, n, k, GFLOPS
80, 1024, 80, 167.50
160, 1024, 160, 234.49
240, 1024, 240, 276.23
320, 1024, 320, 302.61
400, 1024, 400, 322.07
480, 1024, 480, 325.92
560, 1024, 560, 328.37
640, 1024, 640, 333.26
720, 1024, 720, 334.16
800, 1024, 800, 315.05
880, 1024, 880, 317.15
960, 1024, 960, 330.48
1040, 1024, 1040, 331.77
1120, 1024, 1120, 343.05
1200, 1024, 1200, 342.39
1280, 1024, 1280, 352.44
1360, 1024, 1360, 348.75
1440, 1024, 1440, 354.62
1520, 1024, 1520, 355.51
1600, 1024, 1600, 346.15
1680, 1024, 1680, 343.23
1760, 1024, 1760, 350.00
1840, 1024, 1840, 364.96
1920, 1024, 1920, 368.14
2000, 1024, 2000, 369.81
2080, 1024, 2080, 365.51
2160, 1024, 2160, 366.94
2240, 1024, 2240, 373.62
2320, 1024, 2320, 354.00
2400, 1024, 2400, 364.51
2480, 1024, 2480, 357.88
2560, 1024, 2560, 368.19
2640, 1024, 2640, 362.04
2720, 1024, 2720, 372.04
2800, 1024, 2800, 364.30
2880, 1024, 2880, 374.77
2960, 1024, 2960, 367.01
3040, 1024, 3040, 376.99
3120, 1024, 3120, 367.84
3200, 1024, 3200, 368.84
3280, 1024, 3280, 370.35
3360, 1024, 3360, 371.66
3440, 1024, 3440, 373.22
3520, 1024, 3520, 374.57
3600, 1024, 3600, 375.42
3680, 1024, 3680, 375.99
3760, 1024, 3760, 376.13
3840, 1024, 3840, 378.21
3920, 1024, 3920, 370.24
4000, 1024, 4000, 370.91
