bli_shgemm performance
MC = 256, KC = 1024, NC = 5120
m, n, k, GFLOPS
80, 5120, 80, 176.38
160, 5120, 160, 209.06
240, 5120, 240, 248.87
320, 5120, 320, 276.07
400, 5120, 400, 296.85
480, 5120, 480, 309.00
560, 5120, 560, 315.90
640, 5120, 640, 321.61
720, 5120, 720, 329.47
800, 5120, 800, 332.65
880, 5120, 880, 337.04
960, 5120, 960, 341.10
1040, 5120, 1040, 306.77
1120, 5120, 1120, 314.98
1200, 5120, 1200, 319.00
1280, 5120, 1280, 321.95
1360, 5120, 1360, 324.08
1440, 5120, 1440, 327.21
1520, 5120, 1520, 329.30
1600, 5120, 1600, 329.84
1680, 5120, 1680, 334.43
1760, 5120, 1760, 341.26
1840, 5120, 1840, 337.44
1920, 5120, 1920, 341.77
2000, 5120, 2000, 344.89
2080, 5120, 2080, 320.89
2160, 5120, 2160, 320.35
2240, 5120, 2240, 324.76
2320, 5120, 2320, 327.41
2400, 5120, 2400, 329.53
2480, 5120, 2480, 332.59
2560, 5120, 2560, 334.64
2640, 5120, 2640, 334.61
2720, 5120, 2720, 337.35
2800, 5120, 2800, 340.60
2880, 5120, 2880, 340.02
2960, 5120, 2960, 340.20
3040, 5120, 3040, 348.06
3120, 5120, 3120, 325.89
3200, 5120, 3200, 330.41
3280, 5120, 3280, 335.01
3360, 5120, 3360, 336.22
3440, 5120, 3440, 337.36
3520, 5120, 3520, 341.26
3600, 5120, 3600, 339.76
3680, 5120, 3680, 342.67
3760, 5120, 3760, 342.29
3840, 5120, 3840, 347.45
3920, 5120, 3920, 344.85
4000, 5120, 4000, 346.72
