bli_shgemm performance
MC = 640, KC = 1024, NC = 2048
m, n, k, GFLOPS
80, 2048, 80, 164.97
160, 2048, 160, 232.50
240, 2048, 240, 272.46
320, 2048, 320, 282.01
400, 2048, 400, 297.83
480, 2048, 480, 308.56
560, 2048, 560, 329.06
640, 2048, 640, 339.59
720, 2048, 720, 338.80
800, 2048, 800, 348.60
880, 2048, 880, 352.93
960, 2048, 960, 362.83
1040, 2048, 1040, 336.57
1120, 2048, 1120, 340.74
1200, 2048, 1200, 344.80
1280, 2048, 1280, 349.40
1360, 2048, 1360, 355.88
1440, 2048, 1440, 361.72
1520, 2048, 1520, 362.11
1600, 2048, 1600, 367.61
1680, 2048, 1680, 368.17
1760, 2048, 1760, 372.43
1840, 2048, 1840, 374.90
1920, 2048, 1920, 376.14
2000, 2048, 2000, 376.35
2080, 2048, 2080, 351.47
2160, 2048, 2160, 353.52
2240, 2048, 2240, 356.28
2320, 2048, 2320, 341.21
2400, 2048, 2400, 328.36
2480, 2048, 2480, 327.08
2560, 2048, 2560, 333.96
2640, 2048, 2640, 330.93
2720, 2048, 2720, 336.11
2800, 2048, 2800, 363.75
2880, 2048, 2880, 364.17
2960, 2048, 2960, 364.34
3040, 2048, 3040, 365.28
3120, 2048, 3120, 351.71
3200, 2048, 3200, 355.15
3280, 2048, 3280, 353.16
3360, 2048, 3360, 356.32
3440, 2048, 3440, 356.25
3520, 2048, 3520, 360.77
3600, 2048, 3600, 358.73
3680, 2048, 3680, 362.70
3760, 2048, 3760, 361.18
3840, 2048, 3840, 365.65
3920, 2048, 3920, 362.28
4000, 2048, 4000, 365.28
