bli_shgemm performance
MC = 384, KC = 4096, NC = 5120
m, n, k, GFLOPS
80, 5120, 80, 165.23
160, 5120, 160, 194.95
240, 5120, 240, 241.37
320, 5120, 320, 261.32
400, 5120, 400, 279.92
480, 5120, 480, 293.78
560, 5120, 560, 304.76
640, 5120, 640, 313.57
720, 5120, 720, 318.51
800, 5120, 800, 315.41
880, 5120, 880, 329.26
960, 5120, 960, 333.49
1040, 5120, 1040, 341.64
1120, 5120, 1120, 343.20
1200, 5120, 1200, 343.50
1280, 5120, 1280, 346.69
1360, 5120, 1360, 353.15
1440, 5120, 1440, 354.91
1520, 5120, 1520, 356.55
1600, 5120, 1600, 360.82
1680, 5120, 1680, 369.21
1760, 5120, 1760, 348.29
1840, 5120, 1840, 356.66
1920, 5120, 1920, 362.96
2000, 5120, 2000, 361.38
2080, 5120, 2080, 364.05
2160, 5120, 2160, 365.87
2240, 5120, 2240, 367.02
2320, 5120, 2320, 368.41
2400, 5120, 2400, 372.83
2480, 5120, 2480, 372.38
2560, 5120, 2560, 376.73
2640, 5120, 2640, 376.47
2720, 5120, 2720, 375.17
2800, 5120, 2800, 368.62
2880, 5120, 2880, 374.41
2960, 5120, 2960, 379.22
3040, 5120, 3040, 385.11
3120, 5120, 3120, 384.29
3200, 5120, 3200, 385.90
3280, 5120, 3280, 390.88
3360, 5120, 3360, 391.74
3440, 5120, 3440, 392.09
3520, 5120, 3520, 391.07
3600, 5120, 3600, 390.99
3680, 5120, 3680, 390.50
3760, 5120, 3760, 390.69
3840, 5120, 3840, 389.36
3920, 5120, 3920, 387.07
4000, 5120, 4000, 386.07
