bli_shgemm performance
MC = 256, KC = 768, NC = 5120
m, n, k, GFLOPS
80, 5120, 80, 173.06
160, 5120, 160, 209.67
240, 5120, 240, 247.00
320, 5120, 320, 274.19
400, 5120, 400, 296.51
480, 5120, 480, 310.25
560, 5120, 560, 315.33
640, 5120, 640, 320.82
720, 5120, 720, 329.60
800, 5120, 800, 294.65
880, 5120, 880, 303.43
960, 5120, 960, 311.31
1040, 5120, 1040, 309.29
1120, 5120, 1120, 315.70
1200, 5120, 1200, 318.32
1280, 5120, 1280, 323.47
1360, 5120, 1360, 322.96
1440, 5120, 1440, 323.61
1520, 5120, 1520, 327.01
1600, 5120, 1600, 304.98
1680, 5120, 1680, 305.93
1760, 5120, 1760, 309.47
1840, 5120, 1840, 310.93
1920, 5120, 1920, 316.69
2000, 5120, 2000, 321.21
2080, 5120, 2080, 320.59
2160, 5120, 2160, 323.50
2240, 5120, 2240, 326.66
2320, 5120, 2320, 305.82
2400, 5120, 2400, 309.46
2480, 5120, 2480, 310.64
2560, 5120, 2560, 314.16
2640, 5120, 2640, 314.75
2720, 5120, 2720, 322.29
2800, 5120, 2800, 320.23
2880, 5120, 2880, 326.02
2960, 5120, 2960, 322.38
3040, 5120, 3040, 326.33
3120, 5120, 3120, 308.30
3200, 5120, 3200, 314.79
3280, 5120, 3280, 318.75
3360, 5120, 3360, 320.51
3440, 5120, 3440, 321.50
3520, 5120, 3520, 326.13
3600, 5120, 3600, 324.01
3680, 5120, 3680, 327.07
3760, 5120, 3760, 326.33
3840, 5120, 3840, 331.73
3920, 5120, 3920, 316.09
4000, 5120, 4000, 318.36
