bli_shgemm performance
MC = 640, KC = 1792, NC = 5120
m, n, k, GFLOPS
80, 5120, 80, 177.15
160, 5120, 160, 211.55
240, 5120, 240, 247.89
320, 5120, 320, 280.33
400, 5120, 400, 302.06
480, 5120, 480, 315.52
560, 5120, 560, 325.64
640, 5120, 640, 332.03
720, 5120, 720, 331.85
800, 5120, 800, 342.96
880, 5120, 880, 342.99
960, 5120, 960, 345.16
1040, 5120, 1040, 348.99
1120, 5120, 1120, 352.07
1200, 5120, 1200, 355.24
1280, 5120, 1280, 358.43
1360, 5120, 1360, 361.38
1440, 5120, 1440, 361.25
1520, 5120, 1520, 362.61
1600, 5120, 1600, 368.74
1680, 5120, 1680, 375.56
1760, 5120, 1760, 374.96
1840, 5120, 1840, 348.65
1920, 5120, 1920, 349.52
2000, 5120, 2000, 348.98
2080, 5120, 2080, 355.54
2160, 5120, 2160, 353.69
2240, 5120, 2240, 361.15
2320, 5120, 2320, 359.96
2400, 5120, 2400, 362.98
2480, 5120, 2480, 363.41
2560, 5120, 2560, 368.22
2640, 5120, 2640, 366.56
2720, 5120, 2720, 368.23
2800, 5120, 2800, 365.68
2880, 5120, 2880, 371.89
2960, 5120, 2960, 373.08
3040, 5120, 3040, 368.97
3120, 5120, 3120, 375.85
3200, 5120, 3200, 379.73
3280, 5120, 3280, 379.63
3360, 5120, 3360, 384.95
3440, 5120, 3440, 385.35
3520, 5120, 3520, 384.35
3600, 5120, 3600, 363.23
3680, 5120, 3680, 365.19
3760, 5120, 3760, 366.78
3840, 5120, 3840, 368.60
3920, 5120, 3920, 366.73
4000, 5120, 4000, 368.77
