bli_shgemm performance
MC = 640, KC = 256, NC = 5120
m, n, k, GFLOPS
80, 5120, 80, 170.82
160, 5120, 160, 209.79
240, 5120, 240, 251.44
320, 5120, 320, 229.93
400, 5120, 400, 251.50
480, 5120, 480, 268.77
560, 5120, 560, 246.61
640, 5120, 640, 261.34
720, 5120, 720, 266.79
800, 5120, 800, 250.31
880, 5120, 880, 260.15
960, 5120, 960, 265.79
1040, 5120, 1040, 252.03
1120, 5120, 1120, 261.04
1200, 5120, 1200, 261.39
1280, 5120, 1280, 267.60
1360, 5120, 1360, 252.71
1440, 5120, 1440, 256.81
1520, 5120, 1520, 258.95
1600, 5120, 1600, 251.06
1680, 5120, 1680, 246.89
1760, 5120, 1760, 248.26
1840, 5120, 1840, 239.15
1920, 5120, 1920, 248.99
2000, 5120, 2000, 247.12
2080, 5120, 2080, 237.37
2160, 5120, 2160, 244.62
2240, 5120, 2240, 235.30
2320, 5120, 2320, 205.29
2400, 5120, 2400, 241.34
2480, 5120, 2480, 240.95
2560, 5120, 2560, 231.40
2640, 5120, 2640, 230.98
2720, 5120, 2720, 228.45
2800, 5120, 2800, 234.08
2880, 5120, 2880, 231.51
2960, 5120, 2960, 219.39
3040, 5120, 3040, 236.31
3120, 5120, 3120, 210.64
3200, 5120, 3200, 230.75
3280, 5120, 3280, 230.82
3360, 5120, 3360, 226.46
3440, 5120, 3440, 227.45
3520, 5120, 3520, 231.30
3600, 5120, 3600, 223.31
3680, 5120, 3680, 226.92
3760, 5120, 3760, 226.86
3840, 5120, 3840, 231.28
3920, 5120, 3920, 223.01
4000, 5120, 4000, 226.95
