bli_shgemm performance
MC = 384, KC = 3072, NC = 1024
m, n, k, GFLOPS
80, 1024, 80, 167.02
160, 1024, 160, 231.02
240, 1024, 240, 275.48
320, 1024, 320, 302.98
400, 1024, 400, 319.32
480, 1024, 480, 322.63
560, 1024, 560, 324.58
640, 1024, 640, 335.36
720, 1024, 720, 339.49
800, 1024, 800, 351.60
880, 1024, 880, 354.59
960, 1024, 960, 363.66
1040, 1024, 1040, 364.46
1120, 1024, 1120, 371.65
1200, 1024, 1200, 367.20
1280, 1024, 1280, 372.94
1360, 1024, 1360, 372.55
1440, 1024, 1440, 377.29
1520, 1024, 1520, 376.55
1600, 1024, 1600, 379.88
1680, 1024, 1680, 380.76
1760, 1024, 1760, 383.91
1840, 1024, 1840, 384.63
1920, 1024, 1920, 388.57
2000, 1024, 2000, 386.95
2080, 1024, 2080, 389.24
2160, 1024, 2160, 393.30
2240, 1024, 2240, 394.74
2320, 1024, 2320, 394.55
2400, 1024, 2400, 395.90
2480, 1024, 2480, 396.67
2560, 1024, 2560, 397.72
2640, 1024, 2640, 399.18
2720, 1024, 2720, 398.59
2800, 1024, 2800, 399.70
2880, 1024, 2880, 400.42
2960, 1024, 2960, 401.59
3040, 1024, 3040, 402.66
3120, 1024, 3120, 388.05
3200, 1024, 3200, 388.63
3280, 1024, 3280, 390.15
3360, 1024, 3360, 391.66
3440, 1024, 3440, 393.02
3520, 1024, 3520, 393.31
3600, 1024, 3600, 394.14
3680, 1024, 3680, 394.41
3760, 1024, 3760, 394.35
3840, 1024, 3840, 396.43
3920, 1024, 3920, 395.89
4000, 1024, 4000, 397.17
