bli_shgemm performance
MC = 256, KC = 512, NC = 5120
m, n, k, GFLOPS
80, 5120, 80, 176.66
160, 5120, 160, 208.02
240, 5120, 240, 247.22
320, 5120, 320, 274.27
400, 5120, 400, 293.48
480, 5120, 480, 308.66
560, 5120, 560, 275.87
640, 5120, 640, 283.74
720, 5120, 720, 298.81
800, 5120, 800, 300.47
880, 5120, 880, 306.35
960, 5120, 960, 313.57
1040, 5120, 1040, 283.60
1120, 5120, 1120, 289.20
1200, 5120, 1200, 294.30
1280, 5120, 1280, 299.93
1360, 5120, 1360, 296.61
1440, 5120, 1440, 302.98
1520, 5120, 1520, 302.68
1600, 5120, 1600, 286.29
1680, 5120, 1680, 286.15
1760, 5120, 1760, 291.64
1840, 5120, 1840, 292.51
1920, 5120, 1920, 293.78
2000, 5120, 2000, 297.29
2080, 5120, 2080, 281.70
2160, 5120, 2160, 283.51
2240, 5120, 2240, 288.42
2320, 5120, 2320, 288.79
2400, 5120, 2400, 291.09
2480, 5120, 2480, 292.66
2560, 5120, 2560, 297.55
2640, 5120, 2640, 281.37
2720, 5120, 2720, 284.60
2800, 5120, 2800, 288.36
2880, 5120, 2880, 289.93
2960, 5120, 2960, 290.73
3040, 5120, 3040, 294.18
3120, 5120, 3120, 281.16
3200, 5120, 3200, 286.71
3280, 5120, 3280, 286.86
3360, 5120, 3360, 289.56
3440, 5120, 3440, 290.11
3520, 5120, 3520, 294.22
3600, 5120, 3600, 281.15
3680, 5120, 3680, 284.46
3760, 5120, 3760, 284.33
3840, 5120, 3840, 287.39
3920, 5120, 3920, 287.60
4000, 5120, 4000, 290.59
