bli_shgemm performance
MC = 640, KC = 2048, NC = 2048
m, n, k, GFLOPS
80, 2048, 80, 162.59
160, 2048, 160, 234.33
240, 2048, 240, 269.55
320, 2048, 320, 282.98
400, 2048, 400, 296.62
480, 2048, 480, 311.07
560, 2048, 560, 322.95
640, 2048, 640, 334.31
720, 2048, 720, 343.69
800, 2048, 800, 355.35
880, 2048, 880, 360.03
960, 2048, 960, 368.49
1040, 2048, 1040, 371.30
1120, 2048, 1120, 375.93
1200, 2048, 1200, 378.87
1280, 2048, 1280, 377.00
1360, 2048, 1360, 377.12
1440, 2048, 1440, 379.68
1520, 2048, 1520, 381.02
1600, 2048, 1600, 383.78
1680, 2048, 1680, 385.95
1760, 2048, 1760, 388.21
1840, 2048, 1840, 389.19
1920, 2048, 1920, 391.43
2000, 2048, 2000, 390.53
2080, 2048, 2080, 371.89
2160, 2048, 2160, 372.28
2240, 2048, 2240, 375.53
2320, 2048, 2320, 375.05
2400, 2048, 2400, 377.05
2480, 2048, 2480, 376.20
2560, 2048, 2560, 378.17
2640, 2048, 2640, 376.66
2720, 2048, 2720, 380.95
2800, 2048, 2800, 382.32
2880, 2048, 2880, 384.60
2960, 2048, 2960, 385.05
3040, 2048, 3040, 387.92
3120, 2048, 3120, 387.86
3200, 2048, 3200, 390.85
3280, 2048, 3280, 389.24
3360, 2048, 3360, 390.40
3440, 2048, 3440, 390.95
3520, 2048, 3520, 393.51
3600, 2048, 3600, 393.19
3680, 2048, 3680, 394.27
3760, 2048, 3760, 395.03
3840, 2048, 3840, 396.45
3920, 2048, 3920, 395.75
4000, 2048, 4000, 397.23
