bli_shgemm performance
MC = 384, KC = 3584, NC = 4096
m, n, k, GFLOPS
80, 4096, 80, 168.01
160, 4096, 160, 212.86
240, 4096, 240, 244.43
320, 4096, 320, 274.81
400, 4096, 400, 291.98
480, 4096, 480, 306.26
560, 4096, 560, 319.63
640, 4096, 640, 328.27
720, 4096, 720, 334.70
800, 4096, 800, 339.32
880, 4096, 880, 342.97
960, 4096, 960, 349.55
1040, 4096, 1040, 353.00
1120, 4096, 1120, 358.19
1200, 4096, 1200, 356.56
1280, 4096, 1280, 360.96
1360, 4096, 1360, 360.88
1440, 4096, 1440, 365.38
1520, 4096, 1520, 367.10
1600, 4096, 1600, 367.08
1680, 4096, 1680, 369.30
1760, 4096, 1760, 375.06
1840, 4096, 1840, 372.24
1920, 4096, 1920, 377.34
2000, 4096, 2000, 376.42
2080, 4096, 2080, 383.85
2160, 4096, 2160, 385.53
2240, 4096, 2240, 387.03
2320, 4096, 2320, 387.03
2400, 4096, 2400, 388.51
2480, 4096, 2480, 388.84
2560, 4096, 2560, 392.19
2640, 4096, 2640, 392.62
2720, 4096, 2720, 392.05
2800, 4096, 2800, 393.01
2880, 4096, 2880, 394.72
2960, 4096, 2960, 396.12
3040, 4096, 3040, 394.94
3120, 4096, 3120, 396.64
3200, 4096, 3200, 397.85
3280, 4096, 3280, 398.32
3360, 4096, 3360, 399.38
3440, 4096, 3440, 399.22
3520, 4096, 3520, 400.70
3600, 4096, 3600, 378.74
3680, 4096, 3680, 380.26
3760, 4096, 3760, 380.16
3840, 4096, 3840, 381.95
3920, 4096, 3920, 380.91
4000, 4096, 4000, 383.55
