bli_shgemm performance
MC = 512, KC = 2304, NC = 4096
m, n, k, GFLOPS
80, 4096, 80, 168.56
160, 4096, 160, 214.41
240, 4096, 240, 246.37
320, 4096, 320, 275.07
400, 4096, 400, 297.91
480, 4096, 480, 313.72
560, 4096, 560, 322.07
640, 4096, 640, 327.62
720, 4096, 720, 335.80
800, 4096, 800, 344.28
880, 4096, 880, 347.52
960, 4096, 960, 353.42
1040, 4096, 1040, 351.52
1120, 4096, 1120, 354.56
1200, 4096, 1200, 358.46
1280, 4096, 1280, 364.04
1360, 4096, 1360, 361.97
1440, 4096, 1440, 365.03
1520, 4096, 1520, 364.08
1600, 4096, 1600, 367.38
1680, 4096, 1680, 368.30
1760, 4096, 1760, 370.41
1840, 4096, 1840, 370.27
1920, 4096, 1920, 376.85
2000, 4096, 2000, 377.71
2080, 4096, 2080, 384.65
2160, 4096, 2160, 385.88
2240, 4096, 2240, 389.32
2320, 4096, 2320, 365.39
2400, 4096, 2400, 366.26
2480, 4096, 2480, 367.78
2560, 4096, 2560, 369.42
2640, 4096, 2640, 370.20
2720, 4096, 2720, 371.67
2800, 4096, 2800, 368.77
2880, 4096, 2880, 375.28
2960, 4096, 2960, 374.76
3040, 4096, 3040, 373.53
3120, 4096, 3120, 370.80
3200, 4096, 3200, 376.26
3280, 4096, 3280, 381.36
3360, 4096, 3360, 379.85
3440, 4096, 3440, 383.55
3520, 4096, 3520, 383.31
3600, 4096, 3600, 384.50
3680, 4096, 3680, 385.20
3760, 4096, 3760, 387.34
3840, 4096, 3840, 386.11
3920, 4096, 3920, 389.70
4000, 4096, 4000, 388.71
