bli_shgemm performance
MC = 256, KC = 4096, NC = 5120
m, n, k, GFLOPS
80, 5120, 80, 164.75
160, 5120, 160, 195.44
240, 5120, 240, 229.81
320, 5120, 320, 258.83
400, 5120, 400, 281.02
480, 5120, 480, 296.01
560, 5120, 560, 303.79
640, 5120, 640, 310.70
720, 5120, 720, 316.93
800, 5120, 800, 322.07
880, 5120, 880, 327.30
960, 5120, 960, 337.10
1040, 5120, 1040, 334.97
1120, 5120, 1120, 338.24
1200, 5120, 1200, 341.47
1280, 5120, 1280, 344.64
1360, 5120, 1360, 348.84
1440, 5120, 1440, 351.37
1520, 5120, 1520, 353.57
1600, 5120, 1600, 357.16
1680, 5120, 1680, 366.45
1760, 5120, 1760, 343.41
1840, 5120, 1840, 350.53
1920, 5120, 1920, 356.45
2000, 5120, 2000, 358.15
2080, 5120, 2080, 358.49
2160, 5120, 2160, 360.52
2240, 5120, 2240, 362.76
2320, 5120, 2320, 363.41
2400, 5120, 2400, 368.51
2480, 5120, 2480, 367.46
2560, 5120, 2560, 371.36
2640, 5120, 2640, 369.70
2720, 5120, 2720, 371.22
2800, 5120, 2800, 365.14
2880, 5120, 2880, 369.36
2960, 5120, 2960, 373.61
3040, 5120, 3040, 379.27
3120, 5120, 3120, 379.49
3200, 5120, 3200, 380.76
3280, 5120, 3280, 386.53
3360, 5120, 3360, 386.37
3440, 5120, 3440, 387.20
3520, 5120, 3520, 388.26
3600, 5120, 3600, 388.81
3680, 5120, 3680, 387.73
3760, 5120, 3760, 390.74
3840, 5120, 3840, 391.81
3920, 5120, 3920, 390.68
4000, 5120, 4000, 390.99
