bli_shgemm performance
MC = 384, KC = 3328, NC = 3072
m, n, k, GFLOPS
80, 3072, 80, 166.74
160, 3072, 160, 233.88
240, 3072, 240, 257.11
320, 3072, 320, 280.79
400, 3072, 400, 301.17
480, 3072, 480, 315.72
560, 3072, 560, 328.86
640, 3072, 640, 338.18
720, 3072, 720, 339.97
800, 3072, 800, 346.71
880, 3072, 880, 351.64
960, 3072, 960, 358.15
1040, 3072, 1040, 362.32
1120, 3072, 1120, 368.30
1200, 3072, 1200, 365.45
1280, 3072, 1280, 371.63
1360, 3072, 1360, 372.30
1440, 3072, 1440, 373.43
1520, 3072, 1520, 376.24
1600, 3072, 1600, 376.07
1680, 3072, 1680, 387.92
1760, 3072, 1760, 388.92
1840, 3072, 1840, 391.25
1920, 3072, 1920, 383.44
2000, 3072, 2000, 383.90
2080, 3072, 2080, 385.92
2160, 3072, 2160, 387.02
2240, 3072, 2240, 389.44
2320, 3072, 2320, 389.32
2400, 3072, 2400, 390.68
2480, 3072, 2480, 391.53
2560, 3072, 2560, 394.05
2640, 3072, 2640, 394.25
2720, 3072, 2720, 394.72
2800, 3072, 2800, 395.47
2880, 3072, 2880, 397.38
2960, 3072, 2960, 400.81
3040, 3072, 3040, 402.36
3120, 3072, 3120, 402.60
3200, 3072, 3200, 401.06
3280, 3072, 3280, 400.35
3360, 3072, 3360, 379.53
3440, 3072, 3440, 379.28
3520, 3072, 3520, 381.06
3600, 3072, 3600, 379.58
3680, 3072, 3680, 382.38
3760, 3072, 3760, 384.17
3840, 3072, 3840, 386.21
3920, 3072, 3920, 385.57
4000, 3072, 4000, 385.22
