bli_shgemm performance
MC = 256, KC = 3072, NC = 2048
m, n, k, GFLOPS
80, 2048, 80, 163.90
160, 2048, 160, 234.74
240, 2048, 240, 271.67
320, 2048, 320, 287.44
400, 2048, 400, 301.84
480, 2048, 480, 312.73
560, 2048, 560, 322.80
640, 2048, 640, 332.28
720, 2048, 720, 339.67
800, 2048, 800, 343.02
880, 2048, 880, 348.86
960, 2048, 960, 357.59
1040, 2048, 1040, 358.03
1120, 2048, 1120, 362.84
1200, 2048, 1200, 364.72
1280, 2048, 1280, 370.03
1360, 2048, 1360, 371.14
1440, 2048, 1440, 373.85
1520, 2048, 1520, 376.58
1600, 2048, 1600, 382.86
1680, 2048, 1680, 384.59
1760, 2048, 1760, 380.49
1840, 2048, 1840, 379.30
1920, 2048, 1920, 381.44
2000, 2048, 2000, 382.38
2080, 2048, 2080, 385.54
2160, 2048, 2160, 385.06
2240, 2048, 2240, 387.88
2320, 2048, 2320, 386.81
2400, 2048, 2400, 388.16
2480, 2048, 2480, 389.52
2560, 2048, 2560, 392.37
2640, 2048, 2640, 390.56
2720, 2048, 2720, 392.38
2800, 2048, 2800, 393.06
2880, 2048, 2880, 394.15
2960, 2048, 2960, 393.65
3040, 2048, 3040, 394.80
3120, 2048, 3120, 377.64
3200, 2048, 3200, 379.89
3280, 2048, 3280, 379.32
3360, 2048, 3360, 378.80
3440, 2048, 3440, 381.74
3520, 2048, 3520, 383.36
3600, 2048, 3600, 381.88
3680, 2048, 3680, 382.72
3760, 2048, 3760, 382.81
3840, 2048, 3840, 385.60
3920, 2048, 3920, 384.77
4000, 2048, 4000, 386.41
