bli_shgemm performance
MC = 512, KC = 1792, NC = 4096
m, n, k, GFLOPS
80, 4096, 80, 168.00
160, 4096, 160, 228.36
240, 4096, 240, 242.11
320, 4096, 320, 272.99
400, 4096, 400, 296.75
480, 4096, 480, 312.52
560, 4096, 560, 321.17
640, 4096, 640, 327.37
720, 4096, 720, 335.43
800, 4096, 800, 344.62
880, 4096, 880, 346.54
960, 4096, 960, 352.48
1040, 4096, 1040, 347.33
1120, 4096, 1120, 351.76
1200, 4096, 1200, 354.81
1280, 4096, 1280, 358.18
1360, 4096, 1360, 362.26
1440, 4096, 1440, 365.14
1520, 4096, 1520, 363.98
1600, 4096, 1600, 366.02
1680, 4096, 1680, 367.18
1760, 4096, 1760, 370.66
1840, 4096, 1840, 340.61
1920, 4096, 1920, 344.87
2000, 4096, 2000, 345.01
2080, 4096, 2080, 351.72
2160, 4096, 2160, 351.81
2240, 4096, 2240, 357.09
2320, 4096, 2320, 358.65
2400, 4096, 2400, 360.27
2480, 4096, 2480, 360.64
2560, 4096, 2560, 364.73
2640, 4096, 2640, 362.28
2720, 4096, 2720, 369.37
2800, 4096, 2800, 368.55
2880, 4096, 2880, 370.46
2960, 4096, 2960, 371.57
3040, 4096, 3040, 372.70
3120, 4096, 3120, 371.84
3200, 4096, 3200, 373.99
3280, 4096, 3280, 375.94
3360, 4096, 3360, 376.40
3440, 4096, 3440, 379.99
3520, 4096, 3520, 381.30
3600, 4096, 3600, 362.19
3680, 4096, 3680, 365.06
3760, 4096, 3760, 364.73
3840, 4096, 3840, 368.07
3920, 4096, 3920, 367.13
4000, 4096, 4000, 369.69
