bli_shgemm performance
MC = 256, KC = 2816, NC = 3072
m, n, k, GFLOPS
80, 3072, 80, 166.11
160, 3072, 160, 235.27
240, 3072, 240, 254.53
320, 3072, 320, 285.12
400, 3072, 400, 300.64
480, 3072, 480, 316.23
560, 3072, 560, 325.40
640, 3072, 640, 334.68
720, 3072, 720, 335.50
800, 3072, 800, 343.26
880, 3072, 880, 348.43
960, 3072, 960, 355.51
1040, 3072, 1040, 355.07
1120, 3072, 1120, 361.64
1200, 3072, 1200, 365.19
1280, 3072, 1280, 368.08
1360, 3072, 1360, 367.02
1440, 3072, 1440, 366.41
1520, 3072, 1520, 367.82
1600, 3072, 1600, 354.19
1680, 3072, 1680, 375.95
1760, 3072, 1760, 377.36
1840, 3072, 1840, 376.03
1920, 3072, 1920, 379.69
2000, 3072, 2000, 382.28
2080, 3072, 2080, 383.12
2160, 3072, 2160, 383.67
2240, 3072, 2240, 387.53
2320, 3072, 2320, 386.00
2400, 3072, 2400, 387.31
2480, 3072, 2480, 389.26
2560, 3072, 2560, 391.83
2640, 3072, 2640, 389.03
2720, 3072, 2720, 391.79
2800, 3072, 2800, 393.18
2880, 3072, 2880, 371.44
2960, 3072, 2960, 368.01
3040, 3072, 3040, 371.93
3120, 3072, 3120, 371.07
3200, 3072, 3200, 373.79
3280, 3072, 3280, 374.38
3360, 3072, 3360, 375.00
3440, 3072, 3440, 374.93
3520, 3072, 3520, 378.27
3600, 3072, 3600, 378.81
3680, 3072, 3680, 381.06
3760, 3072, 3760, 380.72
3840, 3072, 3840, 386.97
3920, 3072, 3920, 385.26
4000, 3072, 4000, 386.01
