bli_shgemm performance
MC = 512, KC = 256, NC = 4096
m, n, k, GFLOPS
80, 4096, 80, 168.66
160, 4096, 160, 213.84
240, 4096, 240, 247.68
320, 4096, 320, 228.17
400, 4096, 400, 249.61
480, 4096, 480, 268.54
560, 4096, 560, 247.24
640, 4096, 640, 261.01
720, 4096, 720, 270.59
800, 4096, 800, 255.38
880, 4096, 880, 264.92
960, 4096, 960, 275.77
1040, 4096, 1040, 256.02
1120, 4096, 1120, 264.51
1200, 4096, 1200, 268.30
1280, 4096, 1280, 274.75
1360, 4096, 1360, 257.91
1440, 4096, 1440, 264.36
1520, 4096, 1520, 268.03
1600, 4096, 1600, 257.97
1680, 4096, 1680, 255.15
1760, 4096, 1760, 263.71
1840, 4096, 1840, 247.90
1920, 4096, 1920, 257.00
2000, 4096, 2000, 255.49
2080, 4096, 2080, 249.50
2160, 4096, 2160, 250.16
2240, 4096, 2240, 254.10
2320, 4096, 2320, 243.71
2400, 4096, 2400, 248.86
2480, 4096, 2480, 249.47
2560, 4096, 2560, 252.25
2640, 4096, 2640, 241.67
2720, 4096, 2720, 245.06
2800, 4096, 2800, 245.24
2880, 4096, 2880, 240.68
2960, 4096, 2960, 239.76
3040, 4096, 3040, 243.60
3120, 4096, 3120, 235.82
3200, 4096, 3200, 239.06
3280, 4096, 3280, 238.40
3360, 4096, 3360, 234.99
3440, 4096, 3440, 234.68
3520, 4096, 3520, 238.92
3600, 4096, 3600, 229.97
3680, 4096, 3680, 234.11
3760, 4096, 3760, 234.39
3840, 4096, 3840, 238.30
3920, 4096, 3920, 231.48
4000, 4096, 4000, 234.84
