bli_shgemm performance
MC = 512, KC = 512, NC = 5120
m, n, k, GFLOPS
80, 5120, 80, 177.75
160, 5120, 160, 212.02
240, 5120, 240, 249.70
320, 5120, 320, 278.68
400, 5120, 400, 299.26
480, 5120, 480, 313.22
560, 5120, 560, 277.65
640, 5120, 640, 289.07
720, 5120, 720, 297.93
800, 5120, 800, 305.57
880, 5120, 880, 310.85
960, 5120, 960, 319.21
1040, 5120, 1040, 288.88
1120, 5120, 1120, 297.62
1200, 5120, 1200, 300.89
1280, 5120, 1280, 303.72
1360, 5120, 1360, 307.55
1440, 5120, 1440, 308.70
1520, 5120, 1520, 312.87
1600, 5120, 1600, 290.82
1680, 5120, 1680, 292.10
1760, 5120, 1760, 296.15
1840, 5120, 1840, 298.70
1920, 5120, 1920, 300.93
2000, 5120, 2000, 303.51
2080, 5120, 2080, 286.38
2160, 5120, 2160, 288.63
2240, 5120, 2240, 291.31
2320, 5120, 2320, 294.11
2400, 5120, 2400, 296.94
2480, 5120, 2480, 296.41
2560, 5120, 2560, 301.59
2640, 5120, 2640, 285.06
2720, 5120, 2720, 287.56
2800, 5120, 2800, 290.42
2880, 5120, 2880, 292.83
2960, 5120, 2960, 295.51
3040, 5120, 3040, 296.85
3120, 5120, 3120, 284.00
3200, 5120, 3200, 287.10
3280, 5120, 3280, 289.30
3360, 5120, 3360, 292.19
3440, 5120, 3440, 292.83
3520, 5120, 3520, 296.97
3600, 5120, 3600, 283.21
3680, 5120, 3680, 286.05
3760, 5120, 3760, 287.02
3840, 5120, 3840, 289.93
3920, 5120, 3920, 289.60
4000, 5120, 4000, 293.00
