bli_shgemm performance
MC = 384, KC = 3072, NC = 4096
m, n, k, GFLOPS
80, 4096, 80, 168.63
160, 4096, 160, 216.60
240, 4096, 240, 244.17
320, 4096, 320, 275.79
400, 4096, 400, 293.63
480, 4096, 480, 307.43
560, 4096, 560, 320.65
640, 4096, 640, 331.14
720, 4096, 720, 337.52
800, 4096, 800, 340.92
880, 4096, 880, 343.99
960, 4096, 960, 350.40
1040, 4096, 1040, 356.66
1120, 4096, 1120, 357.03
1200, 4096, 1200, 357.87
1280, 4096, 1280, 362.45
1360, 4096, 1360, 364.28
1440, 4096, 1440, 367.05
1520, 4096, 1520, 369.50
1600, 4096, 1600, 368.44
1680, 4096, 1680, 370.72
1760, 4096, 1760, 374.08
1840, 4096, 1840, 371.88
1920, 4096, 1920, 377.02
2000, 4096, 2000, 375.48
2080, 4096, 2080, 384.58
2160, 4096, 2160, 385.68
2240, 4096, 2240, 388.67
2320, 4096, 2320, 386.83
2400, 4096, 2400, 386.11
2480, 4096, 2480, 390.65
2560, 4096, 2560, 392.36
2640, 4096, 2640, 391.70
2720, 4096, 2720, 393.32
2800, 4096, 2800, 392.71
2880, 4096, 2880, 395.85
2960, 4096, 2960, 395.84
3040, 4096, 3040, 395.66
3120, 4096, 3120, 374.25
3200, 4096, 3200, 372.61
3280, 4096, 3280, 373.88
3360, 4096, 3360, 375.16
3440, 4096, 3440, 376.88
3520, 4096, 3520, 376.76
3600, 4096, 3600, 378.19
3680, 4096, 3680, 379.68
3760, 4096, 3760, 381.38
3840, 4096, 3840, 383.99
3920, 4096, 3920, 382.83
4000, 4096, 4000, 384.66
