bli_shgemm performance
MC = 512, KC = 1792, NC = 1024
m, n, k, GFLOPS
80, 1024, 80, 165.07
160, 1024, 160, 233.99
240, 1024, 240, 275.54
320, 1024, 320, 303.42
400, 1024, 400, 310.71
480, 1024, 480, 294.29
560, 1024, 560, 282.53
640, 1024, 640, 308.43
720, 1024, 720, 306.53
800, 1024, 800, 321.51
880, 1024, 880, 320.99
960, 1024, 960, 325.19
1040, 1024, 1040, 317.08
1120, 1024, 1120, 326.32
1200, 1024, 1200, 329.62
1280, 1024, 1280, 341.37
1360, 1024, 1360, 338.83
1440, 1024, 1440, 350.85
1520, 1024, 1520, 348.17
1600, 1024, 1600, 354.05
1680, 1024, 1680, 359.76
1760, 1024, 1760, 365.81
1840, 1024, 1840, 334.15
1920, 1024, 1920, 343.98
2000, 1024, 2000, 340.72
2080, 1024, 2080, 358.09
2160, 1024, 2160, 359.81
2240, 1024, 2240, 365.23
2320, 1024, 2320, 363.56
2400, 1024, 2400, 365.94
2480, 1024, 2480, 364.30
2560, 1024, 2560, 370.53
2640, 1024, 2640, 367.72
2720, 1024, 2720, 376.41
2800, 1024, 2800, 377.30
2880, 1024, 2880, 380.90
2960, 1024, 2960, 380.39
3040, 1024, 3040, 387.51
3120, 1024, 3120, 390.02
3200, 1024, 3200, 391.11
3280, 1024, 3280, 390.54
3360, 1024, 3360, 389.66
3440, 1024, 3440, 392.28
3520, 1024, 3520, 390.76
3600, 1024, 3600, 379.40
3680, 1024, 3680, 373.44
3760, 1024, 3760, 375.44
3840, 1024, 3840, 377.62
3920, 1024, 3920, 384.41
4000, 1024, 4000, 381.31
