bli_shgemm performance
MC = 512, KC = 1536, NC = 4096
m, n, k, GFLOPS
80, 4096, 80, 167.92
160, 4096, 160, 200.34
240, 4096, 240, 220.52
320, 4096, 320, 250.33
400, 4096, 400, 273.91
480, 4096, 480, 294.42
560, 4096, 560, 301.00
640, 4096, 640, 309.43
720, 4096, 720, 317.49
800, 4096, 800, 330.61
880, 4096, 880, 336.72
960, 4096, 960, 342.92
1040, 4096, 1040, 341.71
1120, 4096, 1120, 346.69
1200, 4096, 1200, 342.79
1280, 4096, 1280, 344.86
1360, 4096, 1360, 356.01
1440, 4096, 1440, 362.19
1520, 4096, 1520, 363.80
1600, 4096, 1600, 333.46
1680, 4096, 1680, 322.45
1760, 4096, 1760, 337.66
1840, 4096, 1840, 337.21
1920, 4096, 1920, 343.67
2000, 4096, 2000, 344.37
2080, 4096, 2080, 340.38
2160, 4096, 2160, 350.28
2240, 4096, 2240, 350.72
2320, 4096, 2320, 353.19
2400, 4096, 2400, 356.88
2480, 4096, 2480, 359.02
2560, 4096, 2560, 361.03
2640, 4096, 2640, 357.66
2720, 4096, 2720, 359.76
2800, 4096, 2800, 359.70
2880, 4096, 2880, 364.57
2960, 4096, 2960, 365.39
3040, 4096, 3040, 363.63
3120, 4096, 3120, 347.91
3200, 4096, 3200, 347.01
3280, 4096, 3280, 347.52
3360, 4096, 3360, 351.46
3440, 4096, 3440, 351.31
3520, 4096, 3520, 355.88
3600, 4096, 3600, 355.51
3680, 4096, 3680, 357.91
3760, 4096, 3760, 355.66
3840, 4096, 3840, 360.55
3920, 4096, 3920, 360.76
4000, 4096, 4000, 361.46
