bli_shgemm performance
MC = 384, KC = 1280, NC = 3072
m, n, k, GFLOPS
80, 3072, 80, 166.48
160, 3072, 160, 236.44
240, 3072, 240, 251.76
320, 3072, 320, 276.70
400, 3072, 400, 296.99
480, 3072, 480, 310.09
560, 3072, 560, 324.16
640, 3072, 640, 333.24
720, 3072, 720, 324.73
800, 3072, 800, 294.02
880, 3072, 880, 349.63
960, 3072, 960, 357.84
1040, 3072, 1040, 362.64
1120, 3072, 1120, 366.48
1200, 3072, 1200, 366.33
1280, 3072, 1280, 368.24
1360, 3072, 1360, 343.52
1440, 3072, 1440, 346.59
1520, 3072, 1520, 357.97
1600, 3072, 1600, 361.48
1680, 3072, 1680, 361.79
1760, 3072, 1760, 366.36
1840, 3072, 1840, 364.60
1920, 3072, 1920, 368.47
2000, 3072, 2000, 367.00
2080, 3072, 2080, 371.32
2160, 3072, 2160, 362.12
2240, 3072, 2240, 363.04
2320, 3072, 2320, 363.72
2400, 3072, 2400, 365.30
2480, 3072, 2480, 366.04
2560, 3072, 2560, 367.04
2640, 3072, 2640, 349.15
2720, 3072, 2720, 352.01
2800, 3072, 2800, 350.16
2880, 3072, 2880, 353.28
2960, 3072, 2960, 354.34
3040, 3072, 3040, 355.91
3120, 3072, 3120, 356.05
3200, 3072, 3200, 357.25
3280, 3072, 3280, 357.53
3360, 3072, 3360, 363.38
3440, 3072, 3440, 360.87
3520, 3072, 3520, 362.06
3600, 3072, 3600, 366.10
3680, 3072, 3680, 366.87
3760, 3072, 3760, 367.24
3840, 3072, 3840, 370.88
3920, 3072, 3920, 352.97
4000, 3072, 4000, 355.53
