bli_shgemm performance
MC = 640, KC = 1280, NC = 1024
m, n, k, GFLOPS
80, 1024, 80, 164.60
160, 1024, 160, 230.76
240, 1024, 240, 276.12
320, 1024, 320, 302.64
400, 1024, 400, 320.97
480, 1024, 480, 330.31
560, 1024, 560, 331.13
640, 1024, 640, 335.60
720, 1024, 720, 335.17
800, 1024, 800, 352.71
880, 1024, 880, 347.76
960, 1024, 960, 360.66
1040, 1024, 1040, 359.84
1120, 1024, 1120, 366.12
1200, 1024, 1200, 367.77
1280, 1024, 1280, 373.72
1360, 1024, 1360, 347.26
1440, 1024, 1440, 352.96
1520, 1024, 1520, 357.34
1600, 1024, 1600, 365.06
1680, 1024, 1680, 364.02
1760, 1024, 1760, 367.84
1840, 1024, 1840, 368.43
1920, 1024, 1920, 372.77
2000, 1024, 2000, 370.14
2080, 1024, 2080, 371.87
2160, 1024, 2160, 371.89
2240, 1024, 2240, 375.79
2320, 1024, 2320, 375.66
2400, 1024, 2400, 377.12
2480, 1024, 2480, 377.54
2560, 1024, 2560, 380.86
2640, 1024, 2640, 365.14
2720, 1024, 2720, 367.07
2800, 1024, 2800, 368.38
2880, 1024, 2880, 372.42
2960, 1024, 2960, 371.75
3040, 1024, 3040, 380.34
3120, 1024, 3120, 385.63
3200, 1024, 3200, 385.78
3280, 1024, 3280, 384.98
3360, 1024, 3360, 386.81
3440, 1024, 3440, 387.33
3520, 1024, 3520, 388.90
3600, 1024, 3600, 389.45
3680, 1024, 3680, 389.81
3760, 1024, 3760, 370.84
3840, 1024, 3840, 365.49
3920, 1024, 3920, 364.09
4000, 1024, 4000, 366.05
