bli_shgemm performance
MC = 256, KC = 1536, NC = 2048
m, n, k, GFLOPS
80, 2048, 80, 161.29
160, 2048, 160, 232.86
240, 2048, 240, 271.26
320, 2048, 320, 286.08
400, 2048, 400, 295.30
480, 2048, 480, 308.90
560, 2048, 560, 319.77
640, 2048, 640, 327.90
720, 2048, 720, 335.40
800, 2048, 800, 349.95
880, 2048, 880, 348.34
960, 2048, 960, 356.76
1040, 2048, 1040, 358.10
1120, 2048, 1120, 363.04
1200, 2048, 1200, 366.70
1280, 2048, 1280, 370.65
1360, 2048, 1360, 371.02
1440, 2048, 1440, 372.29
1520, 2048, 1520, 375.53
1600, 2048, 1600, 353.50
1680, 2048, 1680, 354.88
1760, 2048, 1760, 365.11
1840, 2048, 1840, 365.33
1920, 2048, 1920, 369.67
2000, 2048, 2000, 371.77
2080, 2048, 2080, 365.27
2160, 2048, 2160, 366.34
2240, 2048, 2240, 366.77
2320, 2048, 2320, 366.16
2400, 2048, 2400, 367.94
2480, 2048, 2480, 368.55
2560, 2048, 2560, 372.04
2640, 2048, 2640, 370.99
2720, 2048, 2720, 372.96
2800, 2048, 2800, 372.82
2880, 2048, 2880, 374.66
2960, 2048, 2960, 374.52
3040, 2048, 3040, 374.75
3120, 2048, 3120, 359.78
3200, 2048, 3200, 363.91
3280, 2048, 3280, 363.52
3360, 2048, 3360, 364.52
3440, 2048, 3440, 364.41
3520, 2048, 3520, 368.55
3600, 2048, 3600, 365.84
3680, 2048, 3680, 367.82
3760, 2048, 3760, 367.81
3840, 2048, 3840, 371.92
3920, 2048, 3920, 370.35
4000, 2048, 4000, 372.73
