bli_shgemm performance
MC = 640, KC = 2816, NC = 5120
m, n, k, GFLOPS
80, 5120, 80, 176.72
160, 5120, 160, 216.41
240, 5120, 240, 251.15
320, 5120, 320, 279.23
400, 5120, 400, 301.42
480, 5120, 480, 315.61
560, 5120, 560, 327.15
640, 5120, 640, 334.57
720, 5120, 720, 332.68
800, 5120, 800, 341.67
880, 5120, 880, 342.37
960, 5120, 960, 346.49
1040, 5120, 1040, 352.29
1120, 5120, 1120, 356.55
1200, 5120, 1200, 358.89
1280, 5120, 1280, 363.27
1360, 5120, 1360, 361.27
1440, 5120, 1440, 362.57
1520, 5120, 1520, 363.76
1600, 5120, 1600, 369.27
1680, 5120, 1680, 377.21
1760, 5120, 1760, 378.81
1840, 5120, 1840, 379.87
1920, 5120, 1920, 382.33
2000, 5120, 2000, 381.45
2080, 5120, 2080, 380.34
2160, 5120, 2160, 378.77
2240, 5120, 2240, 379.75
2320, 5120, 2320, 377.96
2400, 5120, 2400, 379.65
2480, 5120, 2480, 376.13
2560, 5120, 2560, 374.21
2640, 5120, 2640, 374.41
2720, 5120, 2720, 374.29
2800, 5120, 2800, 372.71
2880, 5120, 2880, 351.79
2960, 5120, 2960, 351.70
3040, 5120, 3040, 353.66
3120, 5120, 3120, 354.54
3200, 5120, 3200, 356.37
3280, 5120, 3280, 361.57
3360, 5120, 3360, 362.57
3440, 5120, 3440, 365.19
3520, 5120, 3520, 365.93
3600, 5120, 3600, 369.30
3680, 5120, 3680, 369.73
3760, 5120, 3760, 369.70
3840, 5120, 3840, 372.17
3920, 5120, 3920, 370.29
4000, 5120, 4000, 370.96
