bli_shgemm performance
MC = 512, KC = 3328, NC = 3072
m, n, k, GFLOPS
80, 3072, 80, 166.77
160, 3072, 160, 233.44
240, 3072, 240, 250.52
320, 3072, 320, 276.66
400, 3072, 400, 297.59
480, 3072, 480, 320.19
560, 3072, 560, 330.58
640, 3072, 640, 339.03
720, 3072, 720, 347.44
800, 3072, 800, 358.37
880, 3072, 880, 356.04
960, 3072, 960, 364.93
1040, 3072, 1040, 362.54
1120, 3072, 1120, 367.95
1200, 3072, 1200, 370.76
1280, 3072, 1280, 372.71
1360, 3072, 1360, 374.71
1440, 3072, 1440, 377.91
1520, 3072, 1520, 378.45
1600, 3072, 1600, 379.45
1680, 3072, 1680, 388.92
1760, 3072, 1760, 391.89
1840, 3072, 1840, 393.43
1920, 3072, 1920, 396.58
2000, 3072, 2000, 388.41
2080, 3072, 2080, 388.80
2160, 3072, 2160, 389.66
2240, 3072, 2240, 392.60
2320, 3072, 2320, 392.27
2400, 3072, 2400, 394.58
2480, 3072, 2480, 395.40
2560, 3072, 2560, 396.54
2640, 3072, 2640, 395.79
2720, 3072, 2720, 396.22
2800, 3072, 2800, 395.67
2880, 3072, 2880, 395.18
2960, 3072, 2960, 391.67
3040, 3072, 3040, 390.82
3120, 3072, 3120, 376.32
3200, 3072, 3200, 364.19
3280, 3072, 3280, 360.85
3360, 3072, 3360, 342.33
3440, 3072, 3440, 342.10
3520, 3072, 3520, 345.23
3600, 3072, 3600, 340.05
3680, 3072, 3680, 342.97
3760, 3072, 3760, 344.72
3840, 3072, 3840, 349.59
3920, 3072, 3920, 351.68
4000, 3072, 4000, 353.26
