bli_shgemm performance
MC = 384, KC = 2816, NC = 3072
m, n, k, GFLOPS
80, 3072, 80, 166.21
160, 3072, 160, 234.93
240, 3072, 240, 255.56
320, 3072, 320, 281.24
400, 3072, 400, 304.73
480, 3072, 480, 316.60
560, 3072, 560, 330.63
640, 3072, 640, 332.70
720, 3072, 720, 339.11
800, 3072, 800, 347.47
880, 3072, 880, 351.51
960, 3072, 960, 358.08
1040, 3072, 1040, 361.81
1120, 3072, 1120, 364.80
1200, 3072, 1200, 363.12
1280, 3072, 1280, 370.68
1360, 3072, 1360, 372.98
1440, 3072, 1440, 381.35
1520, 3072, 1520, 383.06
1600, 3072, 1600, 375.53
1680, 3072, 1680, 377.45
1760, 3072, 1760, 377.94
1840, 3072, 1840, 379.87
1920, 3072, 1920, 383.20
2000, 3072, 2000, 383.60
2080, 3072, 2080, 385.80
2160, 3072, 2160, 386.56
2240, 3072, 2240, 389.63
2320, 3072, 2320, 386.78
2400, 3072, 2400, 390.82
2480, 3072, 2480, 392.17
2560, 3072, 2560, 393.92
2640, 3072, 2640, 394.85
2720, 3072, 2720, 394.97
2800, 3072, 2800, 395.59
2880, 3072, 2880, 373.80
2960, 3072, 2960, 370.93
3040, 3072, 3040, 373.82
3120, 3072, 3120, 372.54
3200, 3072, 3200, 377.17
3280, 3072, 3280, 375.12
3360, 3072, 3360, 378.96
3440, 3072, 3440, 378.92
3520, 3072, 3520, 378.43
3600, 3072, 3600, 381.98
3680, 3072, 3680, 383.75
3760, 3072, 3760, 384.01
3840, 3072, 3840, 389.44
3920, 3072, 3920, 388.21
4000, 3072, 4000, 389.79
