bli_shgemm performance
MC = 384, KC = 3584, NC = 3072
m, n, k, GFLOPS
80, 3072, 80, 167.48
160, 3072, 160, 234.20
240, 3072, 240, 255.62
320, 3072, 320, 281.46
400, 3072, 400, 300.91
480, 3072, 480, 317.03
560, 3072, 560, 329.86
640, 3072, 640, 337.55
720, 3072, 720, 346.26
800, 3072, 800, 344.96
880, 3072, 880, 348.61
960, 3072, 960, 356.36
1040, 3072, 1040, 361.62
1120, 3072, 1120, 364.91
1200, 3072, 1200, 364.72
1280, 3072, 1280, 368.43
1360, 3072, 1360, 371.30
1440, 3072, 1440, 376.25
1520, 3072, 1520, 376.66
1600, 3072, 1600, 376.63
1680, 3072, 1680, 378.46
1760, 3072, 1760, 379.86
1840, 3072, 1840, 390.73
1920, 3072, 1920, 393.84
2000, 3072, 2000, 392.82
2080, 3072, 2080, 386.49
2160, 3072, 2160, 387.49
2240, 3072, 2240, 390.38
2320, 3072, 2320, 389.57
2400, 3072, 2400, 391.78
2480, 3072, 2480, 391.50
2560, 3072, 2560, 394.56
2640, 3072, 2640, 394.79
2720, 3072, 2720, 394.16
2800, 3072, 2800, 395.48
2880, 3072, 2880, 397.59
2960, 3072, 2960, 397.10
3040, 3072, 3040, 398.93
3120, 3072, 3120, 398.87
3200, 3072, 3200, 401.10
3280, 3072, 3280, 401.43
3360, 3072, 3360, 401.92
3440, 3072, 3440, 402.05
3520, 3072, 3520, 402.37
3600, 3072, 3600, 382.37
3680, 3072, 3680, 383.78
3760, 3072, 3760, 383.73
3840, 3072, 3840, 385.80
3920, 3072, 3920, 383.91
4000, 3072, 4000, 385.41
