bli_shgemm performance
MC = 256, KC = 768, NC = 2048
m, n, k, GFLOPS
80, 2048, 80, 162.99
160, 2048, 160, 230.16
240, 2048, 240, 261.88
320, 2048, 320, 282.33
400, 2048, 400, 301.59
480, 2048, 480, 308.61
560, 2048, 560, 320.56
640, 2048, 640, 329.60
720, 2048, 720, 338.36
800, 2048, 800, 310.67
880, 2048, 880, 324.58
960, 2048, 960, 333.67
1040, 2048, 1040, 336.75
1120, 2048, 1120, 344.69
1200, 2048, 1200, 350.72
1280, 2048, 1280, 351.05
1360, 2048, 1360, 353.06
1440, 2048, 1440, 355.22
1520, 2048, 1520, 358.26
1600, 2048, 1600, 345.04
1680, 2048, 1680, 345.68
1760, 2048, 1760, 350.34
1840, 2048, 1840, 350.33
1920, 2048, 1920, 354.57
2000, 2048, 2000, 353.68
2080, 2048, 2080, 347.18
2160, 2048, 2160, 347.64
2240, 2048, 2240, 349.27
2320, 2048, 2320, 332.09
2400, 2048, 2400, 336.44
2480, 2048, 2480, 335.75
2560, 2048, 2560, 340.14
2640, 2048, 2640, 339.59
2720, 2048, 2720, 342.54
2800, 2048, 2800, 340.35
2880, 2048, 2880, 344.06
2960, 2048, 2960, 340.36
3040, 2048, 3040, 344.34
3120, 2048, 3120, 331.90
3200, 2048, 3200, 336.12
3280, 2048, 3280, 336.63
3360, 2048, 3360, 338.95
3440, 2048, 3440, 338.98
3520, 2048, 3520, 342.92
3600, 2048, 3600, 339.72
3680, 2048, 3680, 343.42
3760, 2048, 3760, 341.76
3840, 2048, 3840, 348.17
3920, 2048, 3920, 335.66
4000, 2048, 4000, 338.42
