bli_shgemm performance
MC = 384, KC = 4096, NC = 4096
m, n, k, GFLOPS
80, 4096, 80, 156.39
160, 4096, 160, 202.97
240, 4096, 240, 237.58
320, 4096, 320, 263.56
400, 4096, 400, 276.36
480, 4096, 480, 292.57
560, 4096, 560, 306.31
640, 4096, 640, 314.16
720, 4096, 720, 321.76
800, 4096, 800, 327.46
880, 4096, 880, 331.53
960, 4096, 960, 337.94
1040, 4096, 1040, 341.91
1120, 4096, 1120, 346.17
1200, 4096, 1200, 344.21
1280, 4096, 1280, 345.99
1360, 4096, 1360, 350.62
1440, 4096, 1440, 353.71
1520, 4096, 1520, 353.57
1600, 4096, 1600, 356.89
1680, 4096, 1680, 357.31
1760, 4096, 1760, 361.41
1840, 4096, 1840, 361.63
1920, 4096, 1920, 372.42
2000, 4096, 2000, 368.17
2080, 4096, 2080, 379.19
2160, 4096, 2160, 366.20
2240, 4096, 2240, 368.94
2320, 4096, 2320, 366.39
2400, 4096, 2400, 372.10
2480, 4096, 2480, 372.94
2560, 4096, 2560, 374.58
2640, 4096, 2640, 375.17
2720, 4096, 2720, 377.62
2800, 4096, 2800, 376.88
2880, 4096, 2880, 379.66
2960, 4096, 2960, 375.76
3040, 4096, 3040, 380.34
3120, 4096, 3120, 379.40
3200, 4096, 3200, 380.09
3280, 4096, 3280, 380.86
3360, 4096, 3360, 381.27
3440, 4096, 3440, 380.31
3520, 4096, 3520, 378.47
3600, 4096, 3600, 378.57
3680, 4096, 3680, 376.25
3760, 4096, 3760, 374.20
3840, 4096, 3840, 373.74
3920, 4096, 3920, 371.62
4000, 4096, 4000, 370.55
