bli_shgemm performance
MC = 256, KC = 2048, NC = 4096
m, n, k, GFLOPS
80, 4096, 80, 168.25
160, 4096, 160, 216.32
240, 4096, 240, 243.06
320, 4096, 320, 271.04
400, 4096, 400, 291.48
480, 4096, 480, 306.82
560, 4096, 560, 315.16
640, 4096, 640, 323.40
720, 4096, 720, 327.98
800, 4096, 800, 332.68
880, 4096, 880, 336.76
960, 4096, 960, 343.05
1040, 4096, 1040, 346.07
1120, 4096, 1120, 347.05
1200, 4096, 1200, 350.77
1280, 4096, 1280, 356.64
1360, 4096, 1360, 357.28
1440, 4096, 1440, 358.25
1520, 4096, 1520, 359.43
1600, 4096, 1600, 362.64
1680, 4096, 1680, 363.68
1760, 4096, 1760, 366.10
1840, 4096, 1840, 364.54
1920, 4096, 1920, 369.98
2000, 4096, 2000, 375.74
2080, 4096, 2080, 351.03
2160, 4096, 2160, 350.98
2240, 4096, 2240, 354.82
2320, 4096, 2320, 352.85
2400, 4096, 2400, 355.42
2480, 4096, 2480, 356.07
2560, 4096, 2560, 360.54
2640, 4096, 2640, 356.97
2720, 4096, 2720, 361.24
2800, 4096, 2800, 361.87
2880, 4096, 2880, 367.27
2960, 4096, 2960, 365.37
3040, 4096, 3040, 371.19
3120, 4096, 3120, 368.27
3200, 4096, 3200, 369.72
3280, 4096, 3280, 372.66
3360, 4096, 3360, 375.24
3440, 4096, 3440, 373.73
3520, 4096, 3520, 378.24
3600, 4096, 3600, 377.99
3680, 4096, 3680, 377.72
3760, 4096, 3760, 378.15
3840, 4096, 3840, 382.67
3920, 4096, 3920, 382.18
4000, 4096, 4000, 383.32
