bli_shgemm performance
MC = 512, KC = 1536, NC = 3072
m, n, k, GFLOPS
80, 3072, 80, 168.40
160, 3072, 160, 234.73
240, 3072, 240, 267.89
320, 3072, 320, 275.49
400, 3072, 400, 295.62
480, 3072, 480, 313.91
560, 3072, 560, 330.54
640, 3072, 640, 339.74
720, 3072, 720, 347.35
800, 3072, 800, 358.42
880, 3072, 880, 363.46
960, 3072, 960, 363.14
1040, 3072, 1040, 362.88
1120, 3072, 1120, 366.57
1200, 3072, 1200, 368.39
1280, 3072, 1280, 372.40
1360, 3072, 1360, 374.19
1440, 3072, 1440, 377.03
1520, 3072, 1520, 379.13
1600, 3072, 1600, 356.15
1680, 3072, 1680, 355.38
1760, 3072, 1760, 359.84
1840, 3072, 1840, 371.86
1920, 3072, 1920, 373.34
2000, 3072, 2000, 374.14
2080, 3072, 2080, 374.23
2160, 3072, 2160, 376.43
2240, 3072, 2240, 371.71
2320, 3072, 2320, 373.24
2400, 3072, 2400, 377.42
2480, 3072, 2480, 378.76
2560, 3072, 2560, 380.32
2640, 3072, 2640, 380.15
2720, 3072, 2720, 381.17
2800, 3072, 2800, 382.43
2880, 3072, 2880, 383.92
2960, 3072, 2960, 384.76
3040, 3072, 3040, 386.28
3120, 3072, 3120, 370.46
3200, 3072, 3200, 370.78
3280, 3072, 3280, 371.13
3360, 3072, 3360, 371.84
3440, 3072, 3440, 372.81
3520, 3072, 3520, 374.24
3600, 3072, 3600, 373.57
3680, 3072, 3680, 374.89
3760, 3072, 3760, 374.37
3840, 3072, 3840, 371.46
3920, 3072, 3920, 369.38
4000, 3072, 4000, 373.29
