bli_shgemm performance
MC = 640, KC = 2304, NC = 3072
m, n, k, GFLOPS
80, 3072, 80, 165.66
160, 3072, 160, 233.35
240, 3072, 240, 250.10
320, 3072, 320, 275.27
400, 3072, 400, 296.12
480, 3072, 480, 313.50
560, 3072, 560, 328.30
640, 3072, 640, 336.12
720, 3072, 720, 338.58
800, 3072, 800, 350.08
880, 3072, 880, 355.15
960, 3072, 960, 361.58
1040, 3072, 1040, 366.06
1120, 3072, 1120, 369.62
1200, 3072, 1200, 379.04
1280, 3072, 1280, 382.49
1360, 3072, 1360, 381.28
1440, 3072, 1440, 376.48
1520, 3072, 1520, 377.53
1600, 3072, 1600, 380.49
1680, 3072, 1680, 381.86
1760, 3072, 1760, 383.50
1840, 3072, 1840, 383.78
1920, 3072, 1920, 387.24
2000, 3072, 2000, 386.92
2080, 3072, 2080, 390.59
2160, 3072, 2160, 386.48
2240, 3072, 2240, 378.18
2320, 3072, 2320, 348.76
2400, 3072, 2400, 350.81
2480, 3072, 2480, 352.06
2560, 3072, 2560, 352.62
2640, 3072, 2640, 352.51
2720, 3072, 2720, 354.60
2800, 3072, 2800, 355.12
2880, 3072, 2880, 358.02
2960, 3072, 2960, 359.63
3040, 3072, 3040, 362.34
3120, 3072, 3120, 364.15
3200, 3072, 3200, 363.72
3280, 3072, 3280, 364.90
3360, 3072, 3360, 368.89
3440, 3072, 3440, 369.04
3520, 3072, 3520, 372.05
3600, 3072, 3600, 372.86
3680, 3072, 3680, 376.83
3760, 3072, 3760, 376.56
3840, 3072, 3840, 377.54
3920, 3072, 3920, 377.52
4000, 3072, 4000, 379.42
