bli_shgemm performance
MC = 384, KC = 3072, NC = 2048
m, n, k, GFLOPS
80, 2048, 80, 162.85
160, 2048, 160, 231.49
240, 2048, 240, 271.66
320, 2048, 320, 285.31
400, 2048, 400, 298.96
480, 2048, 480, 314.76
560, 2048, 560, 326.69
640, 2048, 640, 329.29
720, 2048, 720, 337.15
800, 2048, 800, 347.79
880, 2048, 880, 352.08
960, 2048, 960, 360.20
1040, 2048, 1040, 365.02
1120, 2048, 1120, 367.16
1200, 2048, 1200, 370.19
1280, 2048, 1280, 372.97
1360, 2048, 1360, 375.87
1440, 2048, 1440, 378.05
1520, 2048, 1520, 378.91
1600, 2048, 1600, 387.05
1680, 2048, 1680, 387.19
1760, 2048, 1760, 391.25
1840, 2048, 1840, 386.42
1920, 2048, 1920, 387.31
2000, 2048, 2000, 391.20
2080, 2048, 2080, 394.31
2160, 2048, 2160, 393.69
2240, 2048, 2240, 396.41
2320, 2048, 2320, 394.90
2400, 2048, 2400, 395.90
2480, 2048, 2480, 397.84
2560, 2048, 2560, 396.40
2640, 2048, 2640, 396.42
2720, 2048, 2720, 396.83
2800, 2048, 2800, 397.26
2880, 2048, 2880, 399.80
2960, 2048, 2960, 399.73
3040, 2048, 3040, 402.57
3120, 2048, 3120, 381.10
3200, 2048, 3200, 382.25
3280, 2048, 3280, 382.11
3360, 2048, 3360, 383.38
3440, 2048, 3440, 386.18
3520, 2048, 3520, 386.58
3600, 2048, 3600, 386.73
3680, 2048, 3680, 388.41
3760, 2048, 3760, 388.77
3840, 2048, 3840, 390.65
3920, 2048, 3920, 389.82
4000, 2048, 4000, 391.35
