bli_shgemm performance
MC = 384, KC = 3584, NC = 2048
m, n, k, GFLOPS
80, 2048, 80, 163.68
160, 2048, 160, 233.51
240, 2048, 240, 265.85
320, 2048, 320, 280.03
400, 2048, 400, 300.14
480, 2048, 480, 313.47
560, 2048, 560, 324.04
640, 2048, 640, 336.01
720, 2048, 720, 335.24
800, 2048, 800, 346.21
880, 2048, 880, 352.20
960, 2048, 960, 359.60
1040, 2048, 1040, 364.96
1120, 2048, 1120, 369.72
1200, 2048, 1200, 368.91
1280, 2048, 1280, 371.34
1360, 2048, 1360, 374.57
1440, 2048, 1440, 378.09
1520, 2048, 1520, 380.50
1600, 2048, 1600, 382.43
1680, 2048, 1680, 381.49
1760, 2048, 1760, 384.85
1840, 2048, 1840, 392.16
1920, 2048, 1920, 394.49
2000, 2048, 2000, 392.44
2080, 2048, 2080, 395.08
2160, 2048, 2160, 391.11
2240, 2048, 2240, 396.56
2320, 2048, 2320, 394.40
2400, 2048, 2400, 396.38
2480, 2048, 2480, 397.09
2560, 2048, 2560, 399.34
2640, 2048, 2640, 399.54
2720, 2048, 2720, 396.27
2800, 2048, 2800, 396.77
2880, 2048, 2880, 399.07
2960, 2048, 2960, 399.77
3040, 2048, 3040, 400.26
3120, 2048, 3120, 400.17
3200, 2048, 3200, 402.37
3280, 2048, 3280, 402.43
3360, 2048, 3360, 403.55
3440, 2048, 3440, 403.67
3520, 2048, 3520, 404.27
3600, 2048, 3600, 385.37
3680, 2048, 3680, 387.41
3760, 2048, 3760, 388.16
3840, 2048, 3840, 389.78
3920, 2048, 3920, 389.06
4000, 2048, 4000, 390.02
