bli_shgemm performance
MC = 384, KC = 1024, NC = 3072
m, n, k, GFLOPS
80, 3072, 80, 166.47
160, 3072, 160, 232.14
240, 3072, 240, 250.11
320, 3072, 320, 274.64
400, 3072, 400, 295.42
480, 3072, 480, 311.09
560, 3072, 560, 330.66
640, 3072, 640, 329.05
720, 3072, 720, 336.47
800, 3072, 800, 347.28
880, 3072, 880, 357.67
960, 3072, 960, 359.19
1040, 3072, 1040, 331.55
1120, 3072, 1120, 336.11
1200, 3072, 1200, 344.49
1280, 3072, 1280, 351.12
1360, 3072, 1360, 354.59
1440, 3072, 1440, 358.15
1520, 3072, 1520, 358.49
1600, 3072, 1600, 363.11
1680, 3072, 1680, 365.65
1760, 3072, 1760, 366.84
1840, 3072, 1840, 370.53
1920, 3072, 1920, 372.94
2000, 3072, 2000, 373.25
2080, 3072, 2080, 341.72
2160, 3072, 2160, 342.26
2240, 3072, 2240, 344.27
2320, 3072, 2320, 344.38
2400, 3072, 2400, 347.01
2480, 3072, 2480, 347.22
2560, 3072, 2560, 351.05
2640, 3072, 2640, 351.92
2720, 3072, 2720, 351.88
2800, 3072, 2800, 350.86
2880, 3072, 2880, 354.96
2960, 3072, 2960, 357.43
3040, 3072, 3040, 358.41
3120, 3072, 3120, 341.86
3200, 3072, 3200, 346.56
3280, 3072, 3280, 344.34
3360, 3072, 3360, 346.59
3440, 3072, 3440, 348.52
3520, 3072, 3520, 349.81
3600, 3072, 3600, 349.57
3680, 3072, 3680, 353.11
3760, 3072, 3760, 352.17
3840, 3072, 3840, 357.11
3920, 3072, 3920, 356.48
4000, 3072, 4000, 359.24
