bli_shgemm performance
MC = 640, KC = 1280, NC = 4096
m, n, k, GFLOPS
80, 4096, 80, 167.65
160, 4096, 160, 218.36
240, 4096, 240, 244.52
320, 4096, 320, 274.06
400, 4096, 400, 295.18
480, 4096, 480, 310.30
560, 4096, 560, 323.14
640, 4096, 640, 327.60
720, 4096, 720, 333.10
800, 4096, 800, 340.22
880, 4096, 880, 340.56
960, 4096, 960, 345.96
1040, 4096, 1040, 348.36
1120, 4096, 1120, 349.15
1200, 4096, 1200, 361.83
1280, 4096, 1280, 367.09
1360, 4096, 1360, 326.55
1440, 4096, 1440, 327.60
1520, 4096, 1520, 332.99
1600, 4096, 1600, 335.27
1680, 4096, 1680, 337.18
1760, 4096, 1760, 338.25
1840, 4096, 1840, 340.25
1920, 4096, 1920, 341.22
2000, 4096, 2000, 342.74
2080, 4096, 2080, 350.98
2160, 4096, 2160, 354.20
2240, 4096, 2240, 358.81
2320, 4096, 2320, 360.28
2400, 4096, 2400, 359.52
2480, 4096, 2480, 362.47
2560, 4096, 2560, 364.29
2640, 4096, 2640, 344.01
2720, 4096, 2720, 347.03
2800, 4096, 2800, 346.01
2880, 4096, 2880, 351.14
2960, 4096, 2960, 351.51
3040, 4096, 3040, 353.57
3120, 4096, 3120, 354.92
3200, 4096, 3200, 356.54
3280, 4096, 3280, 356.32
3360, 4096, 3360, 356.73
3440, 4096, 3440, 360.21
3520, 4096, 3520, 360.09
3600, 4096, 3600, 362.74
3680, 4096, 3680, 362.28
3760, 4096, 3760, 365.71
3840, 4096, 3840, 365.26
3920, 4096, 3920, 353.55
4000, 4096, 4000, 351.17
