bli_shgemm performance
MC = 256, KC = 768, NC = 1024
m, n, k, GFLOPS
80, 1024, 80, 167.38
160, 1024, 160, 234.94
240, 1024, 240, 274.22
320, 1024, 320, 304.90
400, 1024, 400, 322.81
480, 1024, 480, 327.12
560, 1024, 560, 327.71
640, 1024, 640, 336.87
720, 1024, 720, 336.79
800, 1024, 800, 318.01
880, 1024, 880, 319.92
960, 1024, 960, 329.78
1040, 1024, 1040, 337.67
1120, 1024, 1120, 345.87
1200, 1024, 1200, 346.40
1280, 1024, 1280, 357.51
1360, 1024, 1360, 353.98
1440, 1024, 1440, 360.39
1520, 1024, 1520, 361.52
1600, 1024, 1600, 351.74
1680, 1024, 1680, 347.49
1760, 1024, 1760, 354.87
1840, 1024, 1840, 368.29
1920, 1024, 1920, 371.75
2000, 1024, 2000, 373.69
2080, 1024, 2080, 368.73
2160, 1024, 2160, 370.75
2240, 1024, 2240, 377.33
2320, 1024, 2320, 358.68
2400, 1024, 2400, 369.16
2480, 1024, 2480, 362.34
2560, 1024, 2560, 372.61
2640, 1024, 2640, 365.75
2720, 1024, 2720, 376.66
2800, 1024, 2800, 368.50
2880, 1024, 2880, 379.00
2960, 1024, 2960, 371.22
3040, 1024, 3040, 381.42
3120, 1024, 3120, 372.75
3200, 1024, 3200, 373.59
3280, 1024, 3280, 375.14
3360, 1024, 3360, 376.77
3440, 1024, 3440, 378.28
3520, 1024, 3520, 379.13
3600, 1024, 3600, 379.63
3680, 1024, 3680, 380.94
3760, 1024, 3760, 381.01
3840, 1024, 3840, 383.12
3920, 1024, 3920, 374.82
4000, 1024, 4000, 375.13
