bli_shgemm performance
MC = 384, KC = 256, NC = 3072
m, n, k, GFLOPS
80, 3072, 80, 165.15
160, 3072, 160, 235.48
240, 3072, 240, 258.21
320, 3072, 320, 235.33
400, 3072, 400, 256.17
480, 3072, 480, 275.32
560, 3072, 560, 259.22
640, 3072, 640, 270.83
720, 3072, 720, 283.16
800, 3072, 800, 269.23
880, 3072, 880, 278.45
960, 3072, 960, 286.72
1040, 3072, 1040, 274.08
1120, 3072, 1120, 289.21
1200, 3072, 1200, 292.43
1280, 3072, 1280, 300.16
1360, 3072, 1360, 286.62
1440, 3072, 1440, 292.37
1520, 3072, 1520, 295.35
1600, 3072, 1600, 288.35
1680, 3072, 1680, 283.36
1760, 3072, 1760, 296.50
1840, 3072, 1840, 281.30
1920, 3072, 1920, 294.51
2000, 3072, 2000, 292.16
2080, 3072, 2080, 257.56
2160, 3072, 2160, 256.29
2240, 3072, 2240, 264.48
2320, 3072, 2320, 249.90
2400, 3072, 2400, 259.61
2480, 3072, 2480, 254.39
2560, 3072, 2560, 261.95
2640, 3072, 2640, 252.90
2720, 3072, 2720, 255.87
2800, 3072, 2800, 254.53
2880, 3072, 2880, 249.85
2960, 3072, 2960, 247.02
3040, 3072, 3040, 252.43
3120, 3072, 3120, 244.24
3200, 3072, 3200, 248.91
3280, 3072, 3280, 245.43
3360, 3072, 3360, 248.14
3440, 3072, 3440, 245.42
3520, 3072, 3520, 249.57
3600, 3072, 3600, 241.11
3680, 3072, 3680, 244.78
3760, 3072, 3760, 243.98
3840, 3072, 3840, 249.35
3920, 3072, 3920, 239.78
4000, 3072, 4000, 245.64
