bli_shgemm performance
MC = 384, KC = 512, NC = 3072
m, n, k, GFLOPS
80, 3072, 80, 167.35
160, 3072, 160, 232.50
240, 3072, 240, 255.52
320, 3072, 320, 280.95
400, 3072, 400, 300.18
480, 3072, 480, 314.42
560, 3072, 560, 287.65
640, 3072, 640, 302.68
720, 3072, 720, 313.78
800, 3072, 800, 322.13
880, 3072, 880, 329.43
960, 3072, 960, 337.62
1040, 3072, 1040, 316.80
1120, 3072, 1120, 324.53
1200, 3072, 1200, 325.78
1280, 3072, 1280, 331.21
1360, 3072, 1360, 340.06
1440, 3072, 1440, 345.85
1520, 3072, 1520, 346.89
1600, 3072, 1600, 332.58
1680, 3072, 1680, 334.48
1760, 3072, 1760, 339.13
1840, 3072, 1840, 340.05
1920, 3072, 1920, 345.18
2000, 3072, 2000, 342.71
2080, 3072, 2080, 305.07
2160, 3072, 2160, 309.04
2240, 3072, 2240, 311.94
2320, 3072, 2320, 311.04
2400, 3072, 2400, 312.77
2480, 3072, 2480, 314.24
2560, 3072, 2560, 316.24
2640, 3072, 2640, 303.03
2720, 3072, 2720, 306.27
2800, 3072, 2800, 306.68
2880, 3072, 2880, 310.79
2960, 3072, 2960, 308.28
3040, 3072, 3040, 310.73
3120, 3072, 3120, 298.99
3200, 3072, 3200, 304.33
3280, 3072, 3280, 301.94
3360, 3072, 3360, 305.69
3440, 3072, 3440, 305.06
3520, 3072, 3520, 308.78
3600, 3072, 3600, 298.26
3680, 3072, 3680, 300.41
3760, 3072, 3760, 300.27
3840, 3072, 3840, 305.16
3920, 3072, 3920, 304.87
4000, 3072, 4000, 307.02
