bli_shgemm performance
MC = 640, KC = 2048, NC = 5120
m, n, k, GFLOPS
80, 5120, 80, 176.69
160, 5120, 160, 225.20
240, 5120, 240, 247.72
320, 5120, 320, 279.82
400, 5120, 400, 301.20
480, 5120, 480, 316.72
560, 5120, 560, 328.65
640, 5120, 640, 333.61
720, 5120, 720, 332.31
800, 5120, 800, 340.42
880, 5120, 880, 345.23
960, 5120, 960, 350.30
1040, 5120, 1040, 352.13
1120, 5120, 1120, 355.11
1200, 5120, 1200, 354.03
1280, 5120, 1280, 358.49
1360, 5120, 1360, 360.87
1440, 5120, 1440, 362.47
1520, 5120, 1520, 363.66
1600, 5120, 1600, 369.66
1680, 5120, 1680, 376.41
1760, 5120, 1760, 379.54
1840, 5120, 1840, 380.25
1920, 5120, 1920, 381.31
2000, 5120, 2000, 383.38
2080, 5120, 2080, 354.87
2160, 5120, 2160, 357.28
2240, 5120, 2240, 357.14
2320, 5120, 2320, 357.88
2400, 5120, 2400, 361.18
2480, 5120, 2480, 365.55
2560, 5120, 2560, 367.89
2640, 5120, 2640, 367.34
2720, 5120, 2720, 368.49
2800, 5120, 2800, 369.77
2880, 5120, 2880, 371.91
2960, 5120, 2960, 373.78
3040, 5120, 3040, 375.90
3120, 5120, 3120, 375.34
3200, 5120, 3200, 379.51
3280, 5120, 3280, 379.54
3360, 5120, 3360, 383.77
3440, 5120, 3440, 386.05
3520, 5120, 3520, 386.68
3600, 5120, 3600, 386.43
3680, 5120, 3680, 389.36
3760, 5120, 3760, 389.38
3840, 5120, 3840, 387.01
3920, 5120, 3920, 389.50
4000, 5120, 4000, 392.68
