bli_shgemm performance
MC = 640, KC = 256, NC = 1024
m, n, k, GFLOPS
80, 1024, 80, 164.98
160, 1024, 160, 229.96
240, 1024, 240, 275.44
320, 1024, 320, 258.62
400, 1024, 400, 277.55
480, 1024, 480, 296.67
560, 1024, 560, 276.62
640, 1024, 640, 288.89
720, 1024, 720, 288.51
800, 1024, 800, 283.82
880, 1024, 880, 284.08
960, 1024, 960, 295.87
1040, 1024, 1040, 277.63
1120, 1024, 1120, 289.45
1200, 1024, 1200, 286.75
1280, 1024, 1280, 298.44
1360, 1024, 1360, 283.10
1440, 1024, 1440, 294.49
1520, 1024, 1520, 293.23
1600, 1024, 1600, 291.99
1680, 1024, 1680, 289.30
1760, 1024, 1760, 298.62
1840, 1024, 1840, 300.90
1920, 1024, 1920, 303.90
2000, 1024, 2000, 307.87
2080, 1024, 2080, 284.73
2160, 1024, 2160, 288.36
2240, 1024, 2240, 302.15
2320, 1024, 2320, 289.85
2400, 1024, 2400, 300.04
2480, 1024, 2480, 295.50
2560, 1024, 2560, 305.70
2640, 1024, 2640, 291.91
2720, 1024, 2720, 303.50
2800, 1024, 2800, 297.98
2880, 1024, 2880, 300.60
2960, 1024, 2960, 292.26
3040, 1024, 3040, 305.53
3120, 1024, 3120, 300.71
3200, 1024, 3200, 302.31
3280, 1024, 3280, 304.47
3360, 1024, 3360, 300.93
3440, 1024, 3440, 302.74
3520, 1024, 3520, 304.80
3600, 1024, 3600, 300.85
3680, 1024, 3680, 302.35
3760, 1024, 3760, 303.52
3840, 1024, 3840, 306.17
3920, 1024, 3920, 302.04
4000, 1024, 4000, 303.94
