bli_shgemm performance
MC = 512, KC = 3072, NC = 4096
m, n, k, GFLOPS
80, 4096, 80, 167.09
160, 4096, 160, 228.20
240, 4096, 240, 245.31
320, 4096, 320, 275.26
400, 4096, 400, 297.28
480, 4096, 480, 312.74
560, 4096, 560, 320.82
640, 4096, 640, 329.05
720, 4096, 720, 333.05
800, 4096, 800, 342.72
880, 4096, 880, 346.29
960, 4096, 960, 351.24
1040, 4096, 1040, 348.34
1120, 4096, 1120, 352.33
1200, 4096, 1200, 357.57
1280, 4096, 1280, 359.54
1360, 4096, 1360, 364.07
1440, 4096, 1440, 369.47
1520, 4096, 1520, 368.00
1600, 4096, 1600, 368.43
1680, 4096, 1680, 371.52
1760, 4096, 1760, 371.70
1840, 4096, 1840, 370.52
1920, 4096, 1920, 377.28
2000, 4096, 2000, 377.20
2080, 4096, 2080, 384.86
2160, 4096, 2160, 385.29
2240, 4096, 2240, 387.78
2320, 4096, 2320, 386.26
2400, 4096, 2400, 388.91
2480, 4096, 2480, 389.74
2560, 4096, 2560, 391.90
2640, 4096, 2640, 391.36
2720, 4096, 2720, 391.66
2800, 4096, 2800, 393.50
2880, 4096, 2880, 394.00
2960, 4096, 2960, 388.22
3040, 4096, 3040, 394.20
3120, 4096, 3120, 370.83
3200, 4096, 3200, 372.06
3280, 4096, 3280, 376.01
3360, 4096, 3360, 378.18
3440, 4096, 3440, 375.80
3520, 4096, 3520, 377.91
3600, 4096, 3600, 376.16
3680, 4096, 3680, 380.31
3760, 4096, 3760, 380.89
3840, 4096, 3840, 383.27
3920, 4096, 3920, 385.35
4000, 4096, 4000, 384.45
