bli_shgemm performance
MC = 512, KC = 2816, NC = 1024
m, n, k, GFLOPS
80, 1024, 80, 168.11
160, 1024, 160, 233.44
240, 1024, 240, 274.85
320, 1024, 320, 304.25
400, 1024, 400, 321.56
480, 1024, 480, 326.63
560, 1024, 560, 328.54
640, 1024, 640, 336.13
720, 1024, 720, 337.11
800, 1024, 800, 351.41
880, 1024, 880, 354.35
960, 1024, 960, 362.01
1040, 1024, 1040, 362.90
1120, 1024, 1120, 366.44
1200, 1024, 1200, 368.48
1280, 1024, 1280, 378.41
1360, 1024, 1360, 374.31
1440, 1024, 1440, 378.68
1520, 1024, 1520, 378.82
1600, 1024, 1600, 382.23
1680, 1024, 1680, 382.85
1760, 1024, 1760, 386.66
1840, 1024, 1840, 386.62
1920, 1024, 1920, 390.99
2000, 1024, 2000, 389.64
2080, 1024, 2080, 391.19
2160, 1024, 2160, 394.78
2240, 1024, 2240, 396.48
2320, 1024, 2320, 397.58
2400, 1024, 2400, 398.91
2480, 1024, 2480, 399.77
2560, 1024, 2560, 400.97
2640, 1024, 2640, 400.16
2720, 1024, 2720, 401.15
2800, 1024, 2800, 401.99
2880, 1024, 2880, 387.93
2960, 1024, 2960, 389.38
3040, 1024, 3040, 390.48
3120, 1024, 3120, 390.89
3200, 1024, 3200, 392.01
3280, 1024, 3280, 392.95
3360, 1024, 3360, 393.99
3440, 1024, 3440, 394.35
3520, 1024, 3520, 394.05
3600, 1024, 3600, 395.17
3680, 1024, 3680, 395.96
3760, 1024, 3760, 396.95
3840, 1024, 3840, 397.31
3920, 1024, 3920, 397.79
4000, 1024, 4000, 398.41
