bli_shgemm performance
MC = 256, KC = 2560, NC = 2048
m, n, k, GFLOPS
80, 2048, 80, 163.20
160, 2048, 160, 234.27
240, 2048, 240, 266.57
320, 2048, 320, 285.68
400, 2048, 400, 303.62
480, 2048, 480, 314.46
560, 2048, 560, 323.01
640, 2048, 640, 329.11
720, 2048, 720, 334.23
800, 2048, 800, 343.96
880, 2048, 880, 349.20
960, 2048, 960, 356.61
1040, 2048, 1040, 358.16
1120, 2048, 1120, 363.79
1200, 2048, 1200, 366.03
1280, 2048, 1280, 370.47
1360, 2048, 1360, 376.18
1440, 2048, 1440, 380.22
1520, 2048, 1520, 375.64
1600, 2048, 1600, 376.50
1680, 2048, 1680, 377.19
1760, 2048, 1760, 380.40
1840, 2048, 1840, 379.37
1920, 2048, 1920, 380.94
2000, 2048, 2000, 382.88
2080, 2048, 2080, 385.10
2160, 2048, 2160, 389.47
2240, 2048, 2240, 391.14
2320, 2048, 2320, 386.01
2400, 2048, 2400, 387.56
2480, 2048, 2480, 389.24
2560, 2048, 2560, 391.30
2640, 2048, 2640, 373.70
2720, 2048, 2720, 374.86
2800, 2048, 2800, 376.58
2880, 2048, 2880, 378.83
2960, 2048, 2960, 378.29
3040, 2048, 3040, 378.80
3120, 2048, 3120, 378.56
3200, 2048, 3200, 379.94
3280, 2048, 3280, 380.80
3360, 2048, 3360, 380.71
3440, 2048, 3440, 383.12
3520, 2048, 3520, 384.54
3600, 2048, 3600, 383.19
3680, 2048, 3680, 388.46
3760, 2048, 3760, 388.95
3840, 2048, 3840, 390.74
3920, 2048, 3920, 390.04
4000, 2048, 4000, 391.07
