bli_shgemm performance
MC = 640, KC = 2048, NC = 4096
m, n, k, GFLOPS
80, 4096, 80, 167.87
160, 4096, 160, 218.38
240, 4096, 240, 245.51
320, 4096, 320, 275.18
400, 4096, 400, 295.77
480, 4096, 480, 312.09
560, 4096, 560, 325.42
640, 4096, 640, 332.91
720, 4096, 720, 333.96
800, 4096, 800, 343.68
880, 4096, 880, 345.55
960, 4096, 960, 351.35
1040, 4096, 1040, 357.22
1120, 4096, 1120, 359.71
1200, 4096, 1200, 357.96
1280, 4096, 1280, 359.28
1360, 4096, 1360, 359.27
1440, 4096, 1440, 362.87
1520, 4096, 1520, 361.69
1600, 4096, 1600, 368.37
1680, 4096, 1680, 368.28
1760, 4096, 1760, 370.55
1840, 4096, 1840, 370.65
1920, 4096, 1920, 381.91
2000, 4096, 2000, 379.62
2080, 4096, 2080, 354.91
2160, 4096, 2160, 354.44
2240, 4096, 2240, 357.28
2320, 4096, 2320, 358.00
2400, 4096, 2400, 361.32
2480, 4096, 2480, 363.90
2560, 4096, 2560, 366.96
2640, 4096, 2640, 366.36
2720, 4096, 2720, 365.96
2800, 4096, 2800, 371.18
2880, 4096, 2880, 375.71
2960, 4096, 2960, 373.83
3040, 4096, 3040, 374.69
3120, 4096, 3120, 378.49
3200, 4096, 3200, 378.01
3280, 4096, 3280, 377.22
3360, 4096, 3360, 378.85
3440, 4096, 3440, 381.55
3520, 4096, 3520, 380.95
3600, 4096, 3600, 384.35
3680, 4096, 3680, 385.38
3760, 4096, 3760, 386.27
3840, 4096, 3840, 385.81
3920, 4096, 3920, 387.13
4000, 4096, 4000, 387.62
