bli_shgemm performance
MC = 640, KC = 1024, NC = 4096
m, n, k, GFLOPS
80, 4096, 80, 168.58
160, 4096, 160, 223.85
240, 4096, 240, 246.31
320, 4096, 320, 275.64
400, 4096, 400, 297.55
480, 4096, 480, 313.11
560, 4096, 560, 326.29
640, 4096, 640, 331.71
720, 4096, 720, 331.62
800, 4096, 800, 341.13
880, 4096, 880, 346.11
960, 4096, 960, 346.72
1040, 4096, 1040, 314.24
1120, 4096, 1120, 322.48
1200, 4096, 1200, 330.20
1280, 4096, 1280, 332.25
1360, 4096, 1360, 334.03
1440, 4096, 1440, 337.57
1520, 4096, 1520, 337.27
1600, 4096, 1600, 342.60
1680, 4096, 1680, 339.07
1760, 4096, 1760, 346.06
1840, 4096, 1840, 342.48
1920, 4096, 1920, 348.75
2000, 4096, 2000, 347.32
2080, 4096, 2080, 329.54
2160, 4096, 2160, 331.86
2240, 4096, 2240, 336.23
2320, 4096, 2320, 334.76
2400, 4096, 2400, 338.43
2480, 4096, 2480, 341.51
2560, 4096, 2560, 343.51
2640, 4096, 2640, 343.32
2720, 4096, 2720, 353.55
2800, 4096, 2800, 348.81
2880, 4096, 2880, 358.52
2960, 4096, 2960, 353.90
3040, 4096, 3040, 360.63
3120, 4096, 3120, 340.14
3200, 4096, 3200, 346.77
3280, 4096, 3280, 343.47
3360, 4096, 3360, 351.50
3440, 4096, 3440, 344.13
3520, 4096, 3520, 355.61
3600, 4096, 3600, 347.08
3680, 4096, 3680, 356.62
3760, 4096, 3760, 348.07
3840, 4096, 3840, 357.60
3920, 4096, 3920, 352.29
4000, 4096, 4000, 360.53
