bli_shgemm performance
MC = 512, KC = 768, NC = 1024
m, n, k, GFLOPS
80, 1024, 80, 166.94
160, 1024, 160, 235.76
240, 1024, 240, 275.09
320, 1024, 320, 303.59
400, 1024, 400, 320.19
480, 1024, 480, 320.08
560, 1024, 560, 323.94
640, 1024, 640, 330.08
720, 1024, 720, 334.96
800, 1024, 800, 316.12
880, 1024, 880, 316.77
960, 1024, 960, 327.23
1040, 1024, 1040, 327.20
1120, 1024, 1120, 340.96
1200, 1024, 1200, 343.22
1280, 1024, 1280, 353.17
1360, 1024, 1360, 350.67
1440, 1024, 1440, 356.65
1520, 1024, 1520, 357.87
1600, 1024, 1600, 347.81
1680, 1024, 1680, 344.78
1760, 1024, 1760, 351.97
1840, 1024, 1840, 365.24
1920, 1024, 1920, 368.52
2000, 1024, 2000, 370.92
2080, 1024, 2080, 366.40
2160, 1024, 2160, 367.18
2240, 1024, 2240, 374.04
2320, 1024, 2320, 355.26
2400, 1024, 2400, 364.82
2480, 1024, 2480, 359.05
2560, 1024, 2560, 368.57
2640, 1024, 2640, 362.56
2720, 1024, 2720, 371.98
2800, 1024, 2800, 365.67
2880, 1024, 2880, 374.44
2960, 1024, 2960, 368.61
3040, 1024, 3040, 377.31
3120, 1024, 3120, 367.82
3200, 1024, 3200, 368.45
3280, 1024, 3280, 369.68
3360, 1024, 3360, 371.68
3440, 1024, 3440, 373.07
3520, 1024, 3520, 374.39
3600, 1024, 3600, 375.09
3680, 1024, 3680, 375.90
3760, 1024, 3760, 376.46
3840, 1024, 3840, 378.10
3920, 1024, 3920, 369.94
4000, 1024, 4000, 371.43
