bli_shgemm performance
MC = 512, KC = 1280, NC = 1024
m, n, k, GFLOPS
80, 1024, 80, 163.79
160, 1024, 160, 232.93
240, 1024, 240, 275.84
320, 1024, 320, 303.15
400, 1024, 400, 321.91
480, 1024, 480, 327.54
560, 1024, 560, 330.15
640, 1024, 640, 336.89
720, 1024, 720, 334.39
800, 1024, 800, 346.70
880, 1024, 880, 350.04
960, 1024, 960, 360.63
1040, 1024, 1040, 359.32
1120, 1024, 1120, 365.32
1200, 1024, 1200, 368.13
1280, 1024, 1280, 374.62
1360, 1024, 1360, 348.25
1440, 1024, 1440, 356.40
1520, 1024, 1520, 355.32
1600, 1024, 1600, 362.40
1680, 1024, 1680, 360.93
1760, 1024, 1760, 366.88
1840, 1024, 1840, 367.16
1920, 1024, 1920, 371.13
2000, 1024, 2000, 370.36
2080, 1024, 2080, 378.75
2160, 1024, 2160, 380.63
2240, 1024, 2240, 384.96
2320, 1024, 2320, 380.58
2400, 1024, 2400, 386.99
2480, 1024, 2480, 383.21
2560, 1024, 2560, 389.41
2640, 1024, 2640, 371.69
2720, 1024, 2720, 377.80
2800, 1024, 2800, 374.22
2880, 1024, 2880, 381.74
2960, 1024, 2960, 378.22
3040, 1024, 3040, 383.99
3120, 1024, 3120, 384.56
3200, 1024, 3200, 384.82
3280, 1024, 3280, 385.58
3360, 1024, 3360, 387.11
3440, 1024, 3440, 387.77
3520, 1024, 3520, 388.85
3600, 1024, 3600, 388.38
3680, 1024, 3680, 389.04
3760, 1024, 3760, 389.61
3840, 1024, 3840, 390.28
3920, 1024, 3920, 381.98
4000, 1024, 4000, 382.73
