bli_shgemm performance
MC = 1024, KC = 1024, NC = 3072
m, n, k, GFLOPS
1024, 1024, 80, 202.78
1024, 1024, 160, 277.20
1024, 1024, 240, 307.57
1024, 1024, 320, 325.63
1024, 1024, 400, 336.53
1024, 1024, 480, 345.64
1024, 1024, 560, 351.45
1024, 1024, 640, 354.23
1024, 1024, 720, 356.48
1024, 1024, 800, 366.90
1024, 1024, 880, 367.20
1024, 1024, 960, 372.70
1024, 1024, 1040, 331.58
1024, 1024, 1120, 344.36
1024, 1024, 1200, 345.36
1024, 1024, 1280, 350.95
1024, 1024, 1360, 349.90
1024, 1024, 1440, 355.86
1024, 1024, 1520, 354.32
1024, 1024, 1600, 359.96
1024, 1024, 1680, 355.89
1024, 1024, 1760, 361.88
1024, 1024, 1840, 361.30
1024, 1024, 1920, 364.89
1024, 1024, 2000, 364.51
1024, 1024, 2080, 354.54
1024, 1024, 2160, 353.70
1024, 1024, 2240, 358.72
1024, 1024, 2320, 354.59
1024, 1024, 2400, 358.50
1024, 1024, 2480, 357.17
1024, 1024, 2560, 362.32
1024, 1024, 2640, 360.35
1024, 1024, 2720, 361.20
1024, 1024, 2800, 361.23
1024, 1024, 2880, 364.89
1024, 1024, 2960, 364.09
1024, 1024, 3040, 366.83
1024, 1024, 3120, 359.20
1024, 1024, 3200, 363.14
1024, 1024, 3280, 361.96
1024, 1024, 3360, 365.19
1024, 1024, 3440, 364.34
1024, 1024, 3520, 368.13
1024, 1024, 3600, 365.93
1024, 1024, 3680, 368.38
1024, 1024, 3760, 366.32
1024, 1024, 3840, 369.74
1024, 1024, 3920, 368.94
1024, 1024, 4000, 370.89
