bli_shgemm performance
MC = 1024, KC = 896, NC = 4681
m, n, k, GFLOPS
1024, 1024, 80, 186.35
1024, 1024, 160, 274.98
1024, 1024, 240, 309.25
1024, 1024, 320, 325.52
1024, 1024, 400, 336.53
1024, 1024, 480, 341.92
1024, 1024, 560, 352.42
1024, 1024, 640, 354.79
1024, 1024, 720, 357.64
1024, 1024, 800, 366.75
1024, 1024, 880, 366.77
1024, 1024, 960, 335.34
1024, 1024, 1040, 333.68
1024, 1024, 1120, 342.10
1024, 1024, 1200, 340.05
1024, 1024, 1280, 348.59
1024, 1024, 1360, 345.19
1024, 1024, 1440, 352.72
1024, 1024, 1520, 349.72
1024, 1024, 1600, 355.44
1024, 1024, 1680, 354.09
1024, 1024, 1760, 358.75
1024, 1024, 1840, 343.38
1024, 1024, 1920, 347.66
1024, 1024, 2000, 345.57
1024, 1024, 2080, 350.51
1024, 1024, 2160, 350.21
1024, 1024, 2240, 354.84
1024, 1024, 2320, 352.45
1024, 1024, 2400, 360.36
1024, 1024, 2480, 356.05
1024, 1024, 2560, 362.84
1024, 1024, 2640, 360.06
1024, 1024, 2720, 353.65
1024, 1024, 2800, 352.80
1024, 1024, 2880, 357.53
1024, 1024, 2960, 359.55
1024, 1024, 3040, 361.61
1024, 1024, 3120, 361.59
1024, 1024, 3200, 363.95
1024, 1024, 3280, 362.58
1024, 1024, 3360, 364.74
1024, 1024, 3440, 366.33
1024, 1024, 3520, 367.91
1024, 1024, 3600, 360.19
1024, 1024, 3680, 361.67
1024, 1024, 3760, 361.08
1024, 1024, 3840, 363.27
1024, 1024, 3920, 362.96
1024, 1024, 4000, 364.36
