bli_shgemm performance
MC = 1024, KC = 256, NC = 2048
m, n, k, GFLOPS
1024, 1024, 80, 191.71
1024, 1024, 160, 249.78
1024, 1024, 240, 292.71
1024, 1024, 320, 249.14
1024, 1024, 400, 264.63
1024, 1024, 480, 285.94
1024, 1024, 560, 257.68
1024, 1024, 640, 270.54
1024, 1024, 720, 276.14
1024, 1024, 800, 266.78
1024, 1024, 880, 268.21
1024, 1024, 960, 287.91
1024, 1024, 1040, 269.60
1024, 1024, 1120, 280.09
1024, 1024, 1200, 278.92
1024, 1024, 1280, 290.43
1024, 1024, 1360, 275.45
1024, 1024, 1440, 289.17
1024, 1024, 1520, 306.03
1024, 1024, 1600, 299.51
1024, 1024, 1680, 301.74
1024, 1024, 1760, 306.81
1024, 1024, 1840, 298.32
1024, 1024, 1920, 302.48
1024, 1024, 2000, 306.42
1024, 1024, 2080, 296.46
1024, 1024, 2160, 299.43
1024, 1024, 2240, 302.00
1024, 1024, 2320, 296.53
1024, 1024, 2400, 298.34
1024, 1024, 2480, 301.50
1024, 1024, 2560, 303.60
1024, 1024, 2640, 298.74
1024, 1024, 2720, 300.65
1024, 1024, 2800, 303.41
1024, 1024, 2880, 299.04
1024, 1024, 2960, 300.95
1024, 1024, 3040, 302.75
1024, 1024, 3120, 298.91
1024, 1024, 3200, 300.37
1024, 1024, 3280, 302.51
1024, 1024, 3360, 299.21
1024, 1024, 3440, 300.89
1024, 1024, 3520, 302.53
1024, 1024, 3600, 299.10
1024, 1024, 3680, 300.74
1024, 1024, 3760, 301.83
1024, 1024, 3840, 304.06
1024, 1024, 3920, 300.50
1024, 1024, 4000, 301.84
