bli_shgemm performance
MC = 1024, KC = 512, NC = 8192
m, n, k, GFLOPS
1024, 1024, 80, 197.97
1024, 1024, 160, 274.79
1024, 1024, 240, 304.39
1024, 1024, 320, 325.27
1024, 1024, 400, 334.40
1024, 1024, 480, 342.92
1024, 1024, 560, 307.76
1024, 1024, 640, 318.44
1024, 1024, 720, 319.91
1024, 1024, 800, 328.92
1024, 1024, 880, 329.75
1024, 1024, 960, 342.40
1024, 1024, 1040, 316.39
1024, 1024, 1120, 325.19
1024, 1024, 1200, 324.15
1024, 1024, 1280, 334.37
1024, 1024, 1360, 331.43
1024, 1024, 1440, 339.43
1024, 1024, 1520, 337.69
1024, 1024, 1600, 332.00
1024, 1024, 1680, 327.47
1024, 1024, 1760, 334.13
1024, 1024, 1840, 323.33
1024, 1024, 1920, 340.97
1024, 1024, 2000, 337.67
1024, 1024, 2080, 332.04
1024, 1024, 2160, 331.85
1024, 1024, 2240, 337.50
1024, 1024, 2320, 335.69
1024, 1024, 2400, 340.11
1024, 1024, 2480, 339.22
1024, 1024, 2560, 343.94
1024, 1024, 2640, 333.18
1024, 1024, 2720, 336.93
1024, 1024, 2800, 335.46
1024, 1024, 2880, 341.32
1024, 1024, 2960, 339.01
1024, 1024, 3040, 342.27
1024, 1024, 3120, 334.11
1024, 1024, 3200, 342.08
1024, 1024, 3280, 346.05
1024, 1024, 3360, 348.08
1024, 1024, 3440, 349.72
1024, 1024, 3520, 351.16
1024, 1024, 3600, 344.81
1024, 1024, 3680, 346.54
1024, 1024, 3760, 347.13
1024, 1024, 3840, 348.60
1024, 1024, 3920, 349.38
1024, 1024, 4000, 351.31
