bli_shgemm performance
MC = 1024, KC = 256, NC = 8192
m, n, k, GFLOPS
1024, 1024, 80, 195.77
1024, 1024, 160, 273.24
1024, 1024, 240, 298.11
1024, 1024, 320, 272.09
1024, 1024, 400, 278.91
1024, 1024, 480, 300.10
1024, 1024, 560, 275.65
1024, 1024, 640, 290.51
1024, 1024, 720, 289.77
1024, 1024, 800, 283.47
1024, 1024, 880, 283.41
1024, 1024, 960, 297.55
1024, 1024, 1040, 277.76
1024, 1024, 1120, 289.04
1024, 1024, 1200, 287.16
1024, 1024, 1280, 300.22
1024, 1024, 1360, 283.67
1024, 1024, 1440, 293.65
1024, 1024, 1520, 290.95
1024, 1024, 1600, 287.90
1024, 1024, 1680, 271.16
1024, 1024, 1760, 283.15
1024, 1024, 1840, 273.43
1024, 1024, 1920, 278.14
1024, 1024, 2000, 302.54
1024, 1024, 2080, 305.67
1024, 1024, 2160, 274.05
1024, 1024, 2240, 311.57
1024, 1024, 2320, 271.53
1024, 1024, 2400, 303.78
1024, 1024, 2480, 277.33
1024, 1024, 2560, 308.10
1024, 1024, 2640, 275.37
1024, 1024, 2720, 307.31
1024, 1024, 2800, 280.56
1024, 1024, 2880, 307.39
1024, 1024, 2960, 277.72
1024, 1024, 3040, 311.79
1024, 1024, 3120, 282.54
1024, 1024, 3200, 308.48
1024, 1024, 3280, 284.55
1024, 1024, 3360, 306.95
1024, 1024, 3440, 280.85
1024, 1024, 3520, 311.52
1024, 1024, 3600, 278.94
1024, 1024, 3680, 310.09
1024, 1024, 3760, 281.82
1024, 1024, 3840, 312.66
1024, 1024, 3920, 283.15
1024, 1024, 4000, 311.61
