bli_shgemm performance
MC = 1024, KC = 256, NC = 14336
m, n, k, GFLOPS
1024, 1024, 80, 199.78
1024, 1024, 160, 271.70
1024, 1024, 240, 298.02
1024, 1024, 320, 266.75
1024, 1024, 400, 270.78
1024, 1024, 480, 296.02
1024, 1024, 560, 267.73
1024, 1024, 640, 285.56
1024, 1024, 720, 282.59
1024, 1024, 800, 279.85
1024, 1024, 880, 279.84
1024, 1024, 960, 294.23
1024, 1024, 1040, 274.53
1024, 1024, 1120, 286.64
1024, 1024, 1200, 270.62
1024, 1024, 1280, 298.97
1024, 1024, 1360, 281.82
1024, 1024, 1440, 291.20
1024, 1024, 1520, 289.21
1024, 1024, 1600, 291.16
1024, 1024, 1680, 282.91
1024, 1024, 1760, 292.79
1024, 1024, 1840, 281.20
1024, 1024, 1920, 292.07
1024, 1024, 2000, 285.87
1024, 1024, 2080, 285.22
1024, 1024, 2160, 283.67
1024, 1024, 2240, 294.65
1024, 1024, 2320, 279.66
1024, 1024, 2400, 290.44
1024, 1024, 2480, 286.04
1024, 1024, 2560, 295.27
1024, 1024, 2640, 282.97
1024, 1024, 2720, 292.51
1024, 1024, 2800, 287.19
1024, 1024, 2880, 293.08
1024, 1024, 2960, 284.62
1024, 1024, 3040, 293.75
1024, 1024, 3120, 283.22
1024, 1024, 3200, 294.78
1024, 1024, 3280, 286.36
1024, 1024, 3360, 297.81
1024, 1024, 3440, 306.73
1024, 1024, 3520, 310.18
1024, 1024, 3600, 306.17
1024, 1024, 3680, 307.61
1024, 1024, 3760, 309.28
1024, 1024, 3840, 310.66
1024, 1024, 3920, 307.68
1024, 1024, 4000, 308.66
