bli_shgemm performance
MC = 1024, KC = 1024, NC = 1024
m, n, k, GFLOPS
1024, 1024, 80, 196.06
1024, 1024, 160, 263.49
1024, 1024, 240, 277.73
1024, 1024, 320, 309.82
1024, 1024, 400, 320.54
1024, 1024, 480, 333.15
1024, 1024, 560, 337.45
1024, 1024, 640, 344.60
1024, 1024, 720, 345.38
1024, 1024, 800, 357.99
1024, 1024, 880, 359.58
1024, 1024, 960, 367.14
1024, 1024, 1040, 324.75
1024, 1024, 1120, 336.95
1024, 1024, 1200, 336.35
1024, 1024, 1280, 343.34
1024, 1024, 1360, 343.26
1024, 1024, 1440, 348.70
1024, 1024, 1520, 347.22
1024, 1024, 1600, 354.48
1024, 1024, 1680, 350.91
1024, 1024, 1760, 355.63
1024, 1024, 1840, 356.17
1024, 1024, 1920, 360.39
1024, 1024, 2000, 360.28
1024, 1024, 2080, 351.10
1024, 1024, 2160, 349.49
1024, 1024, 2240, 355.90
1024, 1024, 2320, 351.57
1024, 1024, 2400, 356.11
1024, 1024, 2480, 353.29
1024, 1024, 2560, 358.98
1024, 1024, 2640, 356.09
1024, 1024, 2720, 358.03
1024, 1024, 2800, 358.00
1024, 1024, 2880, 364.89
1024, 1024, 2960, 363.72
1024, 1024, 3040, 367.54
1024, 1024, 3120, 355.11
1024, 1024, 3200, 358.86
1024, 1024, 3280, 357.94
1024, 1024, 3360, 359.98
1024, 1024, 3440, 359.37
1024, 1024, 3520, 363.14
1024, 1024, 3600, 362.13
1024, 1024, 3680, 364.48
1024, 1024, 3760, 362.21
1024, 1024, 3840, 365.82
1024, 1024, 3920, 365.14
1024, 1024, 4000, 367.26
