bli_shgemm performance
MC = 1024, KC = 768, NC = 5461
m, n, k, GFLOPS
1024, 1024, 80, 194.28
1024, 1024, 160, 266.47
1024, 1024, 240, 306.74
1024, 1024, 320, 323.53
1024, 1024, 400, 332.74
1024, 1024, 480, 341.16
1024, 1024, 560, 346.90
1024, 1024, 640, 351.11
1024, 1024, 720, 352.91
1024, 1024, 800, 327.67
1024, 1024, 880, 328.41
1024, 1024, 960, 339.12
1024, 1024, 1040, 335.43
1024, 1024, 1120, 344.49
1024, 1024, 1200, 343.56
1024, 1024, 1280, 351.08
1024, 1024, 1360, 346.94
1024, 1024, 1440, 349.85
1024, 1024, 1520, 350.95
1024, 1024, 1600, 342.62
1024, 1024, 1680, 339.24
1024, 1024, 1760, 345.85
1024, 1024, 1840, 344.48
1024, 1024, 1920, 350.96
1024, 1024, 2000, 343.39
1024, 1024, 2080, 356.21
1024, 1024, 2160, 353.05
1024, 1024, 2240, 358.08
1024, 1024, 2320, 344.05
1024, 1024, 2400, 350.09
1024, 1024, 2480, 348.25
1024, 1024, 2560, 354.28
1024, 1024, 2640, 351.53
1024, 1024, 2720, 356.06
1024, 1024, 2800, 352.83
1024, 1024, 2880, 356.75
1024, 1024, 2960, 354.18
1024, 1024, 3040, 357.60
1024, 1024, 3120, 348.97
1024, 1024, 3200, 351.23
1024, 1024, 3280, 350.49
1024, 1024, 3360, 355.23
1024, 1024, 3440, 354.61
1024, 1024, 3520, 357.98
1024, 1024, 3600, 356.56
1024, 1024, 3680, 358.50
1024, 1024, 3760, 356.75
1024, 1024, 3840, 360.18
1024, 1024, 3920, 352.55
1024, 1024, 4000, 354.23
