bli_shgemm performance
MC = 1024, KC = 256, NC = 7168
m, n, k, GFLOPS
1024, 1024, 80, 206.66
1024, 1024, 160, 270.55
1024, 1024, 240, 298.88
1024, 1024, 320, 269.45
1024, 1024, 400, 275.29
1024, 1024, 480, 298.78
1024, 1024, 560, 278.08
1024, 1024, 640, 291.01
1024, 1024, 720, 295.22
1024, 1024, 800, 286.54
1024, 1024, 880, 289.21
1024, 1024, 960, 300.16
1024, 1024, 1040, 283.82
1024, 1024, 1120, 292.90
1024, 1024, 1200, 292.93
1024, 1024, 1280, 309.72
1024, 1024, 1360, 298.06
1024, 1024, 1440, 303.88
1024, 1024, 1520, 303.49
1024, 1024, 1600, 299.95
1024, 1024, 1680, 283.06
1024, 1024, 1760, 304.99
1024, 1024, 1840, 299.36
1024, 1024, 1920, 300.86
1024, 1024, 2000, 305.51
1024, 1024, 2080, 304.92
1024, 1024, 2160, 278.54
1024, 1024, 2240, 312.28
1024, 1024, 2320, 275.72
1024, 1024, 2400, 311.10
1024, 1024, 2480, 282.18
1024, 1024, 2560, 315.42
1024, 1024, 2640, 280.83
1024, 1024, 2720, 311.15
1024, 1024, 2800, 284.91
1024, 1024, 2880, 311.01
1024, 1024, 2960, 283.14
1024, 1024, 3040, 310.94
1024, 1024, 3120, 282.39
1024, 1024, 3200, 306.66
1024, 1024, 3280, 287.50
1024, 1024, 3360, 304.50
1024, 1024, 3440, 286.84
1024, 1024, 3520, 309.70
1024, 1024, 3600, 282.65
1024, 1024, 3680, 308.73
1024, 1024, 3760, 281.53
1024, 1024, 3840, 309.76
1024, 1024, 3920, 282.19
1024, 1024, 4000, 287.54
