bli_shgemm performance
MC = 1024, KC = 1024, NC = 3584
m, n, k, GFLOPS
1024, 1024, 80, 205.06
1024, 1024, 160, 280.95
1024, 1024, 240, 307.09
1024, 1024, 320, 322.40
1024, 1024, 400, 335.35
1024, 1024, 480, 342.65
1024, 1024, 560, 350.94
1024, 1024, 640, 353.78
1024, 1024, 720, 355.36
1024, 1024, 800, 365.94
1024, 1024, 880, 366.42
1024, 1024, 960, 372.01
1024, 1024, 1040, 340.81
1024, 1024, 1120, 345.27
1024, 1024, 1200, 344.47
1024, 1024, 1280, 351.81
1024, 1024, 1360, 349.93
1024, 1024, 1440, 356.12
1024, 1024, 1520, 354.08
1024, 1024, 1600, 359.25
1024, 1024, 1680, 354.51
1024, 1024, 1760, 360.55
1024, 1024, 1840, 359.57
1024, 1024, 1920, 364.05
1024, 1024, 2000, 363.47
1024, 1024, 2080, 352.74
1024, 1024, 2160, 352.76
1024, 1024, 2240, 356.84
1024, 1024, 2320, 354.18
1024, 1024, 2400, 357.34
1024, 1024, 2480, 357.48
1024, 1024, 2560, 360.37
1024, 1024, 2640, 360.24
1024, 1024, 2720, 359.50
1024, 1024, 2800, 358.86
1024, 1024, 2880, 362.83
1024, 1024, 2960, 363.02
1024, 1024, 3040, 364.84
1024, 1024, 3120, 359.24
1024, 1024, 3200, 366.59
1024, 1024, 3280, 367.44
1024, 1024, 3360, 368.76
1024, 1024, 3440, 369.89
1024, 1024, 3520, 370.41
1024, 1024, 3600, 370.66
1024, 1024, 3680, 372.28
1024, 1024, 3760, 372.68
1024, 1024, 3840, 374.43
1024, 1024, 3920, 374.41
1024, 1024, 4000, 374.87
