bli_shgemm performance
MC = 1024, KC = 512, NC = 6144
m, n, k, GFLOPS
1024, 1024, 80, 188.96
1024, 1024, 160, 274.79
1024, 1024, 240, 305.17
1024, 1024, 320, 325.63
1024, 1024, 400, 335.92
1024, 1024, 480, 343.56
1024, 1024, 560, 308.90
1024, 1024, 640, 317.60
1024, 1024, 720, 318.83
1024, 1024, 800, 329.43
1024, 1024, 880, 333.56
1024, 1024, 960, 343.66
1024, 1024, 1040, 319.23
1024, 1024, 1120, 327.67
1024, 1024, 1200, 325.92
1024, 1024, 1280, 335.46
1024, 1024, 1360, 333.90
1024, 1024, 1440, 341.15
1024, 1024, 1520, 339.95
1024, 1024, 1600, 331.96
1024, 1024, 1680, 328.39
1024, 1024, 1760, 335.70
1024, 1024, 1840, 334.04
1024, 1024, 1920, 341.89
1024, 1024, 2000, 339.26
1024, 1024, 2080, 319.65
1024, 1024, 2160, 320.86
1024, 1024, 2240, 329.13
1024, 1024, 2320, 324.45
1024, 1024, 2400, 332.01
1024, 1024, 2480, 329.06
1024, 1024, 2560, 352.56
1024, 1024, 2640, 344.83
1024, 1024, 2720, 346.38
1024, 1024, 2800, 347.98
1024, 1024, 2880, 349.86
1024, 1024, 2960, 351.22
1024, 1024, 3040, 352.01
1024, 1024, 3120, 345.08
1024, 1024, 3200, 346.17
1024, 1024, 3280, 347.78
1024, 1024, 3360, 349.24
1024, 1024, 3440, 350.62
1024, 1024, 3520, 351.44
1024, 1024, 3600, 346.14
1024, 1024, 3680, 346.88
1024, 1024, 3760, 348.05
1024, 1024, 3840, 349.31
1024, 1024, 3920, 350.35
1024, 1024, 4000, 351.60
