bli_shgemm performance
MC = 1170, KC = 896, NC = 1755
m, n, k, GFLOPS
1024, 1024, 80, 205.73
1024, 1024, 160, 277.18
1024, 1024, 240, 306.36
1024, 1024, 320, 322.93
1024, 1024, 400, 334.17
1024, 1024, 480, 343.34
1024, 1024, 560, 347.77
1024, 1024, 640, 350.43
1024, 1024, 720, 352.61
1024, 1024, 800, 364.01
1024, 1024, 880, 363.73
1024, 1024, 960, 340.71
1024, 1024, 1040, 338.89
1024, 1024, 1120, 346.87
1024, 1024, 1200, 346.44
1024, 1024, 1280, 353.25
1024, 1024, 1360, 352.91
1024, 1024, 1440, 358.33
1024, 1024, 1520, 357.29
1024, 1024, 1600, 351.21
1024, 1024, 1680, 349.97
1024, 1024, 1760, 356.89
1024, 1024, 1840, 336.83
1024, 1024, 1920, 342.86
1024, 1024, 2000, 339.87
1024, 1024, 2080, 345.14
1024, 1024, 2160, 344.34
1024, 1024, 2240, 349.63
1024, 1024, 2320, 346.75
1024, 1024, 2400, 350.38
1024, 1024, 2480, 348.13
1024, 1024, 2560, 354.04
1024, 1024, 2640, 359.80
1024, 1024, 2720, 357.91
1024, 1024, 2800, 350.00
1024, 1024, 2880, 354.08
1024, 1024, 2960, 351.20
1024, 1024, 3040, 354.88
1024, 1024, 3120, 353.64
1024, 1024, 3200, 358.65
1024, 1024, 3280, 355.33
1024, 1024, 3360, 357.72
1024, 1024, 3440, 357.53
1024, 1024, 3520, 361.67
1024, 1024, 3600, 363.15
1024, 1024, 3680, 363.74
1024, 1024, 3760, 364.60
1024, 1024, 3840, 365.56
1024, 1024, 3920, 366.71
1024, 1024, 4000, 367.59
