bli_shgemm performance
MC = 1194, KC = 768, NC = 2048
m, n, k, GFLOPS
1024, 1024, 80, 194.38
1024, 1024, 160, 271.45
1024, 1024, 240, 305.93
1024, 1024, 320, 328.47
1024, 1024, 400, 338.94
1024, 1024, 480, 345.68
1024, 1024, 560, 351.62
1024, 1024, 640, 354.61
1024, 1024, 720, 356.03
1024, 1024, 800, 334.52
1024, 1024, 880, 338.80
1024, 1024, 960, 326.70
1024, 1024, 1040, 318.77
1024, 1024, 1120, 331.81
1024, 1024, 1200, 325.24
1024, 1024, 1280, 337.51
1024, 1024, 1360, 329.72
1024, 1024, 1440, 335.90
1024, 1024, 1520, 328.10
1024, 1024, 1600, 322.54
1024, 1024, 1680, 318.02
1024, 1024, 1760, 328.81
1024, 1024, 1840, 320.12
1024, 1024, 1920, 335.38
1024, 1024, 2000, 323.89
1024, 1024, 2080, 332.38
1024, 1024, 2160, 327.07
1024, 1024, 2240, 343.49
1024, 1024, 2320, 318.30
1024, 1024, 2400, 328.22
1024, 1024, 2480, 354.30
1024, 1024, 2560, 356.69
1024, 1024, 2640, 358.62
1024, 1024, 2720, 360.81
1024, 1024, 2800, 361.40
1024, 1024, 2880, 362.81
1024, 1024, 2960, 362.51
1024, 1024, 3040, 365.01
1024, 1024, 3120, 352.32
1024, 1024, 3200, 355.38
1024, 1024, 3280, 357.29
1024, 1024, 3360, 358.93
1024, 1024, 3440, 360.76
1024, 1024, 3520, 362.01
1024, 1024, 3600, 362.30
1024, 1024, 3680, 363.26
1024, 1024, 3760, 363.36
1024, 1024, 3840, 365.64
1024, 1024, 3920, 355.77
1024, 1024, 4000, 358.28
