bli_shgemm performance
MC = 1194, KC = 768, NC = 5461
m, n, k, GFLOPS
1024, 1024, 80, 200.65
1024, 1024, 160, 268.42
1024, 1024, 240, 301.32
1024, 1024, 320, 322.11
1024, 1024, 400, 333.80
1024, 1024, 480, 341.86
1024, 1024, 560, 347.49
1024, 1024, 640, 350.79
1024, 1024, 720, 352.33
1024, 1024, 800, 331.49
1024, 1024, 880, 334.74
1024, 1024, 960, 338.84
1024, 1024, 1040, 338.74
1024, 1024, 1120, 344.09
1024, 1024, 1200, 343.88
1024, 1024, 1280, 352.09
1024, 1024, 1360, 348.32
1024, 1024, 1440, 352.44
1024, 1024, 1520, 353.13
1024, 1024, 1600, 344.03
1024, 1024, 1680, 340.60
1024, 1024, 1760, 347.21
1024, 1024, 1840, 345.08
1024, 1024, 1920, 351.73
1024, 1024, 2000, 342.40
1024, 1024, 2080, 353.53
1024, 1024, 2160, 352.83
1024, 1024, 2240, 356.40
1024, 1024, 2320, 344.04
1024, 1024, 2400, 347.47
1024, 1024, 2480, 346.43
1024, 1024, 2560, 350.60
1024, 1024, 2640, 349.58
1024, 1024, 2720, 353.53
1024, 1024, 2800, 352.63
1024, 1024, 2880, 355.52
1024, 1024, 2960, 353.42
1024, 1024, 3040, 357.17
1024, 1024, 3120, 347.42
1024, 1024, 3200, 350.66
1024, 1024, 3280, 350.07
1024, 1024, 3360, 352.75
1024, 1024, 3440, 344.54
1024, 1024, 3520, 349.24
1024, 1024, 3600, 347.46
1024, 1024, 3680, 350.56
1024, 1024, 3760, 347.72
1024, 1024, 3840, 351.52
1024, 1024, 3920, 347.52
1024, 1024, 4000, 349.74
