bli_shgemm performance
MC = 128, KC = 2048, NC = 256
m, n, k, GFLOPS
1024, 1024, 80, 200.40
1024, 1024, 160, 254.88
1024, 1024, 240, 288.06
1024, 1024, 320, 298.24
1024, 1024, 400, 310.89
1024, 1024, 480, 315.89
1024, 1024, 560, 317.63
1024, 1024, 640, 319.70
1024, 1024, 720, 324.70
1024, 1024, 800, 322.22
1024, 1024, 880, 319.17
1024, 1024, 960, 328.81
1024, 1024, 1040, 322.15
1024, 1024, 1120, 328.84
1024, 1024, 1200, 322.98
1024, 1024, 1280, 335.10
1024, 1024, 1360, 328.46
1024, 1024, 1440, 336.66
1024, 1024, 1520, 351.13
1024, 1024, 1600, 351.86
1024, 1024, 1680, 352.60
1024, 1024, 1760, 353.13
1024, 1024, 1840, 353.84
1024, 1024, 1920, 354.32
1024, 1024, 2000, 354.68
1024, 1024, 2080, 344.95
1024, 1024, 2160, 345.56
1024, 1024, 2240, 346.15
1024, 1024, 2320, 346.74
1024, 1024, 2400, 347.60
1024, 1024, 2480, 348.16
1024, 1024, 2560, 348.97
1024, 1024, 2640, 348.92
1024, 1024, 2720, 348.71
1024, 1024, 2800, 350.26
1024, 1024, 2880, 350.33
1024, 1024, 2960, 350.52
1024, 1024, 3040, 351.35
1024, 1024, 3120, 352.03
1024, 1024, 3200, 352.20
1024, 1024, 3280, 353.05
1024, 1024, 3360, 352.76
1024, 1024, 3440, 353.57
1024, 1024, 3520, 354.00
1024, 1024, 3600, 354.62
1024, 1024, 3680, 354.42
1024, 1024, 3760, 354.30
1024, 1024, 3840, 354.21
1024, 1024, 3920, 355.22
1024, 1024, 4000, 355.42
