bli_shgemm performance
MC = 128, KC = 1024, NC = 4096
m, n, k, GFLOPS
1024, 1024, 80, 211.36
1024, 1024, 160, 265.17
1024, 1024, 240, 302.31
1024, 1024, 320, 323.13
1024, 1024, 400, 330.51
1024, 1024, 480, 341.40
1024, 1024, 560, 343.69
1024, 1024, 640, 352.16
1024, 1024, 720, 356.40
1024, 1024, 800, 366.54
1024, 1024, 880, 365.47
1024, 1024, 960, 375.18
1024, 1024, 1040, 346.31
1024, 1024, 1120, 352.19
1024, 1024, 1200, 349.96
1024, 1024, 1280, 357.47
1024, 1024, 1360, 355.93
1024, 1024, 1440, 361.75
1024, 1024, 1520, 358.78
1024, 1024, 1600, 366.98
1024, 1024, 1680, 362.59
1024, 1024, 1760, 364.29
1024, 1024, 1840, 364.09
1024, 1024, 1920, 372.88
1024, 1024, 2000, 370.48
1024, 1024, 2080, 360.37
1024, 1024, 2160, 358.42
1024, 1024, 2240, 363.15
1024, 1024, 2320, 359.45
1024, 1024, 2400, 364.14
1024, 1024, 2480, 363.32
1024, 1024, 2560, 368.57
1024, 1024, 2640, 364.72
1024, 1024, 2720, 367.96
1024, 1024, 2800, 367.05
1024, 1024, 2880, 371.97
1024, 1024, 2960, 369.31
1024, 1024, 3040, 371.92
1024, 1024, 3120, 362.02
1024, 1024, 3200, 365.06
1024, 1024, 3280, 362.49
1024, 1024, 3360, 365.91
1024, 1024, 3440, 364.85
1024, 1024, 3520, 372.34
1024, 1024, 3600, 370.90
1024, 1024, 3680, 372.84
1024, 1024, 3760, 371.47
1024, 1024, 3840, 375.32
1024, 1024, 3920, 373.54
1024, 1024, 4000, 382.12
