bli_shgemm performance
MC = 128, KC = 2048, NC = 2048
m, n, k, GFLOPS
1024, 1024, 80, 209.98
1024, 1024, 160, 281.33
1024, 1024, 240, 311.44
1024, 1024, 320, 318.79
1024, 1024, 400, 330.92
1024, 1024, 480, 343.34
1024, 1024, 560, 344.58
1024, 1024, 640, 356.34
1024, 1024, 720, 355.37
1024, 1024, 800, 366.37
1024, 1024, 880, 363.88
1024, 1024, 960, 373.33
1024, 1024, 1040, 371.69
1024, 1024, 1120, 374.79
1024, 1024, 1200, 372.49
1024, 1024, 1280, 375.91
1024, 1024, 1360, 373.01
1024, 1024, 1440, 370.50
1024, 1024, 1520, 369.42
1024, 1024, 1600, 372.42
1024, 1024, 1680, 368.97
1024, 1024, 1760, 369.01
1024, 1024, 1840, 369.99
1024, 1024, 1920, 371.17
1024, 1024, 2000, 368.28
1024, 1024, 2080, 356.51
1024, 1024, 2160, 356.61
1024, 1024, 2240, 359.89
1024, 1024, 2320, 358.82
1024, 1024, 2400, 361.35
1024, 1024, 2480, 360.92
1024, 1024, 2560, 364.00
1024, 1024, 2640, 362.85
1024, 1024, 2720, 364.61
1024, 1024, 2800, 364.65
1024, 1024, 2880, 370.17
1024, 1024, 2960, 368.60
1024, 1024, 3040, 370.77
1024, 1024, 3120, 369.77
1024, 1024, 3200, 371.97
1024, 1024, 3280, 370.24
1024, 1024, 3360, 371.06
1024, 1024, 3440, 370.39
1024, 1024, 3520, 371.20
1024, 1024, 3600, 370.13
1024, 1024, 3680, 370.97
1024, 1024, 3760, 369.57
1024, 1024, 3840, 377.19
1024, 1024, 3920, 375.07
1024, 1024, 4000, 374.48
