bli_shgemm performance
MC = 128, KC = 2048, NC = 896
m, n, k, GFLOPS
1024, 1024, 80, 199.06
1024, 1024, 160, 271.10
1024, 1024, 240, 301.73
1024, 1024, 320, 320.67
1024, 1024, 400, 332.03
1024, 1024, 480, 338.05
1024, 1024, 560, 344.41
1024, 1024, 640, 349.34
1024, 1024, 720, 352.70
1024, 1024, 800, 360.14
1024, 1024, 880, 360.15
1024, 1024, 960, 363.23
1024, 1024, 1040, 363.31
1024, 1024, 1120, 365.49
1024, 1024, 1200, 364.99
1024, 1024, 1280, 371.57
1024, 1024, 1360, 371.31
1024, 1024, 1440, 372.95
1024, 1024, 1520, 372.15
1024, 1024, 1600, 373.51
1024, 1024, 1680, 357.57
1024, 1024, 1760, 371.94
1024, 1024, 1840, 373.43
1024, 1024, 1920, 370.24
1024, 1024, 2000, 372.89
1024, 1024, 2080, 358.13
1024, 1024, 2160, 346.86
1024, 1024, 2240, 364.00
1024, 1024, 2320, 347.43
1024, 1024, 2400, 365.11
1024, 1024, 2480, 349.09
1024, 1024, 2560, 368.04
1024, 1024, 2640, 349.48
1024, 1024, 2720, 366.97
1024, 1024, 2800, 351.52
1024, 1024, 2880, 369.72
1024, 1024, 2960, 353.97
1024, 1024, 3040, 369.85
1024, 1024, 3120, 356.33
1024, 1024, 3200, 370.89
1024, 1024, 3280, 355.66
1024, 1024, 3360, 372.85
1024, 1024, 3440, 358.39
1024, 1024, 3520, 373.76
1024, 1024, 3600, 358.62
1024, 1024, 3680, 372.99
1024, 1024, 3760, 356.94
1024, 1024, 3840, 373.13
1024, 1024, 3920, 358.67
1024, 1024, 4000, 359.92
