bli_shgemm performance
MC = 1365, KC = 768, NC = 5461
m, n, k, GFLOPS
1024, 1024, 80, 204.29
1024, 1024, 160, 274.03
1024, 1024, 240, 300.36
1024, 1024, 320, 321.81
1024, 1024, 400, 330.30
1024, 1024, 480, 342.14
1024, 1024, 560, 348.93
1024, 1024, 640, 351.70
1024, 1024, 720, 353.96
1024, 1024, 800, 331.86
1024, 1024, 880, 335.12
1024, 1024, 960, 342.79
1024, 1024, 1040, 329.73
1024, 1024, 1120, 346.19
1024, 1024, 1200, 346.54
1024, 1024, 1280, 353.83
1024, 1024, 1360, 351.53
1024, 1024, 1440, 354.09
1024, 1024, 1520, 356.70
1024, 1024, 1600, 346.03
1024, 1024, 1680, 343.26
1024, 1024, 1760, 349.24
1024, 1024, 1840, 348.70
1024, 1024, 1920, 354.65
1024, 1024, 2000, 352.71
1024, 1024, 2080, 348.60
1024, 1024, 2160, 346.22
1024, 1024, 2240, 351.66
1024, 1024, 2320, 337.10
1024, 1024, 2400, 342.04
1024, 1024, 2480, 340.58
1024, 1024, 2560, 345.90
1024, 1024, 2640, 343.37
1024, 1024, 2720, 347.36
1024, 1024, 2800, 345.71
1024, 1024, 2880, 351.02
1024, 1024, 2960, 347.80
1024, 1024, 3040, 351.15
1024, 1024, 3120, 351.69
1024, 1024, 3200, 353.45
1024, 1024, 3280, 353.08
1024, 1024, 3360, 356.22
1024, 1024, 3440, 355.86
1024, 1024, 3520, 359.32
1024, 1024, 3600, 357.78
1024, 1024, 3680, 359.97
1024, 1024, 3760, 358.41
1024, 1024, 3840, 361.72
1024, 1024, 3920, 354.32
1024, 1024, 4000, 355.89
