bli_shgemm performance
MC = 1365, KC = 768, NC = 2048
m, n, k, GFLOPS
1024, 1024, 80, 189.27
1024, 1024, 160, 274.80
1024, 1024, 240, 298.62
1024, 1024, 320, 327.87
1024, 1024, 400, 338.90
1024, 1024, 480, 344.89
1024, 1024, 560, 353.18
1024, 1024, 640, 353.24
1024, 1024, 720, 357.61
1024, 1024, 800, 334.35
1024, 1024, 880, 338.80
1024, 1024, 960, 344.29
1024, 1024, 1040, 328.09
1024, 1024, 1120, 344.83
1024, 1024, 1200, 342.87
1024, 1024, 1280, 353.32
1024, 1024, 1360, 340.05
1024, 1024, 1440, 349.85
1024, 1024, 1520, 351.91
1024, 1024, 1600, 342.79
1024, 1024, 1680, 338.91
1024, 1024, 1760, 345.36
1024, 1024, 1840, 344.37
1024, 1024, 1920, 350.17
1024, 1024, 2000, 348.47
1024, 1024, 2080, 352.78
1024, 1024, 2160, 351.72
1024, 1024, 2240, 355.04
1024, 1024, 2320, 343.65
1024, 1024, 2400, 347.29
1024, 1024, 2480, 345.56
1024, 1024, 2560, 351.78
1024, 1024, 2640, 361.93
1024, 1024, 2720, 363.76
1024, 1024, 2800, 364.26
1024, 1024, 2880, 365.12
1024, 1024, 2960, 365.24
1024, 1024, 3040, 367.19
1024, 1024, 3120, 359.39
1024, 1024, 3200, 360.27
1024, 1024, 3280, 361.53
1024, 1024, 3360, 362.48
1024, 1024, 3440, 363.81
1024, 1024, 3520, 364.98
1024, 1024, 3600, 365.27
1024, 1024, 3680, 366.11
1024, 1024, 3760, 365.55
1024, 1024, 3840, 367.93
1024, 1024, 3920, 361.72
1024, 1024, 4000, 362.05
