bli_shgemm performance
MC = 1536, KC = 512, NC = 2048
m, n, k, GFLOPS
1024, 1024, 80, 191.09
1024, 1024, 160, 254.07
1024, 1024, 240, 296.30
1024, 1024, 320, 309.90
1024, 1024, 400, 318.85
1024, 1024, 480, 330.93
1024, 1024, 560, 294.87
1024, 1024, 640, 306.54
1024, 1024, 720, 310.11
1024, 1024, 800, 314.43
1024, 1024, 880, 320.60
1024, 1024, 960, 330.94
1024, 1024, 1040, 304.19
1024, 1024, 1120, 315.82
1024, 1024, 1200, 315.44
1024, 1024, 1280, 323.15
1024, 1024, 1360, 322.94
1024, 1024, 1440, 330.67
1024, 1024, 1520, 330.33
1024, 1024, 1600, 320.20
1024, 1024, 1680, 319.84
1024, 1024, 1760, 325.22
1024, 1024, 1840, 327.50
1024, 1024, 1920, 336.73
1024, 1024, 2000, 332.75
1024, 1024, 2080, 327.27
1024, 1024, 2160, 321.80
1024, 1024, 2240, 328.25
1024, 1024, 2320, 325.16
1024, 1024, 2400, 330.86
1024, 1024, 2480, 329.08
1024, 1024, 2560, 336.39
1024, 1024, 2640, 334.61
1024, 1024, 2720, 335.89
1024, 1024, 2800, 337.75
1024, 1024, 2880, 339.02
1024, 1024, 2960, 341.38
1024, 1024, 3040, 342.08
1024, 1024, 3120, 335.55
1024, 1024, 3200, 336.95
1024, 1024, 3280, 338.26
1024, 1024, 3360, 338.98
1024, 1024, 3440, 340.68
1024, 1024, 3520, 342.10
1024, 1024, 3600, 336.13
1024, 1024, 3680, 336.94
1024, 1024, 3760, 337.90
1024, 1024, 3840, 339.18
1024, 1024, 3920, 340.61
1024, 1024, 4000, 342.31
