bli_shgemm performance
MC = 1536, KC = 512, NC = 3072
m, n, k, GFLOPS
1024, 1024, 80, 195.47
1024, 1024, 160, 263.77
1024, 1024, 240, 295.52
1024, 1024, 320, 301.69
1024, 1024, 400, 323.52
1024, 1024, 480, 331.12
1024, 1024, 560, 300.63
1024, 1024, 640, 306.83
1024, 1024, 720, 313.54
1024, 1024, 800, 327.05
1024, 1024, 880, 314.77
1024, 1024, 960, 329.51
1024, 1024, 1040, 303.73
1024, 1024, 1120, 311.77
1024, 1024, 1200, 325.32
1024, 1024, 1280, 330.75
1024, 1024, 1360, 326.59
1024, 1024, 1440, 336.31
1024, 1024, 1520, 332.69
1024, 1024, 1600, 326.05
1024, 1024, 1680, 312.91
1024, 1024, 1760, 319.87
1024, 1024, 1840, 317.66
1024, 1024, 1920, 327.12
1024, 1024, 2000, 322.70
1024, 1024, 2080, 317.88
1024, 1024, 2160, 313.85
1024, 1024, 2240, 324.67
1024, 1024, 2320, 336.73
1024, 1024, 2400, 337.68
1024, 1024, 2480, 340.49
1024, 1024, 2560, 342.46
1024, 1024, 2640, 333.24
1024, 1024, 2720, 334.04
1024, 1024, 2800, 336.34
1024, 1024, 2880, 337.99
1024, 1024, 2960, 339.79
1024, 1024, 3040, 340.11
1024, 1024, 3120, 333.96
1024, 1024, 3200, 334.93
1024, 1024, 3280, 336.84
1024, 1024, 3360, 337.41
1024, 1024, 3440, 338.97
1024, 1024, 3520, 340.96
1024, 1024, 3600, 334.76
1024, 1024, 3680, 336.30
1024, 1024, 3760, 336.58
1024, 1024, 3840, 337.93
1024, 1024, 3920, 339.53
1024, 1024, 4000, 340.62
