bli_shgemm performance
MC = 1792, KC = 256, NC = 7168
m, n, k, GFLOPS
1024, 1024, 80, 200.16
1024, 1024, 160, 270.74
1024, 1024, 240, 304.43
1024, 1024, 320, 271.66
1024, 1024, 400, 287.29
1024, 1024, 480, 303.79
1024, 1024, 560, 279.67
1024, 1024, 640, 289.28
1024, 1024, 720, 295.98
1024, 1024, 800, 286.71
1024, 1024, 880, 291.20
1024, 1024, 960, 302.77
1024, 1024, 1040, 284.14
1024, 1024, 1120, 294.81
1024, 1024, 1200, 292.73
1024, 1024, 1280, 306.07
1024, 1024, 1360, 279.59
1024, 1024, 1440, 299.80
1024, 1024, 1520, 303.20
1024, 1024, 1600, 295.44
1024, 1024, 1680, 298.24
1024, 1024, 1760, 302.27
1024, 1024, 1840, 295.13
1024, 1024, 1920, 299.17
1024, 1024, 2000, 302.55
1024, 1024, 2080, 299.02
1024, 1024, 2160, 275.53
1024, 1024, 2240, 307.96
1024, 1024, 2320, 271.44
1024, 1024, 2400, 306.44
1024, 1024, 2480, 276.08
1024, 1024, 2560, 310.55
1024, 1024, 2640, 275.09
1024, 1024, 2720, 310.28
1024, 1024, 2800, 280.52
1024, 1024, 2880, 306.02
1024, 1024, 2960, 277.64
1024, 1024, 3040, 309.02
1024, 1024, 3120, 278.26
1024, 1024, 3200, 306.56
1024, 1024, 3280, 281.86
1024, 1024, 3360, 306.22
1024, 1024, 3440, 281.24
1024, 1024, 3520, 310.94
1024, 1024, 3600, 281.00
1024, 1024, 3680, 307.23
1024, 1024, 3760, 283.12
1024, 1024, 3840, 308.39
1024, 1024, 3920, 285.33
1024, 1024, 4000, 291.99
