bli_shgemm performance
MC = 1792, KC = 512, NC = 1024
m, n, k, GFLOPS
1024, 1024, 80, 202.16
1024, 1024, 160, 261.35
1024, 1024, 240, 293.27
1024, 1024, 320, 312.84
1024, 1024, 400, 320.71
1024, 1024, 480, 330.28
1024, 1024, 560, 293.05
1024, 1024, 640, 300.06
1024, 1024, 720, 303.99
1024, 1024, 800, 316.34
1024, 1024, 880, 316.96
1024, 1024, 960, 324.90
1024, 1024, 1040, 305.99
1024, 1024, 1120, 311.59
1024, 1024, 1200, 310.75
1024, 1024, 1280, 319.28
1024, 1024, 1360, 319.58
1024, 1024, 1440, 334.99
1024, 1024, 1520, 329.99
1024, 1024, 1600, 326.51
1024, 1024, 1680, 322.05
1024, 1024, 1760, 329.22
1024, 1024, 1840, 326.64
1024, 1024, 1920, 336.09
1024, 1024, 2000, 336.12
1024, 1024, 2080, 331.20
1024, 1024, 2160, 333.29
1024, 1024, 2240, 335.25
1024, 1024, 2320, 337.35
1024, 1024, 2400, 340.43
1024, 1024, 2480, 341.52
1024, 1024, 2560, 342.87
1024, 1024, 2640, 334.96
1024, 1024, 2720, 335.79
1024, 1024, 2800, 337.55
1024, 1024, 2880, 339.38
1024, 1024, 2960, 340.52
1024, 1024, 3040, 341.55
1024, 1024, 3120, 334.83
1024, 1024, 3200, 336.31
1024, 1024, 3280, 337.82
1024, 1024, 3360, 339.02
1024, 1024, 3440, 340.75
1024, 1024, 3520, 342.03
1024, 1024, 3600, 336.15
1024, 1024, 3680, 337.29
1024, 1024, 3760, 337.99
1024, 1024, 3840, 339.24
1024, 1024, 3920, 340.66
1024, 1024, 4000, 341.29
