bli_shgemm performance
MC = 1792, KC = 256, NC = 6144
m, n, k, GFLOPS
1024, 1024, 80, 205.16
1024, 1024, 160, 272.55
1024, 1024, 240, 298.75
1024, 1024, 320, 266.90
1024, 1024, 400, 283.22
1024, 1024, 480, 299.81
1024, 1024, 560, 279.13
1024, 1024, 640, 292.60
1024, 1024, 720, 295.34
1024, 1024, 800, 286.10
1024, 1024, 880, 289.25
1024, 1024, 960, 300.86
1024, 1024, 1040, 283.59
1024, 1024, 1120, 278.10
1024, 1024, 1200, 288.40
1024, 1024, 1280, 294.47
1024, 1024, 1360, 286.49
1024, 1024, 1440, 303.36
1024, 1024, 1520, 304.46
1024, 1024, 1600, 296.49
1024, 1024, 1680, 302.12
1024, 1024, 1760, 305.28
1024, 1024, 1840, 297.63
1024, 1024, 1920, 299.86
1024, 1024, 2000, 304.66
1024, 1024, 2080, 306.44
1024, 1024, 2160, 277.96
1024, 1024, 2240, 312.85
1024, 1024, 2320, 270.85
1024, 1024, 2400, 308.82
1024, 1024, 2480, 276.63
1024, 1024, 2560, 309.83
1024, 1024, 2640, 274.06
1024, 1024, 2720, 306.31
1024, 1024, 2800, 279.47
1024, 1024, 2880, 306.52
1024, 1024, 2960, 278.38
1024, 1024, 3040, 310.71
1024, 1024, 3120, 280.67
1024, 1024, 3200, 308.46
1024, 1024, 3280, 283.06
1024, 1024, 3360, 304.41
1024, 1024, 3440, 279.26
1024, 1024, 3520, 309.06
1024, 1024, 3600, 277.94
1024, 1024, 3680, 307.98
1024, 1024, 3760, 309.19
1024, 1024, 3840, 310.15
1024, 1024, 3920, 307.40
1024, 1024, 4000, 309.69
