bli_shgemm performance
MC = 192, KC = 2048, NC = 1024
m, n, k, GFLOPS
1024, 1024, 80, 215.60
1024, 1024, 160, 282.05
1024, 1024, 240, 309.24
1024, 1024, 320, 329.74
1024, 1024, 400, 344.64
1024, 1024, 480, 349.63
1024, 1024, 560, 355.97
1024, 1024, 640, 358.75
1024, 1024, 720, 364.54
1024, 1024, 800, 372.57
1024, 1024, 880, 373.30
1024, 1024, 960, 372.70
1024, 1024, 1040, 372.30
1024, 1024, 1120, 373.88
1024, 1024, 1200, 373.24
1024, 1024, 1280, 374.20
1024, 1024, 1360, 373.67
1024, 1024, 1440, 373.67
1024, 1024, 1520, 372.91
1024, 1024, 1600, 374.36
1024, 1024, 1680, 380.99
1024, 1024, 1760, 381.10
1024, 1024, 1840, 379.89
1024, 1024, 1920, 380.24
1024, 1024, 2000, 378.20
1024, 1024, 2080, 367.19
1024, 1024, 2160, 359.52
1024, 1024, 2240, 370.67
1024, 1024, 2320, 361.27
1024, 1024, 2400, 373.98
1024, 1024, 2480, 363.83
1024, 1024, 2560, 376.24
1024, 1024, 2640, 366.31
1024, 1024, 2720, 377.09
1024, 1024, 2800, 367.15
1024, 1024, 2880, 378.47
1024, 1024, 2960, 370.31
1024, 1024, 3040, 381.20
1024, 1024, 3120, 371.23
1024, 1024, 3200, 381.18
1024, 1024, 3280, 371.97
1024, 1024, 3360, 381.97
1024, 1024, 3440, 372.09
1024, 1024, 3520, 380.47
1024, 1024, 3600, 371.81
1024, 1024, 3680, 382.16
1024, 1024, 3760, 371.46
1024, 1024, 3840, 380.11
1024, 1024, 3920, 371.08
1024, 1024, 4000, 381.19
