bli_shgemm performance
MC = 192, KC = 2048, NC = 1536
m, n, k, GFLOPS
1024, 1024, 80, 204.50
1024, 1024, 160, 276.24
1024, 1024, 240, 307.65
1024, 1024, 320, 328.68
1024, 1024, 400, 344.92
1024, 1024, 480, 350.16
1024, 1024, 560, 356.00
1024, 1024, 640, 357.01
1024, 1024, 720, 358.10
1024, 1024, 800, 367.16
1024, 1024, 880, 362.43
1024, 1024, 960, 368.75
1024, 1024, 1040, 370.14
1024, 1024, 1120, 372.05
1024, 1024, 1200, 367.62
1024, 1024, 1280, 373.82
1024, 1024, 1360, 372.39
1024, 1024, 1440, 372.29
1024, 1024, 1520, 371.25
1024, 1024, 1600, 373.00
1024, 1024, 1680, 371.68
1024, 1024, 1760, 371.94
1024, 1024, 1840, 371.15
1024, 1024, 1920, 372.31
1024, 1024, 2000, 371.34
1024, 1024, 2080, 358.87
1024, 1024, 2160, 359.62
1024, 1024, 2240, 365.02
1024, 1024, 2320, 361.63
1024, 1024, 2400, 364.54
1024, 1024, 2480, 364.91
1024, 1024, 2560, 367.45
1024, 1024, 2640, 366.08
1024, 1024, 2720, 367.40
1024, 1024, 2800, 367.87
1024, 1024, 2880, 375.85
1024, 1024, 2960, 380.12
1024, 1024, 3040, 381.15
1024, 1024, 3120, 381.98
1024, 1024, 3200, 382.82
1024, 1024, 3280, 382.97
1024, 1024, 3360, 382.56
1024, 1024, 3440, 383.10
1024, 1024, 3520, 382.72
1024, 1024, 3600, 382.68
1024, 1024, 3680, 382.48
1024, 1024, 3760, 382.26
1024, 1024, 3840, 381.96
1024, 1024, 3920, 382.48
1024, 1024, 4000, 382.34
