bli_shgemm performance
MC = 192, KC = 2048, NC = 512
m, n, k, GFLOPS
1024, 1024, 80, 210.70
1024, 1024, 160, 278.73
1024, 1024, 240, 307.11
1024, 1024, 320, 324.24
1024, 1024, 400, 332.16
1024, 1024, 480, 340.81
1024, 1024, 560, 347.08
1024, 1024, 640, 337.51
1024, 1024, 720, 339.63
1024, 1024, 800, 341.83
1024, 1024, 880, 338.72
1024, 1024, 960, 352.68
1024, 1024, 1040, 349.03
1024, 1024, 1120, 355.61
1024, 1024, 1200, 352.79
1024, 1024, 1280, 360.42
1024, 1024, 1360, 358.89
1024, 1024, 1440, 363.55
1024, 1024, 1520, 358.06
1024, 1024, 1600, 364.04
1024, 1024, 1680, 362.76
1024, 1024, 1760, 366.32
1024, 1024, 1840, 363.73
1024, 1024, 1920, 367.88
1024, 1024, 2000, 364.07
1024, 1024, 2080, 350.43
1024, 1024, 2160, 351.76
1024, 1024, 2240, 353.67
1024, 1024, 2320, 351.25
1024, 1024, 2400, 353.69
1024, 1024, 2480, 356.69
1024, 1024, 2560, 357.65
1024, 1024, 2640, 358.68
1024, 1024, 2720, 355.70
1024, 1024, 2800, 356.30
1024, 1024, 2880, 359.03
1024, 1024, 2960, 360.37
1024, 1024, 3040, 359.94
1024, 1024, 3120, 377.47
1024, 1024, 3200, 378.06
1024, 1024, 3280, 378.77
1024, 1024, 3360, 379.05
1024, 1024, 3440, 379.35
1024, 1024, 3520, 379.90
1024, 1024, 3600, 380.17
1024, 1024, 3680, 380.34
1024, 1024, 3760, 380.11
1024, 1024, 3840, 380.19
1024, 1024, 3920, 381.34
1024, 1024, 4000, 381.37
