bli_shgemm performance
MC = 192, KC = 2048, NC = 2048
m, n, k, GFLOPS
1024, 1024, 80, 216.39
1024, 1024, 160, 283.97
1024, 1024, 240, 308.87
1024, 1024, 320, 328.56
1024, 1024, 400, 333.65
1024, 1024, 480, 340.89
1024, 1024, 560, 342.89
1024, 1024, 640, 353.75
1024, 1024, 720, 354.61
1024, 1024, 800, 364.55
1024, 1024, 880, 362.62
1024, 1024, 960, 370.57
1024, 1024, 1040, 368.65
1024, 1024, 1120, 367.67
1024, 1024, 1200, 365.48
1024, 1024, 1280, 369.55
1024, 1024, 1360, 367.76
1024, 1024, 1440, 368.86
1024, 1024, 1520, 366.47
1024, 1024, 1600, 369.51
1024, 1024, 1680, 370.13
1024, 1024, 1760, 371.30
1024, 1024, 1840, 370.01
1024, 1024, 1920, 372.19
1024, 1024, 2000, 370.65
1024, 1024, 2080, 357.85
1024, 1024, 2160, 358.68
1024, 1024, 2240, 362.66
1024, 1024, 2320, 360.41
1024, 1024, 2400, 363.44
1024, 1024, 2480, 363.38
1024, 1024, 2560, 366.18
1024, 1024, 2640, 365.06
1024, 1024, 2720, 366.47
1024, 1024, 2800, 367.51
1024, 1024, 2880, 370.01
1024, 1024, 2960, 369.62
1024, 1024, 3040, 371.29
1024, 1024, 3120, 370.90
1024, 1024, 3200, 372.78
1024, 1024, 3280, 371.10
1024, 1024, 3360, 371.59
1024, 1024, 3440, 371.05
1024, 1024, 3520, 371.87
1024, 1024, 3600, 370.24
1024, 1024, 3680, 370.88
1024, 1024, 3760, 377.75
1024, 1024, 3840, 381.71
1024, 1024, 3920, 381.81
1024, 1024, 4000, 382.06
