bli_shgemm performance
MC = 2048, KC = 512, NC = 3072
m, n, k, GFLOPS
1024, 1024, 80, 195.74
1024, 1024, 160, 262.96
1024, 1024, 240, 295.40
1024, 1024, 320, 303.97
1024, 1024, 400, 325.90
1024, 1024, 480, 334.16
1024, 1024, 560, 295.95
1024, 1024, 640, 305.16
1024, 1024, 720, 310.90
1024, 1024, 800, 320.61
1024, 1024, 880, 321.69
1024, 1024, 960, 332.97
1024, 1024, 1040, 317.74
1024, 1024, 1120, 310.21
1024, 1024, 1200, 309.70
1024, 1024, 1280, 321.24
1024, 1024, 1360, 331.33
1024, 1024, 1440, 335.11
1024, 1024, 1520, 333.72
1024, 1024, 1600, 326.40
1024, 1024, 1680, 312.60
1024, 1024, 1760, 320.10
1024, 1024, 1840, 317.94
1024, 1024, 1920, 327.49
1024, 1024, 2000, 322.85
1024, 1024, 2080, 317.73
1024, 1024, 2160, 315.35
1024, 1024, 2240, 323.52
1024, 1024, 2320, 320.14
1024, 1024, 2400, 325.72
1024, 1024, 2480, 323.75
1024, 1024, 2560, 331.46
1024, 1024, 2640, 333.95
1024, 1024, 2720, 335.33
1024, 1024, 2800, 336.61
1024, 1024, 2880, 338.60
1024, 1024, 2960, 340.60
1024, 1024, 3040, 341.78
1024, 1024, 3120, 334.65
1024, 1024, 3200, 336.65
1024, 1024, 3280, 337.70
1024, 1024, 3360, 339.67
1024, 1024, 3440, 340.53
1024, 1024, 3520, 342.01
1024, 1024, 3600, 335.66
1024, 1024, 3680, 335.94
1024, 1024, 3760, 337.59
1024, 1024, 3840, 339.26
1024, 1024, 3920, 341.01
1024, 1024, 4000, 341.64
