bli_shgemm performance
MC = 2048, KC = 512, NC = 8192
m, n, k, GFLOPS
1024, 1024, 80, 208.63
1024, 1024, 160, 280.20
1024, 1024, 240, 307.07
1024, 1024, 320, 324.78
1024, 1024, 400, 335.54
1024, 1024, 480, 343.58
1024, 1024, 560, 310.49
1024, 1024, 640, 320.49
1024, 1024, 720, 325.35
1024, 1024, 800, 333.89
1024, 1024, 880, 337.68
1024, 1024, 960, 345.94
1024, 1024, 1040, 319.90
1024, 1024, 1120, 326.40
1024, 1024, 1200, 326.41
1024, 1024, 1280, 334.62
1024, 1024, 1360, 334.04
1024, 1024, 1440, 340.25
1024, 1024, 1520, 339.66
1024, 1024, 1600, 331.46
1024, 1024, 1680, 330.15
1024, 1024, 1760, 335.47
1024, 1024, 1840, 335.39
1024, 1024, 1920, 341.65
1024, 1024, 2000, 339.61
1024, 1024, 2080, 328.80
1024, 1024, 2160, 326.34
1024, 1024, 2240, 334.33
1024, 1024, 2320, 330.16
1024, 1024, 2400, 335.94
1024, 1024, 2480, 334.45
1024, 1024, 2560, 341.13
1024, 1024, 2640, 329.29
1024, 1024, 2720, 333.80
1024, 1024, 2800, 332.23
1024, 1024, 2880, 339.29
1024, 1024, 2960, 336.56
1024, 1024, 3040, 340.21
1024, 1024, 3120, 332.64
1024, 1024, 3200, 345.21
1024, 1024, 3280, 347.49
1024, 1024, 3360, 348.32
1024, 1024, 3440, 350.35
1024, 1024, 3520, 351.05
1024, 1024, 3600, 345.30
1024, 1024, 3680, 346.25
1024, 1024, 3760, 347.28
1024, 1024, 3840, 348.74
1024, 1024, 3920, 349.54
1024, 1024, 4000, 350.64
