bli_shgemm performance
MC = 224, KC = 2048, NC = 1024
m, n, k, GFLOPS
1024, 1024, 80, 204.52
1024, 1024, 160, 276.35
1024, 1024, 240, 308.47
1024, 1024, 320, 328.20
1024, 1024, 400, 340.30
1024, 1024, 480, 351.17
1024, 1024, 560, 356.34
1024, 1024, 640, 359.44
1024, 1024, 720, 361.47
1024, 1024, 800, 368.17
1024, 1024, 880, 368.33
1024, 1024, 960, 371.07
1024, 1024, 1040, 373.23
1024, 1024, 1120, 372.31
1024, 1024, 1200, 373.94
1024, 1024, 1280, 372.81
1024, 1024, 1360, 374.05
1024, 1024, 1440, 373.09
1024, 1024, 1520, 372.94
1024, 1024, 1600, 375.40
1024, 1024, 1680, 374.47
1024, 1024, 1760, 376.51
1024, 1024, 1840, 381.32
1024, 1024, 1920, 380.85
1024, 1024, 2000, 380.95
1024, 1024, 2080, 368.31
1024, 1024, 2160, 361.79
1024, 1024, 2240, 371.30
1024, 1024, 2320, 362.97
1024, 1024, 2400, 374.66
1024, 1024, 2480, 365.75
1024, 1024, 2560, 377.27
1024, 1024, 2640, 367.62
1024, 1024, 2720, 377.57
1024, 1024, 2800, 369.15
1024, 1024, 2880, 379.56
1024, 1024, 2960, 371.44
1024, 1024, 3040, 381.53
1024, 1024, 3120, 372.08
1024, 1024, 3200, 383.00
1024, 1024, 3280, 373.08
1024, 1024, 3360, 383.50
1024, 1024, 3440, 374.06
1024, 1024, 3520, 383.25
1024, 1024, 3600, 374.96
1024, 1024, 3680, 382.57
1024, 1024, 3760, 374.99
1024, 1024, 3840, 382.10
1024, 1024, 3920, 374.78
1024, 1024, 4000, 382.21
