bli_shgemm performance
MC = 224, KC = 2048, NC = 512
m, n, k, GFLOPS
1024, 1024, 80, 196.66
1024, 1024, 160, 273.19
1024, 1024, 240, 304.35
1024, 1024, 320, 321.91
1024, 1024, 400, 332.80
1024, 1024, 480, 336.03
1024, 1024, 560, 342.03
1024, 1024, 640, 336.15
1024, 1024, 720, 337.87
1024, 1024, 800, 347.05
1024, 1024, 880, 349.44
1024, 1024, 960, 350.88
1024, 1024, 1040, 348.52
1024, 1024, 1120, 354.62
1024, 1024, 1200, 352.31
1024, 1024, 1280, 360.54
1024, 1024, 1360, 357.03
1024, 1024, 1440, 361.36
1024, 1024, 1520, 359.10
1024, 1024, 1600, 365.31
1024, 1024, 1680, 361.21
1024, 1024, 1760, 364.89
1024, 1024, 1840, 363.16
1024, 1024, 1920, 365.99
1024, 1024, 2000, 362.64
1024, 1024, 2080, 350.29
1024, 1024, 2160, 350.65
1024, 1024, 2240, 356.78
1024, 1024, 2320, 351.35
1024, 1024, 2400, 356.22
1024, 1024, 2480, 353.38
1024, 1024, 2560, 355.64
1024, 1024, 2640, 355.20
1024, 1024, 2720, 354.92
1024, 1024, 2800, 357.56
1024, 1024, 2880, 358.60
1024, 1024, 2960, 359.99
1024, 1024, 3040, 358.28
1024, 1024, 3120, 361.75
1024, 1024, 3200, 366.14
1024, 1024, 3280, 363.52
1024, 1024, 3360, 365.72
1024, 1024, 3440, 364.42
1024, 1024, 3520, 379.92
1024, 1024, 3600, 379.66
1024, 1024, 3680, 380.11
1024, 1024, 3760, 380.58
1024, 1024, 3840, 380.94
1024, 1024, 3920, 380.98
1024, 1024, 4000, 381.02
