bli_shgemm performance
MC = 256, KC = 1024, NC = 1792
m, n, k, GFLOPS
1024, 1024, 80, 204.43
1024, 1024, 160, 276.95
1024, 1024, 240, 308.92
1024, 1024, 320, 328.45
1024, 1024, 400, 338.70
1024, 1024, 480, 346.93
1024, 1024, 560, 353.59
1024, 1024, 640, 359.78
1024, 1024, 720, 363.63
1024, 1024, 800, 371.95
1024, 1024, 880, 370.43
1024, 1024, 960, 375.46
1024, 1024, 1040, 348.04
1024, 1024, 1120, 352.66
1024, 1024, 1200, 352.92
1024, 1024, 1280, 360.90
1024, 1024, 1360, 362.36
1024, 1024, 1440, 365.80
1024, 1024, 1520, 365.33
1024, 1024, 1600, 369.11
1024, 1024, 1680, 353.94
1024, 1024, 1760, 372.53
1024, 1024, 1840, 374.17
1024, 1024, 1920, 373.80
1024, 1024, 2000, 376.69
1024, 1024, 2080, 366.84
1024, 1024, 2160, 349.33
1024, 1024, 2240, 366.76
1024, 1024, 2320, 351.88
1024, 1024, 2400, 372.23
1024, 1024, 2480, 354.56
1024, 1024, 2560, 373.08
1024, 1024, 2640, 358.81
1024, 1024, 2720, 375.53
1024, 1024, 2800, 358.40
1024, 1024, 2880, 376.27
1024, 1024, 2960, 366.22
1024, 1024, 3040, 380.36
1024, 1024, 3120, 352.88
1024, 1024, 3200, 371.20
1024, 1024, 3280, 355.58
1024, 1024, 3360, 373.71
1024, 1024, 3440, 356.84
1024, 1024, 3520, 375.16
1024, 1024, 3600, 358.07
1024, 1024, 3680, 376.83
1024, 1024, 3760, 360.96
1024, 1024, 3840, 378.50
1024, 1024, 3920, 362.23
1024, 1024, 4000, 365.75
