bli_shgemm performance
MC = 256, KC = 512, NC = 1024
m, n, k, GFLOPS
1024, 1024, 80, 197.62
1024, 1024, 160, 269.93
1024, 1024, 240, 304.86
1024, 1024, 320, 321.43
1024, 1024, 400, 309.77
1024, 1024, 480, 342.51
1024, 1024, 560, 296.20
1024, 1024, 640, 306.96
1024, 1024, 720, 307.92
1024, 1024, 800, 321.60
1024, 1024, 880, 321.84
1024, 1024, 960, 332.72
1024, 1024, 1040, 307.94
1024, 1024, 1120, 325.46
1024, 1024, 1200, 322.81
1024, 1024, 1280, 334.96
1024, 1024, 1360, 327.15
1024, 1024, 1440, 334.96
1024, 1024, 1520, 332.86
1024, 1024, 1600, 328.11
1024, 1024, 1680, 323.28
1024, 1024, 1760, 330.93
1024, 1024, 1840, 328.58
1024, 1024, 1920, 336.45
1024, 1024, 2000, 336.12
1024, 1024, 2080, 328.32
1024, 1024, 2160, 328.93
1024, 1024, 2240, 337.57
1024, 1024, 2320, 332.00
1024, 1024, 2400, 336.46
1024, 1024, 2480, 337.01
1024, 1024, 2560, 346.99
1024, 1024, 2640, 345.91
1024, 1024, 2720, 350.08
1024, 1024, 2800, 349.34
1024, 1024, 2880, 352.83
1024, 1024, 2960, 352.35
1024, 1024, 3040, 353.01
1024, 1024, 3120, 347.06
1024, 1024, 3200, 347.53
1024, 1024, 3280, 348.24
1024, 1024, 3360, 350.38
1024, 1024, 3440, 350.96
1024, 1024, 3520, 352.68
1024, 1024, 3600, 347.03
1024, 1024, 3680, 348.91
1024, 1024, 3760, 349.97
1024, 1024, 3840, 351.01
1024, 1024, 3920, 351.68
1024, 1024, 4000, 353.07
