bli_shgemm performance
MC = 256, KC = 512, NC = 3584
m, n, k, GFLOPS
1024, 1024, 80, 200.15
1024, 1024, 160, 274.60
1024, 1024, 240, 306.95
1024, 1024, 320, 322.15
1024, 1024, 400, 333.02
1024, 1024, 480, 342.01
1024, 1024, 560, 307.64
1024, 1024, 640, 320.95
1024, 1024, 720, 324.15
1024, 1024, 800, 333.41
1024, 1024, 880, 335.36
1024, 1024, 960, 346.44
1024, 1024, 1040, 323.90
1024, 1024, 1120, 329.63
1024, 1024, 1200, 337.18
1024, 1024, 1280, 343.41
1024, 1024, 1360, 342.05
1024, 1024, 1440, 347.59
1024, 1024, 1520, 344.49
1024, 1024, 1600, 337.10
1024, 1024, 1680, 340.62
1024, 1024, 1760, 328.09
1024, 1024, 1840, 345.36
1024, 1024, 1920, 348.90
1024, 1024, 2000, 351.17
1024, 1024, 2080, 347.04
1024, 1024, 2160, 322.55
1024, 1024, 2240, 351.00
1024, 1024, 2320, 322.30
1024, 1024, 2400, 354.26
1024, 1024, 2480, 326.24
1024, 1024, 2560, 357.74
1024, 1024, 2640, 319.00
1024, 1024, 2720, 350.86
1024, 1024, 2800, 321.50
1024, 1024, 2880, 352.80
1024, 1024, 2960, 329.96
1024, 1024, 3040, 356.90
1024, 1024, 3120, 323.12
1024, 1024, 3200, 353.02
1024, 1024, 3280, 326.55
1024, 1024, 3360, 353.11
1024, 1024, 3440, 332.37
1024, 1024, 3520, 357.73
1024, 1024, 3600, 329.21
1024, 1024, 3680, 353.18
1024, 1024, 3760, 331.17
1024, 1024, 3840, 354.31
1024, 1024, 3920, 332.30
1024, 1024, 4000, 335.81
