bli_shgemm performance
MC = 256, KC = 1536, NC = 2730
m, n, k, GFLOPS
1024, 1024, 80, 211.07
1024, 1024, 160, 280.70
1024, 1024, 240, 310.08
1024, 1024, 320, 329.10
1024, 1024, 400, 330.48
1024, 1024, 480, 339.45
1024, 1024, 560, 340.61
1024, 1024, 640, 352.52
1024, 1024, 720, 352.99
1024, 1024, 800, 361.65
1024, 1024, 880, 359.00
1024, 1024, 960, 367.24
1024, 1024, 1040, 365.25
1024, 1024, 1120, 363.36
1024, 1024, 1200, 363.90
1024, 1024, 1280, 366.95
1024, 1024, 1360, 365.36
1024, 1024, 1440, 368.72
1024, 1024, 1520, 367.42
1024, 1024, 1600, 351.36
1024, 1024, 1680, 349.31
1024, 1024, 1760, 354.09
1024, 1024, 1840, 351.63
1024, 1024, 1920, 362.58
1024, 1024, 2000, 361.14
1024, 1024, 2080, 364.59
1024, 1024, 2160, 363.34
1024, 1024, 2240, 377.22
1024, 1024, 2320, 379.33
1024, 1024, 2400, 380.33
1024, 1024, 2480, 381.59
1024, 1024, 2560, 381.81
1024, 1024, 2640, 382.18
1024, 1024, 2720, 383.33
1024, 1024, 2800, 383.68
1024, 1024, 2880, 383.53
1024, 1024, 2960, 382.61
1024, 1024, 3040, 384.49
1024, 1024, 3120, 374.77
1024, 1024, 3200, 374.59
1024, 1024, 3280, 375.95
1024, 1024, 3360, 377.28
1024, 1024, 3440, 377.06
1024, 1024, 3520, 379.31
1024, 1024, 3600, 378.52
1024, 1024, 3680, 379.44
1024, 1024, 3760, 379.52
1024, 1024, 3840, 381.85
1024, 1024, 3920, 381.61
1024, 1024, 4000, 381.59
