bli_shgemm performance
MC = 3072, KC = 256, NC = 2048
m, n, k, GFLOPS
1024, 1024, 80, 188.50
1024, 1024, 160, 250.56
1024, 1024, 240, 288.46
1024, 1024, 320, 252.08
1024, 1024, 400, 267.63
1024, 1024, 480, 284.35
1024, 1024, 560, 263.34
1024, 1024, 640, 273.96
1024, 1024, 720, 280.35
1024, 1024, 800, 266.15
1024, 1024, 880, 272.07
1024, 1024, 960, 278.16
1024, 1024, 1040, 264.25
1024, 1024, 1120, 275.22
1024, 1024, 1200, 276.74
1024, 1024, 1280, 286.48
1024, 1024, 1360, 276.19
1024, 1024, 1440, 286.38
1024, 1024, 1520, 285.54
1024, 1024, 1600, 282.58
1024, 1024, 1680, 278.90
1024, 1024, 1760, 288.38
1024, 1024, 1840, 280.69
1024, 1024, 1920, 289.19
1024, 1024, 2000, 304.41
1024, 1024, 2080, 287.17
1024, 1024, 2160, 289.91
1024, 1024, 2240, 293.30
1024, 1024, 2320, 286.37
1024, 1024, 2400, 290.45
1024, 1024, 2480, 291.10
1024, 1024, 2560, 295.22
1024, 1024, 2640, 289.34
1024, 1024, 2720, 291.22
1024, 1024, 2800, 293.39
1024, 1024, 2880, 289.56
1024, 1024, 2960, 290.84
1024, 1024, 3040, 293.10
1024, 1024, 3120, 290.04
1024, 1024, 3200, 291.13
1024, 1024, 3280, 292.74
1024, 1024, 3360, 290.53
1024, 1024, 3440, 291.22
1024, 1024, 3520, 292.66
1024, 1024, 3600, 289.61
1024, 1024, 3680, 290.77
1024, 1024, 3760, 294.06
1024, 1024, 3840, 293.80
1024, 1024, 3920, 291.61
1024, 1024, 4000, 292.56
