bli_shgemm performance
MC = 3584, KC = 256, NC = 6144
m, n, k, GFLOPS
1024, 1024, 80, 189.08
1024, 1024, 160, 262.52
1024, 1024, 240, 292.28
1024, 1024, 320, 252.62
1024, 1024, 400, 277.17
1024, 1024, 480, 291.95
1024, 1024, 560, 267.60
1024, 1024, 640, 278.87
1024, 1024, 720, 285.16
1024, 1024, 800, 273.82
1024, 1024, 880, 279.98
1024, 1024, 960, 292.11
1024, 1024, 1040, 258.03
1024, 1024, 1120, 271.49
1024, 1024, 1200, 270.58
1024, 1024, 1280, 282.23
1024, 1024, 1360, 276.41
1024, 1024, 1440, 291.34
1024, 1024, 1520, 288.60
1024, 1024, 1600, 287.15
1024, 1024, 1680, 265.08
1024, 1024, 1760, 276.13
1024, 1024, 1840, 265.81
1024, 1024, 1920, 272.76
1024, 1024, 2000, 269.56
1024, 1024, 2080, 268.56
1024, 1024, 2160, 264.00
1024, 1024, 2240, 275.16
1024, 1024, 2320, 261.27
1024, 1024, 2400, 272.54
1024, 1024, 2480, 297.12
1024, 1024, 2560, 299.93
1024, 1024, 2640, 294.48
1024, 1024, 2720, 297.40
1024, 1024, 2800, 299.30
1024, 1024, 2880, 295.57
1024, 1024, 2960, 296.61
1024, 1024, 3040, 298.61
1024, 1024, 3120, 295.13
1024, 1024, 3200, 296.88
1024, 1024, 3280, 299.90
1024, 1024, 3360, 296.14
1024, 1024, 3440, 297.21
1024, 1024, 3520, 299.67
1024, 1024, 3600, 296.60
1024, 1024, 3680, 296.75
1024, 1024, 3760, 299.22
1024, 1024, 3840, 300.18
1024, 1024, 3920, 297.63
1024, 1024, 4000, 299.36
