bli_shgemm performance
MC = 3584, KC = 256, NC = 16384
m, n, k, GFLOPS
1024, 1024, 80, 196.91
1024, 1024, 160, 277.94
1024, 1024, 240, 305.62
1024, 1024, 320, 273.65
1024, 1024, 400, 288.50
1024, 1024, 480, 305.36
1024, 1024, 560, 282.95
1024, 1024, 640, 293.92
1024, 1024, 720, 301.29
1024, 1024, 800, 289.67
1024, 1024, 880, 296.83
1024, 1024, 960, 294.80
1024, 1024, 1040, 275.88
1024, 1024, 1120, 287.06
1024, 1024, 1200, 283.31
1024, 1024, 1280, 304.11
1024, 1024, 1360, 292.94
1024, 1024, 1440, 293.20
1024, 1024, 1520, 288.79
1024, 1024, 1600, 292.23
1024, 1024, 1680, 284.51
1024, 1024, 1760, 295.52
1024, 1024, 1840, 282.33
1024, 1024, 1920, 294.29
1024, 1024, 2000, 286.63
1024, 1024, 2080, 286.50
1024, 1024, 2160, 285.97
1024, 1024, 2240, 295.92
1024, 1024, 2320, 281.38
1024, 1024, 2400, 292.38
1024, 1024, 2480, 287.30
1024, 1024, 2560, 294.84
1024, 1024, 2640, 280.95
1024, 1024, 2720, 290.73
1024, 1024, 2800, 286.51
1024, 1024, 2880, 292.36
1024, 1024, 2960, 283.58
1024, 1024, 3040, 294.48
1024, 1024, 3120, 283.94
1024, 1024, 3200, 300.35
1024, 1024, 3280, 309.32
1024, 1024, 3360, 306.17
1024, 1024, 3440, 308.55
1024, 1024, 3520, 310.05
1024, 1024, 3600, 306.46
1024, 1024, 3680, 308.50
1024, 1024, 3760, 309.67
1024, 1024, 3840, 311.56
1024, 1024, 3920, 308.27
1024, 1024, 4000, 310.18
