bli_shgemm performance
MC = 384, KC = 3328, NC = 3072
m, n, k, GFLOPS
1024, 1024, 80, 194.89
1024, 1024, 160, 270.54
1024, 1024, 240, 304.52
1024, 1024, 320, 327.61
1024, 1024, 400, 339.89
1024, 1024, 480, 347.71
1024, 1024, 560, 353.95
1024, 1024, 640, 358.95
1024, 1024, 720, 360.48
1024, 1024, 800, 368.90
1024, 1024, 880, 370.78
1024, 1024, 960, 374.84
1024, 1024, 1040, 374.90
1024, 1024, 1120, 376.32
1024, 1024, 1200, 377.13
1024, 1024, 1280, 372.51
1024, 1024, 1360, 372.45
1024, 1024, 1440, 373.42
1024, 1024, 1520, 373.85
1024, 1024, 1600, 377.21
1024, 1024, 1680, 371.70
1024, 1024, 1760, 374.19
1024, 1024, 1840, 374.16
1024, 1024, 1920, 376.85
1024, 1024, 2000, 376.14
1024, 1024, 2080, 377.31
1024, 1024, 2160, 376.88
1024, 1024, 2240, 378.61
1024, 1024, 2320, 378.55
1024, 1024, 2400, 378.97
1024, 1024, 2480, 379.55
1024, 1024, 2560, 379.75
1024, 1024, 2640, 379.96
1024, 1024, 2720, 380.62
1024, 1024, 2800, 380.90
1024, 1024, 2880, 382.00
1024, 1024, 2960, 383.30
1024, 1024, 3040, 383.60
1024, 1024, 3120, 383.49
1024, 1024, 3200, 383.44
1024, 1024, 3280, 383.12
1024, 1024, 3360, 374.08
1024, 1024, 3440, 374.44
1024, 1024, 3520, 375.68
1024, 1024, 3600, 374.77
1024, 1024, 3680, 376.24
1024, 1024, 3760, 380.48
1024, 1024, 3840, 381.80
1024, 1024, 3920, 381.62
1024, 1024, 4000, 381.97
