bli_shgemm performance
MC = 384, KC = 3328, NC = 3072
m, n, k, GFLOPS
1024, 1024, 80, 217.60
1024, 1024, 160, 291.91
1024, 1024, 240, 334.59
1024, 1024, 320, 358.77
1024, 1024, 400, 375.81
1024, 1024, 480, 385.56
1024, 1024, 560, 395.42
1024, 1024, 640, 400.35
1024, 1024, 720, 405.10
1024, 1024, 800, 412.38
1024, 1024, 880, 415.24
1024, 1024, 960, 419.39
1024, 1024, 1040, 421.69
1024, 1024, 1120, 423.09
1024, 1024, 1200, 425.37
1024, 1024, 1280, 427.77
1024, 1024, 1360, 429.19
1024, 1024, 1440, 431.14
1024, 1024, 1520, 432.13
1024, 1024, 1600, 434.09
1024, 1024, 1680, 435.19
1024, 1024, 1760, 436.32
1024, 1024, 1840, 437.56
1024, 1024, 1920, 438.18
1024, 1024, 2000, 439.21
1024, 1024, 2080, 439.28
1024, 1024, 2160, 440.06
1024, 1024, 2240, 441.43
1024, 1024, 2320, 441.22
1024, 1024, 2400, 442.61
1024, 1024, 2480, 442.72
1024, 1024, 2560, 444.03
1024, 1024, 2640, 444.31
1024, 1024, 2720, 444.42
1024, 1024, 2800, 445.48
1024, 1024, 2880, 446.51
1024, 1024, 2960, 445.99
1024, 1024, 3040, 446.81
1024, 1024, 3120, 446.86
1024, 1024, 3200, 447.51
1024, 1024, 3280, 447.86
1024, 1024, 3360, 437.52
1024, 1024, 3440, 437.81
1024, 1024, 3520, 437.79
1024, 1024, 3600, 438.21
1024, 1024, 3680, 438.71
1024, 1024, 3760, 439.30
1024, 1024, 3840, 439.44
1024, 1024, 3920, 439.84
1024, 1024, 4000, 439.82
