bli_shgemm performance
MC = 384, KC = 1024, NC = 1792
m, n, k, GFLOPS
1024, 1024, 80, 206.13
1024, 1024, 160, 277.25
1024, 1024, 240, 280.98
1024, 1024, 320, 302.08
1024, 1024, 400, 317.01
1024, 1024, 480, 331.25
1024, 1024, 560, 336.56
1024, 1024, 640, 350.08
1024, 1024, 720, 349.39
1024, 1024, 800, 356.09
1024, 1024, 880, 369.99
1024, 1024, 960, 372.89
1024, 1024, 1040, 347.90
1024, 1024, 1120, 351.64
1024, 1024, 1200, 333.97
1024, 1024, 1280, 344.75
1024, 1024, 1360, 339.13
1024, 1024, 1440, 317.04
1024, 1024, 1520, 342.53
1024, 1024, 1600, 346.41
1024, 1024, 1680, 366.96
1024, 1024, 1760, 370.50
1024, 1024, 1840, 372.69
1024, 1024, 1920, 374.64
1024, 1024, 2000, 375.83
1024, 1024, 2080, 364.69
1024, 1024, 2160, 349.55
1024, 1024, 2240, 368.02
1024, 1024, 2320, 349.77
1024, 1024, 2400, 371.31
1024, 1024, 2480, 352.55
1024, 1024, 2560, 373.37
1024, 1024, 2640, 355.10
1024, 1024, 2720, 373.86
1024, 1024, 2800, 357.46
1024, 1024, 2880, 377.03
1024, 1024, 2960, 360.61
1024, 1024, 3040, 378.38
1024, 1024, 3120, 350.88
1024, 1024, 3200, 369.26
1024, 1024, 3280, 353.00
1024, 1024, 3360, 372.33
1024, 1024, 3440, 355.98
1024, 1024, 3520, 373.86
1024, 1024, 3600, 359.13
1024, 1024, 3680, 375.53
1024, 1024, 3760, 359.83
1024, 1024, 3840, 376.35
1024, 1024, 3920, 363.47
1024, 1024, 4000, 366.45
