bli_shgemm performance
MC = 384, KC = 1024, NC = 512
m, n, k, GFLOPS
1024, 1024, 80, 196.58
1024, 1024, 160, 254.34
1024, 1024, 240, 290.77
1024, 1024, 320, 307.37
1024, 1024, 400, 315.54
1024, 1024, 480, 327.96
1024, 1024, 560, 328.93
1024, 1024, 640, 330.03
1024, 1024, 720, 334.80
1024, 1024, 800, 345.46
1024, 1024, 880, 347.05
1024, 1024, 960, 350.85
1024, 1024, 1040, 323.88
1024, 1024, 1120, 329.75
1024, 1024, 1200, 326.19
1024, 1024, 1280, 335.40
1024, 1024, 1360, 329.75
1024, 1024, 1440, 338.29
1024, 1024, 1520, 333.24
1024, 1024, 1600, 344.65
1024, 1024, 1680, 337.22
1024, 1024, 1760, 345.85
1024, 1024, 1840, 341.56
1024, 1024, 1920, 364.47
1024, 1024, 2000, 365.41
1024, 1024, 2080, 353.37
1024, 1024, 2160, 354.78
1024, 1024, 2240, 355.77
1024, 1024, 2320, 357.20
1024, 1024, 2400, 358.76
1024, 1024, 2480, 360.04
1024, 1024, 2560, 360.63
1024, 1024, 2640, 361.92
1024, 1024, 2720, 361.66
1024, 1024, 2800, 362.87
1024, 1024, 2880, 363.78
1024, 1024, 2960, 364.42
1024, 1024, 3040, 365.77
1024, 1024, 3120, 358.52
1024, 1024, 3200, 358.86
1024, 1024, 3280, 359.88
1024, 1024, 3360, 360.36
1024, 1024, 3440, 361.74
1024, 1024, 3520, 362.34
1024, 1024, 3600, 363.08
1024, 1024, 3680, 363.22
1024, 1024, 3760, 363.43
1024, 1024, 3840, 365.06
1024, 1024, 3920, 365.02
1024, 1024, 4000, 366.20
