bli_shgemm performance
MC = 448, KC = 1024, NC = 3584
m, n, k, GFLOPS
1024, 1024, 80, 203.30
1024, 1024, 160, 277.24
1024, 1024, 240, 308.42
1024, 1024, 320, 328.34
1024, 1024, 400, 338.89
1024, 1024, 480, 348.40
1024, 1024, 560, 352.29
1024, 1024, 640, 353.95
1024, 1024, 720, 354.31
1024, 1024, 800, 363.21
1024, 1024, 880, 361.94
1024, 1024, 960, 369.31
1024, 1024, 1040, 341.70
1024, 1024, 1120, 344.14
1024, 1024, 1200, 343.91
1024, 1024, 1280, 351.23
1024, 1024, 1360, 349.01
1024, 1024, 1440, 354.03
1024, 1024, 1520, 351.01
1024, 1024, 1600, 359.05
1024, 1024, 1680, 356.51
1024, 1024, 1760, 360.53
1024, 1024, 1840, 359.47
1024, 1024, 1920, 362.73
1024, 1024, 2000, 361.77
1024, 1024, 2080, 351.51
1024, 1024, 2160, 351.51
1024, 1024, 2240, 354.65
1024, 1024, 2320, 351.99
1024, 1024, 2400, 356.55
1024, 1024, 2480, 356.11
1024, 1024, 2560, 359.95
1024, 1024, 2640, 358.21
1024, 1024, 2720, 360.99
1024, 1024, 2800, 360.90
1024, 1024, 2880, 364.80
1024, 1024, 2960, 364.33
1024, 1024, 3040, 366.29
1024, 1024, 3120, 355.12
1024, 1024, 3200, 357.97
1024, 1024, 3280, 357.80
1024, 1024, 3360, 360.14
1024, 1024, 3440, 358.99
1024, 1024, 3520, 365.01
1024, 1024, 3600, 372.80
1024, 1024, 3680, 373.62
1024, 1024, 3760, 373.88
1024, 1024, 3840, 375.55
1024, 1024, 3920, 375.92
1024, 1024, 4000, 376.53
