bli_shgemm performance
MC = 448, KC = 2048, NC = 2048
m, n, k, GFLOPS
1024, 1024, 80, 203.41
1024, 1024, 160, 278.25
1024, 1024, 240, 308.51
1024, 1024, 320, 329.07
1024, 1024, 400, 339.81
1024, 1024, 480, 347.31
1024, 1024, 560, 354.82
1024, 1024, 640, 356.84
1024, 1024, 720, 357.74
1024, 1024, 800, 367.60
1024, 1024, 880, 367.25
1024, 1024, 960, 365.05
1024, 1024, 1040, 363.02
1024, 1024, 1120, 367.79
1024, 1024, 1200, 365.93
1024, 1024, 1280, 372.81
1024, 1024, 1360, 373.19
1024, 1024, 1440, 357.87
1024, 1024, 1520, 353.17
1024, 1024, 1600, 356.28
1024, 1024, 1680, 355.30
1024, 1024, 1760, 358.09
1024, 1024, 1840, 356.60
1024, 1024, 1920, 359.36
1024, 1024, 2000, 358.17
1024, 1024, 2080, 340.33
1024, 1024, 2160, 342.21
1024, 1024, 2240, 349.72
1024, 1024, 2320, 346.52
1024, 1024, 2400, 368.85
1024, 1024, 2480, 368.54
1024, 1024, 2560, 371.28
1024, 1024, 2640, 370.03
1024, 1024, 2720, 371.18
1024, 1024, 2800, 371.35
1024, 1024, 2880, 372.67
1024, 1024, 2960, 372.25
1024, 1024, 3040, 374.20
1024, 1024, 3120, 372.99
1024, 1024, 3200, 375.95
1024, 1024, 3280, 383.23
1024, 1024, 3360, 383.45
1024, 1024, 3440, 384.03
1024, 1024, 3520, 384.20
1024, 1024, 3600, 384.55
1024, 1024, 3680, 385.30
1024, 1024, 3760, 385.82
1024, 1024, 3840, 386.43
1024, 1024, 3920, 386.65
1024, 1024, 4000, 387.04
