bli_shgemm performance
MC = 448, KC = 1024, NC = 1536
m, n, k, GFLOPS
1024, 1024, 80, 202.75
1024, 1024, 160, 277.03
1024, 1024, 240, 308.15
1024, 1024, 320, 327.60
1024, 1024, 400, 336.95
1024, 1024, 480, 347.31
1024, 1024, 560, 353.36
1024, 1024, 640, 357.64
1024, 1024, 720, 358.60
1024, 1024, 800, 366.88
1024, 1024, 880, 366.62
1024, 1024, 960, 372.33
1024, 1024, 1040, 344.88
1024, 1024, 1120, 338.69
1024, 1024, 1200, 346.07
1024, 1024, 1280, 350.64
1024, 1024, 1360, 353.00
1024, 1024, 1440, 363.29
1024, 1024, 1520, 364.05
1024, 1024, 1600, 366.14
1024, 1024, 1680, 366.40
1024, 1024, 1760, 369.16
1024, 1024, 1840, 370.83
1024, 1024, 1920, 371.83
1024, 1024, 2000, 373.72
1024, 1024, 2080, 362.58
1024, 1024, 2160, 349.32
1024, 1024, 2240, 365.72
1024, 1024, 2320, 350.97
1024, 1024, 2400, 369.60
1024, 1024, 2480, 354.50
1024, 1024, 2560, 371.62
1024, 1024, 2640, 357.15
1024, 1024, 2720, 372.71
1024, 1024, 2800, 358.98
1024, 1024, 2880, 374.56
1024, 1024, 2960, 360.99
1024, 1024, 3040, 376.65
1024, 1024, 3120, 352.22
1024, 1024, 3200, 368.23
1024, 1024, 3280, 353.31
1024, 1024, 3360, 371.58
1024, 1024, 3440, 356.92
1024, 1024, 3520, 373.38
1024, 1024, 3600, 357.60
1024, 1024, 3680, 374.54
1024, 1024, 3760, 374.09
1024, 1024, 3840, 375.81
1024, 1024, 3920, 376.35
1024, 1024, 4000, 377.21
