bli_shgemm performance
MC = 448, KC = 1024, NC = 1792
m, n, k, GFLOPS
1024, 1024, 80, 206.11
1024, 1024, 160, 275.96
1024, 1024, 240, 308.84
1024, 1024, 320, 328.27
1024, 1024, 400, 339.84
1024, 1024, 480, 348.02
1024, 1024, 560, 352.52
1024, 1024, 640, 357.20
1024, 1024, 720, 358.42
1024, 1024, 800, 365.99
1024, 1024, 880, 365.40
1024, 1024, 960, 372.80
1024, 1024, 1040, 344.41
1024, 1024, 1120, 349.59
1024, 1024, 1200, 349.66
1024, 1024, 1280, 355.63
1024, 1024, 1360, 348.21
1024, 1024, 1440, 362.50
1024, 1024, 1520, 364.27
1024, 1024, 1600, 365.93
1024, 1024, 1680, 365.62
1024, 1024, 1760, 369.40
1024, 1024, 1840, 371.20
1024, 1024, 1920, 373.57
1024, 1024, 2000, 374.55
1024, 1024, 2080, 363.97
1024, 1024, 2160, 348.66
1024, 1024, 2240, 366.80
1024, 1024, 2320, 349.76
1024, 1024, 2400, 370.24
1024, 1024, 2480, 352.99
1024, 1024, 2560, 372.96
1024, 1024, 2640, 355.28
1024, 1024, 2720, 373.06
1024, 1024, 2800, 356.81
1024, 1024, 2880, 375.44
1024, 1024, 2960, 359.23
1024, 1024, 3040, 377.47
1024, 1024, 3120, 351.19
1024, 1024, 3200, 368.47
1024, 1024, 3280, 353.11
1024, 1024, 3360, 371.76
1024, 1024, 3440, 356.14
1024, 1024, 3520, 373.69
1024, 1024, 3600, 358.08
1024, 1024, 3680, 375.12
1024, 1024, 3760, 360.18
1024, 1024, 3840, 375.73
1024, 1024, 3920, 362.43
1024, 1024, 4000, 365.96
