bli_shgemm performance
MC = 448, KC = 1024, NC = 512
m, n, k, GFLOPS
1024, 1024, 80, 198.05
1024, 1024, 160, 254.68
1024, 1024, 240, 287.81
1024, 1024, 320, 305.14
1024, 1024, 400, 315.87
1024, 1024, 480, 321.01
1024, 1024, 560, 322.34
1024, 1024, 640, 327.33
1024, 1024, 720, 335.73
1024, 1024, 800, 346.11
1024, 1024, 880, 346.21
1024, 1024, 960, 355.88
1024, 1024, 1040, 324.90
1024, 1024, 1120, 327.24
1024, 1024, 1200, 322.77
1024, 1024, 1280, 334.15
1024, 1024, 1360, 328.20
1024, 1024, 1440, 337.20
1024, 1024, 1520, 331.70
1024, 1024, 1600, 343.33
1024, 1024, 1680, 335.76
1024, 1024, 1760, 344.29
1024, 1024, 1840, 341.42
1024, 1024, 1920, 349.04
1024, 1024, 2000, 344.17
1024, 1024, 2080, 340.36
1024, 1024, 2160, 336.33
1024, 1024, 2240, 343.99
1024, 1024, 2320, 336.07
1024, 1024, 2400, 342.54
1024, 1024, 2480, 339.63
1024, 1024, 2560, 348.11
1024, 1024, 2640, 342.55
1024, 1024, 2720, 346.65
1024, 1024, 2800, 343.88
1024, 1024, 2880, 352.53
1024, 1024, 2960, 348.02
1024, 1024, 3040, 351.69
1024, 1024, 3120, 340.43
1024, 1024, 3200, 345.67
1024, 1024, 3280, 341.95
1024, 1024, 3360, 345.36
1024, 1024, 3440, 343.08
1024, 1024, 3520, 349.21
1024, 1024, 3600, 344.66
1024, 1024, 3680, 348.84
1024, 1024, 3760, 346.39
1024, 1024, 3840, 351.27
1024, 1024, 3920, 348.72
1024, 1024, 4000, 352.39
