bli_shgemm performance
MC = 448, KC = 2048, NC = 896
m, n, k, GFLOPS
1024, 1024, 80, 191.38
1024, 1024, 160, 259.44
1024, 1024, 240, 295.58
1024, 1024, 320, 302.43
1024, 1024, 400, 319.59
1024, 1024, 480, 327.58
1024, 1024, 560, 335.05
1024, 1024, 640, 338.49
1024, 1024, 720, 340.33
1024, 1024, 800, 349.41
1024, 1024, 880, 350.67
1024, 1024, 960, 346.67
1024, 1024, 1040, 342.01
1024, 1024, 1120, 348.37
1024, 1024, 1200, 347.74
1024, 1024, 1280, 354.07
1024, 1024, 1360, 354.93
1024, 1024, 1440, 357.55
1024, 1024, 1520, 354.70
1024, 1024, 1600, 360.75
1024, 1024, 1680, 357.37
1024, 1024, 1760, 361.40
1024, 1024, 1840, 354.13
1024, 1024, 1920, 359.85
1024, 1024, 2000, 360.43
1024, 1024, 2080, 346.40
1024, 1024, 2160, 345.03
1024, 1024, 2240, 348.87
1024, 1024, 2320, 344.35
1024, 1024, 2400, 349.31
1024, 1024, 2480, 346.22
1024, 1024, 2560, 351.59
1024, 1024, 2640, 346.78
1024, 1024, 2720, 363.52
1024, 1024, 2800, 364.54
1024, 1024, 2880, 365.02
1024, 1024, 2960, 366.18
1024, 1024, 3040, 366.68
1024, 1024, 3120, 366.99
1024, 1024, 3200, 367.32
1024, 1024, 3280, 368.07
1024, 1024, 3360, 368.13
1024, 1024, 3440, 368.61
1024, 1024, 3520, 368.71
1024, 1024, 3600, 369.28
1024, 1024, 3680, 369.47
1024, 1024, 3760, 369.68
1024, 1024, 3840, 369.88
1024, 1024, 3920, 370.26
1024, 1024, 4000, 370.86
