bli_shgemm performance
MC = 448, KC = 1024, NC = 3072
m, n, k, GFLOPS
1024, 1024, 80, 199.47
1024, 1024, 160, 278.76
1024, 1024, 240, 309.18
1024, 1024, 320, 328.21
1024, 1024, 400, 337.62
1024, 1024, 480, 332.50
1024, 1024, 560, 351.42
1024, 1024, 640, 356.00
1024, 1024, 720, 358.93
1024, 1024, 800, 367.47
1024, 1024, 880, 369.21
1024, 1024, 960, 374.09
1024, 1024, 1040, 346.63
1024, 1024, 1120, 346.32
1024, 1024, 1200, 346.66
1024, 1024, 1280, 352.50
1024, 1024, 1360, 352.81
1024, 1024, 1440, 357.78
1024, 1024, 1520, 356.94
1024, 1024, 1600, 361.93
1024, 1024, 1680, 359.72
1024, 1024, 1760, 364.37
1024, 1024, 1840, 364.60
1024, 1024, 1920, 366.68
1024, 1024, 2000, 366.84
1024, 1024, 2080, 355.19
1024, 1024, 2160, 355.28
1024, 1024, 2240, 357.19
1024, 1024, 2320, 355.89
1024, 1024, 2400, 358.48
1024, 1024, 2480, 357.07
1024, 1024, 2560, 365.85
1024, 1024, 2640, 363.81
1024, 1024, 2720, 364.66
1024, 1024, 2800, 364.05
1024, 1024, 2880, 367.46
1024, 1024, 2960, 366.11
1024, 1024, 3040, 367.48
1024, 1024, 3120, 369.11
1024, 1024, 3200, 369.39
1024, 1024, 3280, 359.02
1024, 1024, 3360, 360.34
1024, 1024, 3440, 361.96
1024, 1024, 3520, 362.65
1024, 1024, 3600, 363.23
1024, 1024, 3680, 364.35
1024, 1024, 3760, 364.00
1024, 1024, 3840, 365.55
1024, 1024, 3920, 365.93
1024, 1024, 4000, 366.57
