bli_shgemm performance
MC = 512, KC = 896, NC = 2048
m, n, k, GFLOPS
1024, 1024, 80, 200.39
1024, 1024, 160, 276.49
1024, 1024, 240, 308.28
1024, 1024, 320, 326.39
1024, 1024, 400, 339.25
1024, 1024, 480, 346.84
1024, 1024, 560, 351.73
1024, 1024, 640, 355.43
1024, 1024, 720, 356.06
1024, 1024, 800, 365.04
1024, 1024, 880, 363.10
1024, 1024, 960, 342.31
1024, 1024, 1040, 341.49
1024, 1024, 1120, 349.03
1024, 1024, 1200, 348.34
1024, 1024, 1280, 354.99
1024, 1024, 1360, 347.13
1024, 1024, 1440, 360.60
1024, 1024, 1520, 361.89
1024, 1024, 1600, 362.13
1024, 1024, 1680, 365.87
1024, 1024, 1760, 367.50
1024, 1024, 1840, 351.95
1024, 1024, 1920, 354.30
1024, 1024, 2000, 356.86
1024, 1024, 2080, 363.10
1024, 1024, 2160, 346.83
1024, 1024, 2240, 366.93
1024, 1024, 2320, 349.14
1024, 1024, 2400, 368.93
1024, 1024, 2480, 351.07
1024, 1024, 2560, 371.01
1024, 1024, 2640, 354.95
1024, 1024, 2720, 362.10
1024, 1024, 2800, 344.77
1024, 1024, 2880, 364.07
1024, 1024, 2960, 345.56
1024, 1024, 3040, 366.20
1024, 1024, 3120, 349.55
1024, 1024, 3200, 368.29
1024, 1024, 3280, 350.99
1024, 1024, 3360, 369.02
1024, 1024, 3440, 353.51
1024, 1024, 3520, 370.87
1024, 1024, 3600, 348.22
1024, 1024, 3680, 364.51
1024, 1024, 3760, 350.18
1024, 1024, 3840, 366.19
1024, 1024, 3920, 355.43
1024, 1024, 4000, 357.41
