bli_shgemm performance
MC = 512, KC = 768, NC = 5461
m, n, k, GFLOPS
1024, 1024, 80, 200.05
1024, 1024, 160, 270.00
1024, 1024, 240, 306.63
1024, 1024, 320, 324.95
1024, 1024, 400, 329.83
1024, 1024, 480, 337.97
1024, 1024, 560, 338.67
1024, 1024, 640, 350.35
1024, 1024, 720, 350.42
1024, 1024, 800, 329.67
1024, 1024, 880, 328.40
1024, 1024, 960, 337.95
1024, 1024, 1040, 335.29
1024, 1024, 1120, 344.12
1024, 1024, 1200, 342.95
1024, 1024, 1280, 352.59
1024, 1024, 1360, 348.36
1024, 1024, 1440, 353.41
1024, 1024, 1520, 353.71
1024, 1024, 1600, 345.09
1024, 1024, 1680, 339.56
1024, 1024, 1760, 345.77
1024, 1024, 1840, 344.12
1024, 1024, 1920, 350.84
1024, 1024, 2000, 347.22
1024, 1024, 2080, 352.80
1024, 1024, 2160, 351.75
1024, 1024, 2240, 359.66
1024, 1024, 2320, 343.83
1024, 1024, 2400, 349.82
1024, 1024, 2480, 355.07
1024, 1024, 2560, 358.40
1024, 1024, 2640, 358.55
1024, 1024, 2720, 361.33
1024, 1024, 2800, 360.45
1024, 1024, 2880, 363.95
1024, 1024, 2960, 362.63
1024, 1024, 3040, 365.12
1024, 1024, 3120, 355.80
1024, 1024, 3200, 358.11
1024, 1024, 3280, 357.22
1024, 1024, 3360, 359.61
1024, 1024, 3440, 359.54
1024, 1024, 3520, 362.51
1024, 1024, 3600, 360.83
1024, 1024, 3680, 363.14
1024, 1024, 3760, 362.01
1024, 1024, 3840, 366.92
1024, 1024, 3920, 359.08
1024, 1024, 4000, 360.40
