bli_shgemm performance
MC = 512, KC = 1792, NC = 2340
m, n, k, GFLOPS
1024, 1024, 80, 199.50
1024, 1024, 160, 271.07
1024, 1024, 240, 304.13
1024, 1024, 320, 326.10
1024, 1024, 400, 338.13
1024, 1024, 480, 346.66
1024, 1024, 560, 354.49
1024, 1024, 640, 357.19
1024, 1024, 720, 359.66
1024, 1024, 800, 367.86
1024, 1024, 880, 367.10
1024, 1024, 960, 362.79
1024, 1024, 1040, 372.89
1024, 1024, 1120, 375.65
1024, 1024, 1200, 375.73
1024, 1024, 1280, 378.83
1024, 1024, 1360, 379.66
1024, 1024, 1440, 380.85
1024, 1024, 1520, 382.22
1024, 1024, 1600, 383.20
1024, 1024, 1680, 384.07
1024, 1024, 1760, 385.40
1024, 1024, 1840, 368.06
1024, 1024, 1920, 368.87
1024, 1024, 2000, 370.76
1024, 1024, 2080, 372.79
1024, 1024, 2160, 374.15
1024, 1024, 2240, 375.77
1024, 1024, 2320, 376.17
1024, 1024, 2400, 377.55
1024, 1024, 2480, 376.66
1024, 1024, 2560, 379.15
1024, 1024, 2640, 378.45
1024, 1024, 2720, 379.79
1024, 1024, 2800, 380.78
1024, 1024, 2880, 381.08
1024, 1024, 2960, 381.80
1024, 1024, 3040, 382.08
1024, 1024, 3120, 382.54
1024, 1024, 3200, 383.34
1024, 1024, 3280, 383.91
1024, 1024, 3360, 384.65
1024, 1024, 3440, 384.84
1024, 1024, 3520, 385.84
1024, 1024, 3600, 376.87
1024, 1024, 3680, 377.26
1024, 1024, 3760, 377.56
1024, 1024, 3840, 378.53
1024, 1024, 3920, 379.49
1024, 1024, 4000, 379.87
