bli_shgemm performance
MC = 512, KC = 1024, NC = 3584
m, n, k, GFLOPS
1024, 1024, 80, 201.97
1024, 1024, 160, 275.64
1024, 1024, 240, 305.38
1024, 1024, 320, 323.76
1024, 1024, 400, 335.25
1024, 1024, 480, 343.29
1024, 1024, 560, 338.97
1024, 1024, 640, 354.25
1024, 1024, 720, 356.22
1024, 1024, 800, 365.98
1024, 1024, 880, 365.74
1024, 1024, 960, 371.41
1024, 1024, 1040, 347.02
1024, 1024, 1120, 351.86
1024, 1024, 1200, 351.47
1024, 1024, 1280, 353.49
1024, 1024, 1360, 352.96
1024, 1024, 1440, 357.85
1024, 1024, 1520, 357.06
1024, 1024, 1600, 361.29
1024, 1024, 1680, 360.24
1024, 1024, 1760, 364.34
1024, 1024, 1840, 364.34
1024, 1024, 1920, 366.44
1024, 1024, 2000, 364.84
1024, 1024, 2080, 355.36
1024, 1024, 2160, 355.37
1024, 1024, 2240, 357.83
1024, 1024, 2320, 357.34
1024, 1024, 2400, 359.70
1024, 1024, 2480, 359.82
1024, 1024, 2560, 362.66
1024, 1024, 2640, 362.62
1024, 1024, 2720, 363.69
1024, 1024, 2800, 362.44
1024, 1024, 2880, 367.39
1024, 1024, 2960, 366.16
1024, 1024, 3040, 368.82
1024, 1024, 3120, 357.60
1024, 1024, 3200, 361.17
1024, 1024, 3280, 360.46
1024, 1024, 3360, 363.16
1024, 1024, 3440, 361.59
1024, 1024, 3520, 366.12
1024, 1024, 3600, 365.67
1024, 1024, 3680, 373.75
1024, 1024, 3760, 374.04
1024, 1024, 3840, 375.64
1024, 1024, 3920, 376.30
1024, 1024, 4000, 376.01
