bli_shgemm performance
MC = 512, KC = 1536, NC = 2048
m, n, k, GFLOPS
1024, 1024, 80, 200.12
1024, 1024, 160, 274.96
1024, 1024, 240, 307.78
1024, 1024, 320, 327.94
1024, 1024, 400, 338.59
1024, 1024, 480, 346.60
1024, 1024, 560, 352.63
1024, 1024, 640, 357.26
1024, 1024, 720, 359.71
1024, 1024, 800, 362.66
1024, 1024, 880, 361.79
1024, 1024, 960, 367.89
1024, 1024, 1040, 368.47
1024, 1024, 1120, 370.39
1024, 1024, 1200, 371.12
1024, 1024, 1280, 374.58
1024, 1024, 1360, 374.76
1024, 1024, 1440, 376.93
1024, 1024, 1520, 377.36
1024, 1024, 1600, 360.12
1024, 1024, 1680, 357.88
1024, 1024, 1760, 362.65
1024, 1024, 1840, 361.06
1024, 1024, 1920, 366.07
1024, 1024, 2000, 364.19
1024, 1024, 2080, 367.11
1024, 1024, 2160, 366.35
1024, 1024, 2240, 369.39
1024, 1024, 2320, 368.84
1024, 1024, 2400, 371.97
1024, 1024, 2480, 381.14
1024, 1024, 2560, 381.44
1024, 1024, 2640, 381.72
1024, 1024, 2720, 382.56
1024, 1024, 2800, 382.88
1024, 1024, 2880, 383.65
1024, 1024, 2960, 384.12
1024, 1024, 3040, 384.58
1024, 1024, 3120, 374.01
1024, 1024, 3200, 366.89
1024, 1024, 3280, 369.67
1024, 1024, 3360, 370.37
1024, 1024, 3440, 372.28
1024, 1024, 3520, 372.56
1024, 1024, 3600, 372.85
1024, 1024, 3680, 373.75
1024, 1024, 3760, 373.01
1024, 1024, 3840, 374.23
1024, 1024, 3920, 374.90
1024, 1024, 4000, 374.63
