bli_shgemm performance
MC = 512, KC = 2048, NC = 1536
m, n, k, GFLOPS
1024, 1024, 80, 204.16
1024, 1024, 160, 274.75
1024, 1024, 240, 308.86
1024, 1024, 320, 328.87
1024, 1024, 400, 341.06
1024, 1024, 480, 347.30
1024, 1024, 560, 354.00
1024, 1024, 640, 357.33
1024, 1024, 720, 360.38
1024, 1024, 800, 368.20
1024, 1024, 880, 367.85
1024, 1024, 960, 372.51
1024, 1024, 1040, 362.62
1024, 1024, 1120, 369.52
1024, 1024, 1200, 370.41
1024, 1024, 1280, 374.34
1024, 1024, 1360, 374.87
1024, 1024, 1440, 376.77
1024, 1024, 1520, 376.76
1024, 1024, 1600, 379.91
1024, 1024, 1680, 379.89
1024, 1024, 1760, 381.01
1024, 1024, 1840, 381.13
1024, 1024, 1920, 382.67
1024, 1024, 2000, 383.01
1024, 1024, 2080, 368.43
1024, 1024, 2160, 367.89
1024, 1024, 2240, 370.48
1024, 1024, 2320, 368.32
1024, 1024, 2400, 370.95
1024, 1024, 2480, 370.15
1024, 1024, 2560, 372.84
1024, 1024, 2640, 371.55
1024, 1024, 2720, 372.26
1024, 1024, 2800, 373.09
1024, 1024, 2880, 374.85
1024, 1024, 2960, 374.22
1024, 1024, 3040, 375.44
1024, 1024, 3120, 377.41
1024, 1024, 3200, 383.22
1024, 1024, 3280, 382.12
1024, 1024, 3360, 383.40
1024, 1024, 3440, 383.65
1024, 1024, 3520, 385.16
1024, 1024, 3600, 384.32
1024, 1024, 3680, 385.68
1024, 1024, 3760, 384.99
1024, 1024, 3840, 386.25
1024, 1024, 3920, 385.52
1024, 1024, 4000, 386.79
