bli_shgemm performance
MC = 512, KC = 256, NC = 16384
m, n, k, GFLOPS
1024, 1024, 80, 199.06
1024, 1024, 160, 262.66
1024, 1024, 240, 295.42
1024, 1024, 320, 261.99
1024, 1024, 400, 270.16
1024, 1024, 480, 294.51
1024, 1024, 560, 267.06
1024, 1024, 640, 282.50
1024, 1024, 720, 288.38
1024, 1024, 800, 285.40
1024, 1024, 880, 283.79
1024, 1024, 960, 299.41
1024, 1024, 1040, 278.88
1024, 1024, 1120, 291.92
1024, 1024, 1200, 288.38
1024, 1024, 1280, 302.65
1024, 1024, 1360, 285.21
1024, 1024, 1440, 298.11
1024, 1024, 1520, 293.01
1024, 1024, 1600, 296.80
1024, 1024, 1680, 289.21
1024, 1024, 1760, 287.94
1024, 1024, 1840, 275.21
1024, 1024, 1920, 298.64
1024, 1024, 2000, 292.78
1024, 1024, 2080, 292.56
1024, 1024, 2160, 290.74
1024, 1024, 2240, 302.39
1024, 1024, 2320, 288.23
1024, 1024, 2400, 296.73
1024, 1024, 2480, 293.10
1024, 1024, 2560, 302.92
1024, 1024, 2640, 290.59
1024, 1024, 2720, 299.27
1024, 1024, 2800, 294.54
1024, 1024, 2880, 299.19
1024, 1024, 2960, 291.82
1024, 1024, 3040, 301.17
1024, 1024, 3120, 290.35
1024, 1024, 3200, 301.51
1024, 1024, 3280, 293.16
1024, 1024, 3360, 295.83
1024, 1024, 3440, 291.10
1024, 1024, 3520, 304.65
1024, 1024, 3600, 292.01
1024, 1024, 3680, 300.03
1024, 1024, 3760, 295.73
1024, 1024, 3840, 305.62
1024, 1024, 3920, 293.87
1024, 1024, 4000, 315.37
