bli_shgemm performance
MC = 512, KC = 768, NC = 2048
m, n, k, GFLOPS
1024, 1024, 80, 210.22
1024, 1024, 160, 280.29
1024, 1024, 240, 309.91
1024, 1024, 320, 327.95
1024, 1024, 400, 339.30
1024, 1024, 480, 343.35
1024, 1024, 560, 347.95
1024, 1024, 640, 353.42
1024, 1024, 720, 356.02
1024, 1024, 800, 333.68
1024, 1024, 880, 336.34
1024, 1024, 960, 343.63
1024, 1024, 1040, 342.14
1024, 1024, 1120, 349.25
1024, 1024, 1200, 340.85
1024, 1024, 1280, 359.94
1024, 1024, 1360, 361.85
1024, 1024, 1440, 362.19
1024, 1024, 1520, 352.85
1024, 1024, 1600, 350.38
1024, 1024, 1680, 352.06
1024, 1024, 1760, 354.43
1024, 1024, 1840, 356.09
1024, 1024, 1920, 358.78
1024, 1024, 2000, 361.51
1024, 1024, 2080, 366.17
1024, 1024, 2160, 349.30
1024, 1024, 2240, 367.89
1024, 1024, 2320, 338.66
1024, 1024, 2400, 359.85
1024, 1024, 2480, 341.30
1024, 1024, 2560, 362.47
1024, 1024, 2640, 343.64
1024, 1024, 2720, 366.19
1024, 1024, 2800, 345.68
1024, 1024, 2880, 367.03
1024, 1024, 2960, 349.45
1024, 1024, 3040, 368.89
1024, 1024, 3120, 342.15
1024, 1024, 3200, 361.77
1024, 1024, 3280, 343.82
1024, 1024, 3360, 365.07
1024, 1024, 3440, 346.40
1024, 1024, 3520, 366.75
1024, 1024, 3600, 349.03
1024, 1024, 3680, 368.65
1024, 1024, 3760, 368.61
1024, 1024, 3840, 370.42
1024, 1024, 3920, 364.07
1024, 1024, 4000, 364.77
