bli_shgemm performance
MC = 512, KC = 1024, NC = 1536
m, n, k, GFLOPS
1024, 1024, 80, 205.30
1024, 1024, 160, 282.59
1024, 1024, 240, 309.03
1024, 1024, 320, 328.39
1024, 1024, 400, 339.65
1024, 1024, 480, 346.72
1024, 1024, 560, 345.60
1024, 1024, 640, 354.88
1024, 1024, 720, 357.42
1024, 1024, 800, 366.42
1024, 1024, 880, 366.32
1024, 1024, 960, 371.29
1024, 1024, 1040, 335.06
1024, 1024, 1120, 336.48
1024, 1024, 1200, 335.58
1024, 1024, 1280, 341.98
1024, 1024, 1360, 340.59
1024, 1024, 1440, 348.85
1024, 1024, 1520, 345.84
1024, 1024, 1600, 353.20
1024, 1024, 1680, 348.56
1024, 1024, 1760, 355.76
1024, 1024, 1840, 354.41
1024, 1024, 1920, 360.14
1024, 1024, 2000, 358.06
1024, 1024, 2080, 349.42
1024, 1024, 2160, 350.52
1024, 1024, 2240, 354.91
1024, 1024, 2320, 352.09
1024, 1024, 2400, 355.93
1024, 1024, 2480, 355.04
1024, 1024, 2560, 359.84
1024, 1024, 2640, 357.92
1024, 1024, 2720, 357.60
1024, 1024, 2800, 360.03
1024, 1024, 2880, 361.98
1024, 1024, 2960, 363.66
1024, 1024, 3040, 362.76
1024, 1024, 3120, 354.63
1024, 1024, 3200, 354.12
1024, 1024, 3280, 356.21
1024, 1024, 3360, 356.39
1024, 1024, 3440, 358.18
1024, 1024, 3520, 360.61
1024, 1024, 3600, 361.11
1024, 1024, 3680, 362.92
1024, 1024, 3760, 361.87
1024, 1024, 3840, 365.59
1024, 1024, 3920, 364.48
1024, 1024, 4000, 366.95
