bli_shgemm performance
MC = 512, KC = 256, NC = 7168
m, n, k, GFLOPS
1024, 1024, 80, 200.01
1024, 1024, 160, 274.35
1024, 1024, 240, 306.88
1024, 1024, 320, 272.73
1024, 1024, 400, 280.25
1024, 1024, 480, 300.36
1024, 1024, 560, 275.22
1024, 1024, 640, 295.88
1024, 1024, 720, 296.29
1024, 1024, 800, 289.68
1024, 1024, 880, 291.03
1024, 1024, 960, 305.14
1024, 1024, 1040, 285.33
1024, 1024, 1120, 296.52
1024, 1024, 1200, 303.72
1024, 1024, 1280, 312.73
1024, 1024, 1360, 298.21
1024, 1024, 1440, 306.29
1024, 1024, 1520, 305.68
1024, 1024, 1600, 304.51
1024, 1024, 1680, 307.64
1024, 1024, 1760, 294.30
1024, 1024, 1840, 299.26
1024, 1024, 1920, 302.45
1024, 1024, 2000, 305.58
1024, 1024, 2080, 306.47
1024, 1024, 2160, 282.36
1024, 1024, 2240, 314.43
1024, 1024, 2320, 280.80
1024, 1024, 2400, 312.91
1024, 1024, 2480, 287.23
1024, 1024, 2560, 317.52
1024, 1024, 2640, 285.37
1024, 1024, 2720, 315.09
1024, 1024, 2800, 293.99
1024, 1024, 2880, 312.88
1024, 1024, 2960, 287.14
1024, 1024, 3040, 315.73
1024, 1024, 3120, 286.68
1024, 1024, 3200, 311.21
1024, 1024, 3280, 287.24
1024, 1024, 3360, 311.81
1024, 1024, 3440, 289.07
1024, 1024, 3520, 314.91
1024, 1024, 3600, 287.32
1024, 1024, 3680, 312.57
1024, 1024, 3760, 291.33
1024, 1024, 3840, 317.89
1024, 1024, 3920, 290.56
1024, 1024, 4000, 296.36
