bli_shgemm performance
MC = 512, KC = 2048, NC = 1792
m, n, k, GFLOPS
1024, 1024, 80, 210.11
1024, 1024, 160, 281.55
1024, 1024, 240, 309.52
1024, 1024, 320, 327.53
1024, 1024, 400, 338.91
1024, 1024, 480, 346.26
1024, 1024, 560, 353.06
1024, 1024, 640, 356.94
1024, 1024, 720, 358.99
1024, 1024, 800, 360.99
1024, 1024, 880, 368.78
1024, 1024, 960, 373.48
1024, 1024, 1040, 369.51
1024, 1024, 1120, 370.92
1024, 1024, 1200, 371.78
1024, 1024, 1280, 375.47
1024, 1024, 1360, 374.47
1024, 1024, 1440, 377.15
1024, 1024, 1520, 377.64
1024, 1024, 1600, 378.72
1024, 1024, 1680, 377.38
1024, 1024, 1760, 380.09
1024, 1024, 1840, 378.97
1024, 1024, 1920, 381.78
1024, 1024, 2000, 381.38
1024, 1024, 2080, 368.08
1024, 1024, 2160, 367.80
1024, 1024, 2240, 370.72
1024, 1024, 2320, 369.28
1024, 1024, 2400, 371.50
1024, 1024, 2480, 371.79
1024, 1024, 2560, 374.14
1024, 1024, 2640, 373.19
1024, 1024, 2720, 373.34
1024, 1024, 2800, 372.88
1024, 1024, 2880, 375.37
1024, 1024, 2960, 375.20
1024, 1024, 3040, 376.74
1024, 1024, 3120, 376.87
1024, 1024, 3200, 385.75
1024, 1024, 3280, 386.22
1024, 1024, 3360, 386.50
1024, 1024, 3440, 379.71
1024, 1024, 3520, 379.92
1024, 1024, 3600, 379.96
1024, 1024, 3680, 380.96
1024, 1024, 3760, 381.39
1024, 1024, 3840, 381.79
1024, 1024, 3920, 382.20
1024, 1024, 4000, 382.63
