bli_shgemm performance
MC = 64, KC = 2048, NC = 512
m, n, k, GFLOPS
1024, 1024, 80, 211.64
1024, 1024, 160, 277.01
1024, 1024, 240, 308.84
1024, 1024, 320, 324.59
1024, 1024, 400, 337.30
1024, 1024, 480, 343.73
1024, 1024, 560, 348.89
1024, 1024, 640, 353.33
1024, 1024, 720, 355.06
1024, 1024, 800, 361.30
1024, 1024, 880, 346.70
1024, 1024, 960, 367.25
1024, 1024, 1040, 367.13
1024, 1024, 1120, 367.94
1024, 1024, 1200, 370.00
1024, 1024, 1280, 372.17
1024, 1024, 1360, 375.41
1024, 1024, 1440, 377.14
1024, 1024, 1520, 377.86
1024, 1024, 1600, 379.26
1024, 1024, 1680, 379.67
1024, 1024, 1760, 381.06
1024, 1024, 1840, 381.77
1024, 1024, 1920, 382.76
1024, 1024, 2000, 383.24
1024, 1024, 2080, 373.22
1024, 1024, 2160, 359.90
1024, 1024, 2240, 374.81
1024, 1024, 2320, 358.51
1024, 1024, 2400, 376.44
1024, 1024, 2480, 359.15
1024, 1024, 2560, 377.77
1024, 1024, 2640, 360.75
1024, 1024, 2720, 377.56
1024, 1024, 2800, 363.88
1024, 1024, 2880, 378.92
1024, 1024, 2960, 366.28
1024, 1024, 3040, 380.09
1024, 1024, 3120, 367.91
1024, 1024, 3200, 380.59
1024, 1024, 3280, 381.52
1024, 1024, 3360, 381.71
1024, 1024, 3440, 382.38
1024, 1024, 3520, 382.84
1024, 1024, 3600, 382.93
1024, 1024, 3680, 383.52
1024, 1024, 3760, 383.62
1024, 1024, 3840, 383.69
1024, 1024, 3920, 384.10
1024, 1024, 4000, 384.64
