bli_shgemm performance
MC = 64, KC = 2048, NC = 2048
m, n, k, GFLOPS
1024, 1024, 80, 221.35
1024, 1024, 160, 275.43
1024, 1024, 240, 300.29
1024, 1024, 320, 320.32
1024, 1024, 400, 327.32
1024, 1024, 480, 340.33
1024, 1024, 560, 343.28
1024, 1024, 640, 353.30
1024, 1024, 720, 356.79
1024, 1024, 800, 367.70
1024, 1024, 880, 365.64
1024, 1024, 960, 374.83
1024, 1024, 1040, 372.82
1024, 1024, 1120, 376.36
1024, 1024, 1200, 375.77
1024, 1024, 1280, 378.53
1024, 1024, 1360, 374.46
1024, 1024, 1440, 376.19
1024, 1024, 1520, 374.34
1024, 1024, 1600, 374.94
1024, 1024, 1680, 369.29
1024, 1024, 1760, 369.47
1024, 1024, 1840, 365.00
1024, 1024, 1920, 366.54
1024, 1024, 2000, 361.95
1024, 1024, 2080, 347.92
1024, 1024, 2160, 348.65
1024, 1024, 2240, 351.55
1024, 1024, 2320, 350.97
1024, 1024, 2400, 354.28
1024, 1024, 2480, 353.99
1024, 1024, 2560, 358.11
1024, 1024, 2640, 355.91
1024, 1024, 2720, 358.39
1024, 1024, 2800, 358.95
1024, 1024, 2880, 362.17
1024, 1024, 2960, 361.17
1024, 1024, 3040, 362.91
1024, 1024, 3120, 362.85
1024, 1024, 3200, 365.35
1024, 1024, 3280, 363.64
1024, 1024, 3360, 364.33
1024, 1024, 3440, 364.28
1024, 1024, 3520, 368.23
1024, 1024, 3600, 366.73
1024, 1024, 3680, 366.65
1024, 1024, 3760, 364.80
1024, 1024, 3840, 364.85
1024, 1024, 3920, 362.83
1024, 1024, 4000, 376.77
