bli_shgemm performance
MC = 768, KC = 512, NC = 6144
m, n, k, GFLOPS
1024, 1024, 80, 149.48
1024, 1024, 160, 238.89
1024, 1024, 240, 273.27
1024, 1024, 320, 299.86
1024, 1024, 400, 310.90
1024, 1024, 480, 330.09
1024, 1024, 560, 276.30
1024, 1024, 640, 293.14
1024, 1024, 720, 295.73
1024, 1024, 800, 309.76
1024, 1024, 880, 309.84
1024, 1024, 960, 327.46
1024, 1024, 1040, 294.64
1024, 1024, 1120, 302.44
1024, 1024, 1200, 295.03
1024, 1024, 1280, 313.35
1024, 1024, 1360, 304.34
1024, 1024, 1440, 318.70
1024, 1024, 1520, 308.17
1024, 1024, 1600, 306.54
1024, 1024, 1680, 298.87
1024, 1024, 1760, 311.55
1024, 1024, 1840, 300.36
1024, 1024, 1920, 320.86
1024, 1024, 2000, 312.32
1024, 1024, 2080, 303.58
1024, 1024, 2160, 296.26
1024, 1024, 2240, 318.45
1024, 1024, 2320, 304.85
1024, 1024, 2400, 316.51
1024, 1024, 2480, 309.43
1024, 1024, 2560, 324.82
1024, 1024, 2640, 302.16
1024, 1024, 2720, 312.67
1024, 1024, 2800, 305.25
1024, 1024, 2880, 332.85
1024, 1024, 2960, 333.20
1024, 1024, 3040, 335.08
1024, 1024, 3120, 324.68
1024, 1024, 3200, 327.21
1024, 1024, 3280, 328.60
1024, 1024, 3360, 331.21
1024, 1024, 3440, 332.11
1024, 1024, 3520, 335.11
1024, 1024, 3600, 325.29
1024, 1024, 3680, 327.58
1024, 1024, 3760, 329.01
1024, 1024, 3840, 331.43
1024, 1024, 3920, 331.74
1024, 1024, 4000, 333.93
