bli_shgemm performance
MC = 768, KC = 1024, NC = 2048
m, n, k, GFLOPS
1024, 1024, 80, 208.22
1024, 1024, 160, 276.96
1024, 1024, 240, 306.38
1024, 1024, 320, 325.88
1024, 1024, 400, 337.17
1024, 1024, 480, 342.87
1024, 1024, 560, 352.69
1024, 1024, 640, 353.96
1024, 1024, 720, 356.37
1024, 1024, 800, 351.99
1024, 1024, 880, 359.52
1024, 1024, 960, 366.15
1024, 1024, 1040, 340.58
1024, 1024, 1120, 344.91
1024, 1024, 1200, 345.68
1024, 1024, 1280, 342.71
1024, 1024, 1360, 342.95
1024, 1024, 1440, 348.05
1024, 1024, 1520, 344.99
1024, 1024, 1600, 351.37
1024, 1024, 1680, 347.52
1024, 1024, 1760, 353.83
1024, 1024, 1840, 353.28
1024, 1024, 1920, 359.38
1024, 1024, 2000, 357.19
1024, 1024, 2080, 344.96
1024, 1024, 2160, 344.24
1024, 1024, 2240, 349.32
1024, 1024, 2320, 345.86
1024, 1024, 2400, 350.20
1024, 1024, 2480, 355.15
1024, 1024, 2560, 359.27
1024, 1024, 2640, 357.90
1024, 1024, 2720, 359.30
1024, 1024, 2800, 359.51
1024, 1024, 2880, 363.97
1024, 1024, 2960, 359.34
1024, 1024, 3040, 365.53
1024, 1024, 3120, 350.57
1024, 1024, 3200, 356.32
1024, 1024, 3280, 352.83
1024, 1024, 3360, 358.21
1024, 1024, 3440, 355.36
1024, 1024, 3520, 360.92
1024, 1024, 3600, 357.02
1024, 1024, 3680, 361.98
1024, 1024, 3760, 357.68
1024, 1024, 3840, 364.34
1024, 1024, 3920, 359.96
1024, 1024, 4000, 364.90
