bli_shgemm performance
MC = 768, KC = 1024, NC = 4096
m, n, k, GFLOPS
1024, 1024, 80, 203.48
1024, 1024, 160, 274.89
1024, 1024, 240, 305.72
1024, 1024, 320, 323.95
1024, 1024, 400, 334.32
1024, 1024, 480, 344.58
1024, 1024, 560, 350.85
1024, 1024, 640, 353.85
1024, 1024, 720, 355.72
1024, 1024, 800, 359.82
1024, 1024, 880, 356.99
1024, 1024, 960, 365.38
1024, 1024, 1040, 339.51
1024, 1024, 1120, 344.47
1024, 1024, 1200, 342.82
1024, 1024, 1280, 349.60
1024, 1024, 1360, 351.15
1024, 1024, 1440, 356.07
1024, 1024, 1520, 355.00
1024, 1024, 1600, 360.14
1024, 1024, 1680, 357.83
1024, 1024, 1760, 362.20
1024, 1024, 1840, 358.84
1024, 1024, 1920, 362.88
1024, 1024, 2000, 362.39
1024, 1024, 2080, 351.80
1024, 1024, 2160, 351.88
1024, 1024, 2240, 356.30
1024, 1024, 2320, 354.65
1024, 1024, 2400, 356.51
1024, 1024, 2480, 355.39
1024, 1024, 2560, 359.84
1024, 1024, 2640, 358.51
1024, 1024, 2720, 359.90
1024, 1024, 2800, 360.44
1024, 1024, 2880, 363.76
1024, 1024, 2960, 362.25
1024, 1024, 3040, 365.04
1024, 1024, 3120, 354.72
1024, 1024, 3200, 357.17
1024, 1024, 3280, 356.61
1024, 1024, 3360, 361.78
1024, 1024, 3440, 369.71
1024, 1024, 3520, 370.75
1024, 1024, 3600, 371.00
1024, 1024, 3680, 372.46
1024, 1024, 3760, 371.26
1024, 1024, 3840, 372.89
1024, 1024, 3920, 372.98
1024, 1024, 4000, 373.96
