bli_shgemm performance
MC = 768, KC = 512, NC = 3072
m, n, k, GFLOPS
1024, 1024, 80, 204.82
1024, 1024, 160, 274.62
1024, 1024, 240, 306.79
1024, 1024, 320, 326.50
1024, 1024, 400, 334.40
1024, 1024, 480, 338.73
1024, 1024, 560, 305.22
1024, 1024, 640, 317.15
1024, 1024, 720, 319.46
1024, 1024, 800, 330.96
1024, 1024, 880, 333.21
1024, 1024, 960, 343.91
1024, 1024, 1040, 318.76
1024, 1024, 1120, 326.61
1024, 1024, 1200, 314.23
1024, 1024, 1280, 337.90
1024, 1024, 1360, 340.89
1024, 1024, 1440, 345.40
1024, 1024, 1520, 347.15
1024, 1024, 1600, 335.01
1024, 1024, 1680, 336.93
1024, 1024, 1760, 339.11
1024, 1024, 1840, 338.73
1024, 1024, 1920, 343.17
1024, 1024, 2000, 346.00
1024, 1024, 2080, 341.75
1024, 1024, 2160, 313.74
1024, 1024, 2240, 345.71
1024, 1024, 2320, 318.10
1024, 1024, 2400, 348.91
1024, 1024, 2480, 322.05
1024, 1024, 2560, 350.87
1024, 1024, 2640, 319.74
1024, 1024, 2720, 343.68
1024, 1024, 2800, 317.21
1024, 1024, 2880, 347.35
1024, 1024, 2960, 322.09
1024, 1024, 3040, 349.69
1024, 1024, 3120, 318.58
1024, 1024, 3200, 347.04
1024, 1024, 3280, 319.85
1024, 1024, 3360, 347.95
1024, 1024, 3440, 323.39
1024, 1024, 3520, 350.53
1024, 1024, 3600, 318.20
1024, 1024, 3680, 345.97
1024, 1024, 3760, 346.79
1024, 1024, 3840, 348.22
1024, 1024, 3920, 349.05
1024, 1024, 4000, 350.53
