bli_shgemm performance
MC = 768, KC = 1024, NC = 1024
m, n, k, GFLOPS
1024, 1024, 80, 199.23
1024, 1024, 160, 253.75
1024, 1024, 240, 294.68
1024, 1024, 320, 311.35
1024, 1024, 400, 320.19
1024, 1024, 480, 332.90
1024, 1024, 560, 338.29
1024, 1024, 640, 342.85
1024, 1024, 720, 347.06
1024, 1024, 800, 347.85
1024, 1024, 880, 352.73
1024, 1024, 960, 360.22
1024, 1024, 1040, 324.80
1024, 1024, 1120, 336.81
1024, 1024, 1200, 336.72
1024, 1024, 1280, 343.85
1024, 1024, 1360, 342.88
1024, 1024, 1440, 348.32
1024, 1024, 1520, 347.78
1024, 1024, 1600, 352.78
1024, 1024, 1680, 350.16
1024, 1024, 1760, 355.53
1024, 1024, 1840, 358.99
1024, 1024, 1920, 363.40
1024, 1024, 2000, 361.79
1024, 1024, 2080, 351.22
1024, 1024, 2160, 349.77
1024, 1024, 2240, 354.93
1024, 1024, 2320, 351.88
1024, 1024, 2400, 356.10
1024, 1024, 2480, 355.67
1024, 1024, 2560, 360.79
1024, 1024, 2640, 364.95
1024, 1024, 2720, 364.75
1024, 1024, 2800, 366.17
1024, 1024, 2880, 367.61
1024, 1024, 2960, 369.12
1024, 1024, 3040, 370.33
1024, 1024, 3120, 360.91
1024, 1024, 3200, 360.22
1024, 1024, 3280, 361.36
1024, 1024, 3360, 363.14
1024, 1024, 3440, 363.97
1024, 1024, 3520, 364.78
1024, 1024, 3600, 365.05
1024, 1024, 3680, 365.57
1024, 1024, 3760, 366.02
1024, 1024, 3840, 368.72
1024, 1024, 3920, 368.12
1024, 1024, 4000, 369.70
