bli_shgemm performance
MC = 768, KC = 1024, NC = 3072
m, n, k, GFLOPS
1024, 1024, 80, 200.94
1024, 1024, 160, 275.52
1024, 1024, 240, 310.44
1024, 1024, 320, 329.71
1024, 1024, 400, 339.94
1024, 1024, 480, 345.56
1024, 1024, 560, 350.09
1024, 1024, 640, 354.20
1024, 1024, 720, 356.34
1024, 1024, 800, 360.46
1024, 1024, 880, 359.11
1024, 1024, 960, 366.46
1024, 1024, 1040, 340.63
1024, 1024, 1120, 345.40
1024, 1024, 1200, 345.28
1024, 1024, 1280, 352.14
1024, 1024, 1360, 351.25
1024, 1024, 1440, 356.51
1024, 1024, 1520, 355.30
1024, 1024, 1600, 358.65
1024, 1024, 1680, 354.17
1024, 1024, 1760, 360.23
1024, 1024, 1840, 359.27
1024, 1024, 1920, 364.22
1024, 1024, 2000, 362.78
1024, 1024, 2080, 352.00
1024, 1024, 2160, 351.65
1024, 1024, 2240, 355.93
1024, 1024, 2320, 354.57
1024, 1024, 2400, 359.80
1024, 1024, 2480, 368.77
1024, 1024, 2560, 369.84
1024, 1024, 2640, 370.02
1024, 1024, 2720, 369.71
1024, 1024, 2800, 371.89
1024, 1024, 2880, 372.57
1024, 1024, 2960, 373.64
1024, 1024, 3040, 374.73
1024, 1024, 3120, 365.66
1024, 1024, 3200, 365.89
1024, 1024, 3280, 366.97
1024, 1024, 3360, 360.82
1024, 1024, 3440, 361.94
1024, 1024, 3520, 363.51
1024, 1024, 3600, 363.68
1024, 1024, 3680, 364.28
1024, 1024, 3760, 363.18
1024, 1024, 3840, 365.43
1024, 1024, 3920, 365.26
1024, 1024, 4000, 366.28
