bli_shgemm performance
MC = 896, KC = 1024, NC = 1536
m, n, k, GFLOPS
1024, 1024, 80, 193.63
1024, 1024, 160, 263.40
1024, 1024, 240, 296.80
1024, 1024, 320, 306.72
1024, 1024, 400, 326.84
1024, 1024, 480, 333.75
1024, 1024, 560, 342.28
1024, 1024, 640, 344.27
1024, 1024, 720, 345.16
1024, 1024, 800, 355.33
1024, 1024, 880, 359.63
1024, 1024, 960, 355.62
1024, 1024, 1040, 329.31
1024, 1024, 1120, 334.94
1024, 1024, 1200, 335.62
1024, 1024, 1280, 348.35
1024, 1024, 1360, 346.00
1024, 1024, 1440, 352.95
1024, 1024, 1520, 350.76
1024, 1024, 1600, 352.86
1024, 1024, 1680, 348.98
1024, 1024, 1760, 354.46
1024, 1024, 1840, 353.75
1024, 1024, 1920, 358.27
1024, 1024, 2000, 356.68
1024, 1024, 2080, 344.42
1024, 1024, 2160, 344.49
1024, 1024, 2240, 349.65
1024, 1024, 2320, 345.46
1024, 1024, 2400, 350.48
1024, 1024, 2480, 361.42
1024, 1024, 2560, 363.28
1024, 1024, 2640, 363.60
1024, 1024, 2720, 362.71
1024, 1024, 2800, 365.99
1024, 1024, 2880, 365.92
1024, 1024, 2960, 367.83
1024, 1024, 3040, 368.55
1024, 1024, 3120, 358.96
1024, 1024, 3200, 360.58
1024, 1024, 3280, 360.52
1024, 1024, 3360, 362.04
1024, 1024, 3440, 363.47
1024, 1024, 3520, 363.96
1024, 1024, 3600, 364.45
1024, 1024, 3680, 364.81
1024, 1024, 3760, 364.25
1024, 1024, 3840, 367.25
1024, 1024, 3920, 367.37
1024, 1024, 4000, 369.09
