bli_shgemm performance
MC = 896, KC = 1024, NC = 3584
m, n, k, GFLOPS
1024, 1024, 80, 208.71
1024, 1024, 160, 279.67
1024, 1024, 240, 308.57
1024, 1024, 320, 326.33
1024, 1024, 400, 337.46
1024, 1024, 480, 344.29
1024, 1024, 560, 348.59
1024, 1024, 640, 352.34
1024, 1024, 720, 354.30
1024, 1024, 800, 364.09
1024, 1024, 880, 364.77
1024, 1024, 960, 365.46
1024, 1024, 1040, 338.16
1024, 1024, 1120, 344.47
1024, 1024, 1200, 343.90
1024, 1024, 1280, 351.05
1024, 1024, 1360, 349.68
1024, 1024, 1440, 355.02
1024, 1024, 1520, 354.04
1024, 1024, 1600, 358.91
1024, 1024, 1680, 355.71
1024, 1024, 1760, 361.24
1024, 1024, 1840, 357.87
1024, 1024, 1920, 362.22
1024, 1024, 2000, 361.41
1024, 1024, 2080, 351.18
1024, 1024, 2160, 351.23
1024, 1024, 2240, 355.66
1024, 1024, 2320, 353.03
1024, 1024, 2400, 356.77
1024, 1024, 2480, 356.07
1024, 1024, 2560, 359.84
1024, 1024, 2640, 358.09
1024, 1024, 2720, 358.15
1024, 1024, 2800, 361.81
1024, 1024, 2880, 371.71
1024, 1024, 2960, 372.84
1024, 1024, 3040, 373.81
1024, 1024, 3120, 364.55
1024, 1024, 3200, 365.03
1024, 1024, 3280, 366.03
1024, 1024, 3360, 367.38
1024, 1024, 3440, 358.51
1024, 1024, 3520, 360.11
1024, 1024, 3600, 360.26
1024, 1024, 3680, 361.26
1024, 1024, 3760, 360.95
1024, 1024, 3840, 362.76
1024, 1024, 3920, 362.32
1024, 1024, 4000, 363.50
