bli_shgemm performance
MC = 896, KC = 512, NC = 6144
m, n, k, GFLOPS
1024, 1024, 80, 197.11
1024, 1024, 160, 273.82
1024, 1024, 240, 302.86
1024, 1024, 320, 322.49
1024, 1024, 400, 334.67
1024, 1024, 480, 321.94
1024, 1024, 560, 303.67
1024, 1024, 640, 314.17
1024, 1024, 720, 318.41
1024, 1024, 800, 330.40
1024, 1024, 880, 334.84
1024, 1024, 960, 344.91
1024, 1024, 1040, 321.11
1024, 1024, 1120, 323.85
1024, 1024, 1200, 323.68
1024, 1024, 1280, 332.29
1024, 1024, 1360, 332.06
1024, 1024, 1440, 338.03
1024, 1024, 1520, 337.67
1024, 1024, 1600, 328.96
1024, 1024, 1680, 327.19
1024, 1024, 1760, 332.89
1024, 1024, 1840, 332.93
1024, 1024, 1920, 338.88
1024, 1024, 2000, 337.59
1024, 1024, 2080, 330.58
1024, 1024, 2160, 328.87
1024, 1024, 2240, 332.57
1024, 1024, 2320, 329.88
1024, 1024, 2400, 333.23
1024, 1024, 2480, 331.63
1024, 1024, 2560, 340.64
1024, 1024, 2640, 332.43
1024, 1024, 2720, 334.31
1024, 1024, 2800, 332.00
1024, 1024, 2880, 338.52
1024, 1024, 2960, 336.48
1024, 1024, 3040, 339.91
1024, 1024, 3120, 342.10
1024, 1024, 3200, 343.84
1024, 1024, 3280, 345.15
1024, 1024, 3360, 346.14
1024, 1024, 3440, 347.22
1024, 1024, 3520, 348.97
1024, 1024, 3600, 343.07
1024, 1024, 3680, 344.23
1024, 1024, 3760, 345.54
1024, 1024, 3840, 346.88
1024, 1024, 3920, 348.09
1024, 1024, 4000, 348.84
