bli_shgemm performance
MC = 384, KC = 2816, NC = 4096
m, n, k, GFLOPS
384, 4096, 2816, 348.25
384, 4096, 2816, 347.63
384, 4096, 2816, 347.83
384, 4096, 2816, 347.41
384, 4096, 2816, 347.82
384, 4096, 2816, 347.32
384, 4096, 2816, 347.68
384, 4096, 2816, 347.47
384, 4096, 2816, 347.77
384, 4096, 2816, 347.65
384, 4096, 2816, 348.55
384, 4096, 2816, 347.83
384, 4096, 2816, 347.56
384, 4096, 2816, 348.80
384, 4096, 2816, 347.76
384, 4096, 2816, 347.45
384, 4096, 2816, 347.75
384, 4096, 2816, 347.99
384, 4096, 2816, 347.18
384, 4096, 2816, 347.58
384, 4096, 2816, 347.48
384, 4096, 2816, 348.16
384, 4096, 2816, 347.46
384, 4096, 2816, 347.52
384, 4096, 2816, 347.82
384, 4096, 2816, 347.38
384, 4096, 2816, 347.42
384, 4096, 2816, 347.39
384, 4096, 2816, 347.26
384, 4096, 2816, 347.38
384, 4096, 2816, 346.28
384, 4096, 2816, 347.90
384, 4096, 2816, 346.71
384, 4096, 2816, 347.42
384, 4096, 2816, 346.69
384, 4096, 2816, 347.32
384, 4096, 2816, 346.83
384, 4096, 2816, 347.08
384, 4096, 2816, 347.18
384, 4096, 2816, 346.82
384, 4096, 2816, 346.57
384, 4096, 2816, 346.86
384, 4096, 2816, 346.81
384, 4096, 2816, 346.42
384, 4096, 2816, 347.17
384, 4096, 2816, 348.36
384, 4096, 2816, 347.00
384, 4096, 2816, 346.72
384, 4096, 2816, 347.95
384, 4096, 2816, 347.83
