bli_shgemm performance
MC = 256, KC = 3072, NC = 4096
m, n, k, GFLOPS
256, 4096, 3072, 299.46
256, 4096, 3072, 301.48
256, 4096, 3072, 300.52
256, 4096, 3072, 301.71
256, 4096, 3072, 300.12
256, 4096, 3072, 301.36
256, 4096, 3072, 300.49
256, 4096, 3072, 300.89
256, 4096, 3072, 300.76
256, 4096, 3072, 300.02
256, 4096, 3072, 300.88
256, 4096, 3072, 300.02
256, 4096, 3072, 299.63
256, 4096, 3072, 301.04
256, 4096, 3072, 300.05
256, 4096, 3072, 301.26
256, 4096, 3072, 299.35
256, 4096, 3072, 299.62
256, 4096, 3072, 299.53
256, 4096, 3072, 299.89
256, 4096, 3072, 300.17
256, 4096, 3072, 302.11
256, 4096, 3072, 299.41
256, 4096, 3072, 299.81
256, 4096, 3072, 300.47
256, 4096, 3072, 299.39
256, 4096, 3072, 300.47
256, 4096, 3072, 299.35
256, 4096, 3072, 299.74
256, 4096, 3072, 299.21
256, 4096, 3072, 300.14
256, 4096, 3072, 300.94
256, 4096, 3072, 299.86
256, 4096, 3072, 300.87
256, 4096, 3072, 299.03
256, 4096, 3072, 300.37
256, 4096, 3072, 298.78
256, 4096, 3072, 300.56
256, 4096, 3072, 299.55
256, 4096, 3072, 299.91
256, 4096, 3072, 301.61
256, 4096, 3072, 300.66
256, 4096, 3072, 299.23
256, 4096, 3072, 300.21
256, 4096, 3072, 300.66
256, 4096, 3072, 300.24
256, 4096, 3072, 300.62
256, 4096, 3072, 299.81
256, 4096, 3072, 299.39
256, 4096, 3072, 299.43
