bli_shgemm performance
MC = 640, KC = 1792, NC = 4096
m, n, k, GFLOPS
640, 4096, 1792, 366.04
640, 4096, 1792, 366.28
640, 4096, 1792, 365.28
640, 4096, 1792, 364.60
640, 4096, 1792, 365.00
640, 4096, 1792, 365.52
640, 4096, 1792, 364.60
640, 4096, 1792, 364.96
640, 4096, 1792, 365.16
640, 4096, 1792, 364.62
640, 4096, 1792, 365.71
640, 4096, 1792, 365.82
640, 4096, 1792, 364.80
640, 4096, 1792, 365.19
640, 4096, 1792, 364.85
640, 4096, 1792, 365.46
640, 4096, 1792, 366.26
640, 4096, 1792, 365.84
640, 4096, 1792, 364.40
640, 4096, 1792, 364.53
640, 4096, 1792, 365.33
640, 4096, 1792, 364.98
640, 4096, 1792, 365.27
640, 4096, 1792, 365.10
640, 4096, 1792, 364.17
640, 4096, 1792, 364.64
640, 4096, 1792, 364.99
640, 4096, 1792, 364.96
640, 4096, 1792, 364.99
640, 4096, 1792, 364.70
640, 4096, 1792, 364.37
640, 4096, 1792, 365.60
640, 4096, 1792, 365.21
640, 4096, 1792, 365.73
640, 4096, 1792, 364.38
640, 4096, 1792, 364.97
640, 4096, 1792, 365.14
640, 4096, 1792, 364.41
640, 4096, 1792, 365.04
640, 4096, 1792, 364.51
640, 4096, 1792, 364.63
640, 4096, 1792, 364.53
640, 4096, 1792, 364.74
640, 4096, 1792, 364.45
640, 4096, 1792, 365.54
640, 4096, 1792, 364.57
640, 4096, 1792, 365.26
640, 4096, 1792, 365.40
640, 4096, 1792, 365.30
640, 4096, 1792, 365.43
