bli_shgemm performance
MC = 512, KC = 2816, NC = 1024
m, n, k, GFLOPS
512, 1024, 2816, 317.41
512, 1024, 2816, 318.99
512, 1024, 2816, 316.26
512, 1024, 2816, 319.91
512, 1024, 2816, 358.72
512, 1024, 2816, 359.05
512, 1024, 2816, 357.99
512, 1024, 2816, 359.18
512, 1024, 2816, 358.09
512, 1024, 2816, 356.38
512, 1024, 2816, 358.61
512, 1024, 2816, 358.47
512, 1024, 2816, 358.41
512, 1024, 2816, 358.55
512, 1024, 2816, 358.20
512, 1024, 2816, 357.78
512, 1024, 2816, 358.11
512, 1024, 2816, 358.04
512, 1024, 2816, 358.30
512, 1024, 2816, 357.97
512, 1024, 2816, 357.49
512, 1024, 2816, 358.16
512, 1024, 2816, 358.93
512, 1024, 2816, 357.89
512, 1024, 2816, 358.20
512, 1024, 2816, 358.61
512, 1024, 2816, 359.27
512, 1024, 2816, 358.70
512, 1024, 2816, 357.45
512, 1024, 2816, 358.30
512, 1024, 2816, 357.44
512, 1024, 2816, 358.53
512, 1024, 2816, 358.34
512, 1024, 2816, 358.96
512, 1024, 2816, 357.80
512, 1024, 2816, 358.27
512, 1024, 2816, 358.58
512, 1024, 2816, 357.89
512, 1024, 2816, 357.42
512, 1024, 2816, 358.02
512, 1024, 2816, 357.57
512, 1024, 2816, 357.60
512, 1024, 2816, 358.32
512, 1024, 2816, 358.47
512, 1024, 2816, 357.93
512, 1024, 2816, 357.70
512, 1024, 2816, 357.94
512, 1024, 2816, 358.00
512, 1024, 2816, 358.57
512, 1024, 2816, 357.97
