bli_shgemm performance
MC = 512, KC = 3584, NC = 4096
m, n, k, GFLOPS
512, 4096, 3584, 328.82
512, 4096, 3584, 328.73
512, 4096, 3584, 328.92
512, 4096, 3584, 329.09
512, 4096, 3584, 328.90
512, 4096, 3584, 329.33
512, 4096, 3584, 328.90
512, 4096, 3584, 328.89
512, 4096, 3584, 329.23
512, 4096, 3584, 328.77
512, 4096, 3584, 328.95
512, 4096, 3584, 328.71
512, 4096, 3584, 329.19
512, 4096, 3584, 328.87
512, 4096, 3584, 328.76
512, 4096, 3584, 328.87
512, 4096, 3584, 328.79
512, 4096, 3584, 328.88
512, 4096, 3584, 328.78
512, 4096, 3584, 329.20
512, 4096, 3584, 328.86
512, 4096, 3584, 328.78
512, 4096, 3584, 328.72
512, 4096, 3584, 328.99
512, 4096, 3584, 328.95
512, 4096, 3584, 329.04
512, 4096, 3584, 328.78
512, 4096, 3584, 328.84
512, 4096, 3584, 328.54
512, 4096, 3584, 328.85
512, 4096, 3584, 329.08
512, 4096, 3584, 328.82
512, 4096, 3584, 328.81
512, 4096, 3584, 328.77
512, 4096, 3584, 328.86
512, 4096, 3584, 328.69
512, 4096, 3584, 328.90
512, 4096, 3584, 329.09
512, 4096, 3584, 328.92
512, 4096, 3584, 328.64
512, 4096, 3584, 328.80
512, 4096, 3584, 328.68
512, 4096, 3584, 328.86
512, 4096, 3584, 328.71
512, 4096, 3584, 328.62
512, 4096, 3584, 328.68
512, 4096, 3584, 329.19
512, 4096, 3584, 328.96
512, 4096, 3584, 329.19
512, 4096, 3584, 328.70
