bli_shgemm performance
MC = 384, KC = 3328, NC = 4096
m, n, k, GFLOPS
384, 4096, 3328, 331.83
384, 4096, 3328, 331.03
384, 4096, 3328, 331.42
384, 4096, 3328, 330.58
384, 4096, 3328, 330.61
384, 4096, 3328, 330.53
384, 4096, 3328, 331.82
384, 4096, 3328, 330.46
384, 4096, 3328, 330.97
384, 4096, 3328, 330.48
384, 4096, 3328, 330.58
384, 4096, 3328, 331.03
384, 4096, 3328, 331.22
384, 4096, 3328, 330.74
384, 4096, 3328, 330.58
384, 4096, 3328, 330.71
384, 4096, 3328, 330.39
384, 4096, 3328, 330.64
384, 4096, 3328, 330.40
384, 4096, 3328, 330.59
384, 4096, 3328, 330.68
384, 4096, 3328, 331.00
384, 4096, 3328, 330.82
384, 4096, 3328, 330.69
384, 4096, 3328, 331.40
384, 4096, 3328, 331.01
384, 4096, 3328, 330.75
384, 4096, 3328, 330.73
384, 4096, 3328, 330.97
384, 4096, 3328, 330.66
384, 4096, 3328, 331.13
384, 4096, 3328, 331.33
384, 4096, 3328, 331.24
384, 4096, 3328, 331.22
384, 4096, 3328, 331.31
384, 4096, 3328, 331.21
384, 4096, 3328, 330.86
384, 4096, 3328, 330.78
384, 4096, 3328, 330.45
384, 4096, 3328, 330.47
384, 4096, 3328, 330.88
384, 4096, 3328, 330.61
384, 4096, 3328, 331.48
384, 4096, 3328, 331.24
384, 4096, 3328, 331.06
384, 4096, 3328, 330.63
384, 4096, 3328, 331.37
384, 4096, 3328, 331.49
384, 4096, 3328, 330.57
384, 4096, 3328, 330.60
