bli_shgemm performance
MC = 512, KC = 1536, NC = 2048
m, n, k, GFLOPS
512, 2048, 1536, 356.55
512, 2048, 1536, 356.66
512, 2048, 1536, 356.32
512, 2048, 1536, 356.57
512, 2048, 1536, 356.43
512, 2048, 1536, 356.56
512, 2048, 1536, 356.48
512, 2048, 1536, 356.38
512, 2048, 1536, 356.64
512, 2048, 1536, 356.14
512, 2048, 1536, 356.67
512, 2048, 1536, 356.21
512, 2048, 1536, 356.47
512, 2048, 1536, 356.59
512, 2048, 1536, 356.55
512, 2048, 1536, 356.10
512, 2048, 1536, 356.07
512, 2048, 1536, 356.45
512, 2048, 1536, 356.57
512, 2048, 1536, 356.25
512, 2048, 1536, 356.17
512, 2048, 1536, 356.01
512, 2048, 1536, 356.39
512, 2048, 1536, 356.11
512, 2048, 1536, 355.93
512, 2048, 1536, 356.14
512, 2048, 1536, 355.86
512, 2048, 1536, 356.41
512, 2048, 1536, 356.24
512, 2048, 1536, 355.89
512, 2048, 1536, 355.56
512, 2048, 1536, 356.49
512, 2048, 1536, 356.24
512, 2048, 1536, 355.94
512, 2048, 1536, 356.35
512, 2048, 1536, 356.43
512, 2048, 1536, 355.82
512, 2048, 1536, 355.86
512, 2048, 1536, 355.58
512, 2048, 1536, 355.57
512, 2048, 1536, 355.63
512, 2048, 1536, 356.55
512, 2048, 1536, 356.21
512, 2048, 1536, 356.13
512, 2048, 1536, 355.95
512, 2048, 1536, 356.49
512, 2048, 1536, 356.92
512, 2048, 1536, 356.03
512, 2048, 1536, 356.16
512, 2048, 1536, 356.44
