bli_shgemm performance
MC = 384, KC = 1792, NC = 4096
m, n, k, GFLOPS
384, 4096, 1792, 346.72
384, 4096, 1792, 345.99
384, 4096, 1792, 346.01
384, 4096, 1792, 345.83
384, 4096, 1792, 345.96
384, 4096, 1792, 345.18
384, 4096, 1792, 345.44
384, 4096, 1792, 345.63
384, 4096, 1792, 345.79
384, 4096, 1792, 345.03
384, 4096, 1792, 344.96
384, 4096, 1792, 345.64
384, 4096, 1792, 344.94
384, 4096, 1792, 345.72
384, 4096, 1792, 346.07
384, 4096, 1792, 345.56
384, 4096, 1792, 345.38
384, 4096, 1792, 345.65
384, 4096, 1792, 346.85
384, 4096, 1792, 346.28
384, 4096, 1792, 345.95
384, 4096, 1792, 346.22
384, 4096, 1792, 346.04
384, 4096, 1792, 345.86
384, 4096, 1792, 346.44
384, 4096, 1792, 345.32
384, 4096, 1792, 345.81
384, 4096, 1792, 345.85
384, 4096, 1792, 345.62
384, 4096, 1792, 345.92
384, 4096, 1792, 346.04
384, 4096, 1792, 345.94
384, 4096, 1792, 345.35
384, 4096, 1792, 345.69
384, 4096, 1792, 346.07
384, 4096, 1792, 346.02
384, 4096, 1792, 345.31
384, 4096, 1792, 345.70
384, 4096, 1792, 345.30
384, 4096, 1792, 344.98
384, 4096, 1792, 345.46
384, 4096, 1792, 345.89
384, 4096, 1792, 346.78
384, 4096, 1792, 346.56
384, 4096, 1792, 346.21
384, 4096, 1792, 346.22
384, 4096, 1792, 345.45
384, 4096, 1792, 346.23
384, 4096, 1792, 345.37
384, 4096, 1792, 346.42
