bli_shgemm performance
MC = 384, KC = 3328, NC = 2048
m, n, k, GFLOPS
384, 2048, 3328, 344.74
384, 2048, 3328, 346.87
384, 2048, 3328, 345.89
384, 2048, 3328, 345.81
384, 2048, 3328, 346.84
384, 2048, 3328, 346.95
384, 2048, 3328, 346.91
384, 2048, 3328, 346.04
384, 2048, 3328, 346.06
384, 2048, 3328, 346.60
384, 2048, 3328, 346.00
384, 2048, 3328, 345.57
384, 2048, 3328, 345.51
384, 2048, 3328, 345.77
384, 2048, 3328, 345.45
384, 2048, 3328, 345.43
384, 2048, 3328, 346.75
384, 2048, 3328, 346.36
384, 2048, 3328, 346.90
384, 2048, 3328, 345.77
384, 2048, 3328, 345.18
384, 2048, 3328, 345.34
384, 2048, 3328, 345.74
384, 2048, 3328, 345.81
384, 2048, 3328, 345.95
384, 2048, 3328, 346.67
384, 2048, 3328, 345.62
384, 2048, 3328, 345.51
384, 2048, 3328, 345.49
384, 2048, 3328, 345.59
384, 2048, 3328, 345.55
384, 2048, 3328, 346.87
384, 2048, 3328, 347.21
384, 2048, 3328, 346.01
384, 2048, 3328, 345.77
384, 2048, 3328, 345.76
384, 2048, 3328, 345.97
384, 2048, 3328, 345.71
384, 2048, 3328, 346.74
384, 2048, 3328, 347.23
384, 2048, 3328, 346.09
384, 2048, 3328, 345.65
384, 2048, 3328, 346.91
384, 2048, 3328, 346.85
384, 2048, 3328, 345.91
384, 2048, 3328, 347.09
384, 2048, 3328, 346.63
384, 2048, 3328, 345.98
384, 2048, 3328, 345.83
384, 2048, 3328, 345.86
