bli_shgemm performance
MC = 640, KC = 2304, NC = 1024
m, n, k, GFLOPS
640, 1024, 2304, 330.99
640, 1024, 2304, 330.76
640, 1024, 2304, 330.98
640, 1024, 2304, 331.48
640, 1024, 2304, 331.08
640, 1024, 2304, 331.74
640, 1024, 2304, 331.54
640, 1024, 2304, 331.90
640, 1024, 2304, 330.08
640, 1024, 2304, 331.60
640, 1024, 2304, 330.28
640, 1024, 2304, 330.61
640, 1024, 2304, 329.51
640, 1024, 2304, 329.91
640, 1024, 2304, 330.73
640, 1024, 2304, 331.35
640, 1024, 2304, 330.11
640, 1024, 2304, 330.80
640, 1024, 2304, 330.85
640, 1024, 2304, 330.88
640, 1024, 2304, 331.07
640, 1024, 2304, 331.57
640, 1024, 2304, 330.82
640, 1024, 2304, 330.45
640, 1024, 2304, 331.44
640, 1024, 2304, 330.46
640, 1024, 2304, 329.86
640, 1024, 2304, 331.47
640, 1024, 2304, 330.32
640, 1024, 2304, 331.88
640, 1024, 2304, 332.10
640, 1024, 2304, 330.87
640, 1024, 2304, 330.58
640, 1024, 2304, 331.52
640, 1024, 2304, 329.60
640, 1024, 2304, 331.03
640, 1024, 2304, 329.17
640, 1024, 2304, 330.17
640, 1024, 2304, 331.34
640, 1024, 2304, 328.91
640, 1024, 2304, 329.75
640, 1024, 2304, 330.55
640, 1024, 2304, 331.15
640, 1024, 2304, 329.78
640, 1024, 2304, 331.44
640, 1024, 2304, 329.50
640, 1024, 2304, 329.72
640, 1024, 2304, 329.67
640, 1024, 2304, 329.98
640, 1024, 2304, 330.96
