bli_shgemm performance
MC = 640, KC = 1792, NC = 5120
m, n, k, GFLOPS
640, 5120, 1792, 353.20
640, 5120, 1792, 354.03
640, 5120, 1792, 355.00
640, 5120, 1792, 354.60
640, 5120, 1792, 353.01
640, 5120, 1792, 353.60
640, 5120, 1792, 354.72
640, 5120, 1792, 355.37
640, 5120, 1792, 353.48
640, 5120, 1792, 355.34
640, 5120, 1792, 353.51
640, 5120, 1792, 353.04
640, 5120, 1792, 353.14
640, 5120, 1792, 354.11
640, 5120, 1792, 353.06
640, 5120, 1792, 354.82
640, 5120, 1792, 355.58
640, 5120, 1792, 354.94
640, 5120, 1792, 354.96
640, 5120, 1792, 354.31
640, 5120, 1792, 353.05
640, 5120, 1792, 354.31
640, 5120, 1792, 353.42
640, 5120, 1792, 353.81
640, 5120, 1792, 354.61
640, 5120, 1792, 353.67
640, 5120, 1792, 353.30
640, 5120, 1792, 355.57
640, 5120, 1792, 353.19
640, 5120, 1792, 353.21
640, 5120, 1792, 353.32
640, 5120, 1792, 353.83
640, 5120, 1792, 353.86
640, 5120, 1792, 353.07
640, 5120, 1792, 353.09
640, 5120, 1792, 354.67
640, 5120, 1792, 353.96
640, 5120, 1792, 353.82
640, 5120, 1792, 353.27
640, 5120, 1792, 354.37
640, 5120, 1792, 353.71
640, 5120, 1792, 352.99
640, 5120, 1792, 353.96
640, 5120, 1792, 353.66
640, 5120, 1792, 354.08
640, 5120, 1792, 353.68
640, 5120, 1792, 354.16
640, 5120, 1792, 353.56
640, 5120, 1792, 354.19
640, 5120, 1792, 353.73
