bli_shgemm performance
MC = 384, KC = 256, NC = 1024
m, n, k, GFLOPS
384, 1024, 256, 299.90
384, 1024, 256, 297.93
384, 1024, 256, 296.55
384, 1024, 256, 297.33
384, 1024, 256, 295.65
384, 1024, 256, 298.80
384, 1024, 256, 296.71
384, 1024, 256, 296.35
384, 1024, 256, 297.38
384, 1024, 256, 296.90
384, 1024, 256, 297.79
384, 1024, 256, 298.31
384, 1024, 256, 298.47
384, 1024, 256, 297.17
384, 1024, 256, 297.44
384, 1024, 256, 297.23
384, 1024, 256, 297.10
384, 1024, 256, 297.08
384, 1024, 256, 298.10
384, 1024, 256, 298.18
384, 1024, 256, 297.01
384, 1024, 256, 297.31
384, 1024, 256, 299.08
384, 1024, 256, 297.33
384, 1024, 256, 298.13
384, 1024, 256, 298.16
384, 1024, 256, 297.59
384, 1024, 256, 296.89
384, 1024, 256, 296.36
384, 1024, 256, 297.86
384, 1024, 256, 298.08
384, 1024, 256, 297.18
384, 1024, 256, 297.71
384, 1024, 256, 297.85
384, 1024, 256, 298.86
384, 1024, 256, 297.18
384, 1024, 256, 297.86
384, 1024, 256, 297.72
384, 1024, 256, 299.19
384, 1024, 256, 297.69
384, 1024, 256, 298.37
384, 1024, 256, 298.07
384, 1024, 256, 297.89
384, 1024, 256, 298.29
384, 1024, 256, 297.89
384, 1024, 256, 297.86
384, 1024, 256, 297.40
384, 1024, 256, 297.67
384, 1024, 256, 297.90
384, 1024, 256, 297.02
