bli_shgemm performance
MC = 256, KC = 1280, NC = 1024
m, n, k, GFLOPS
256, 1024, 1280, 307.89
256, 1024, 1280, 307.87
256, 1024, 1280, 306.86
256, 1024, 1280, 307.16
256, 1024, 1280, 307.30
256, 1024, 1280, 306.85
256, 1024, 1280, 306.83
256, 1024, 1280, 307.07
256, 1024, 1280, 307.29
256, 1024, 1280, 307.86
256, 1024, 1280, 306.61
256, 1024, 1280, 307.71
256, 1024, 1280, 307.59
256, 1024, 1280, 307.13
256, 1024, 1280, 307.22
256, 1024, 1280, 307.30
256, 1024, 1280, 306.23
256, 1024, 1280, 307.15
256, 1024, 1280, 307.38
256, 1024, 1280, 307.97
256, 1024, 1280, 306.91
256, 1024, 1280, 306.27
256, 1024, 1280, 306.90
256, 1024, 1280, 307.40
256, 1024, 1280, 307.03
256, 1024, 1280, 306.96
256, 1024, 1280, 307.40
256, 1024, 1280, 307.68
256, 1024, 1280, 307.22
256, 1024, 1280, 307.01
256, 1024, 1280, 307.19
256, 1024, 1280, 306.99
256, 1024, 1280, 307.03
256, 1024, 1280, 307.60
256, 1024, 1280, 306.95
256, 1024, 1280, 308.12
256, 1024, 1280, 307.47
256, 1024, 1280, 307.58
256, 1024, 1280, 307.18
256, 1024, 1280, 307.87
256, 1024, 1280, 262.53
256, 1024, 1280, 263.35
256, 1024, 1280, 306.72
256, 1024, 1280, 307.34
256, 1024, 1280, 306.54
256, 1024, 1280, 307.20
256, 1024, 1280, 307.12
256, 1024, 1280, 307.01
256, 1024, 1280, 307.37
256, 1024, 1280, 307.54
