bli_shgemm performance
MC = 384, KC = 3584, NC = 1024
m, n, k, GFLOPS
384, 1024, 3584, 344.80
384, 1024, 3584, 344.52
384, 1024, 3584, 344.38
384, 1024, 3584, 343.90
384, 1024, 3584, 344.38
384, 1024, 3584, 343.92
384, 1024, 3584, 343.90
384, 1024, 3584, 343.61
384, 1024, 3584, 343.63
384, 1024, 3584, 344.20
384, 1024, 3584, 343.92
384, 1024, 3584, 344.09
384, 1024, 3584, 343.88
384, 1024, 3584, 343.28
384, 1024, 3584, 343.35
384, 1024, 3584, 343.60
384, 1024, 3584, 343.86
384, 1024, 3584, 343.44
384, 1024, 3584, 343.98
384, 1024, 3584, 344.30
384, 1024, 3584, 343.81
384, 1024, 3584, 343.26
384, 1024, 3584, 343.17
384, 1024, 3584, 343.79
384, 1024, 3584, 342.92
384, 1024, 3584, 343.19
384, 1024, 3584, 343.90
384, 1024, 3584, 343.87
384, 1024, 3584, 343.47
384, 1024, 3584, 343.34
384, 1024, 3584, 342.86
384, 1024, 3584, 343.34
384, 1024, 3584, 343.80
384, 1024, 3584, 343.35
384, 1024, 3584, 342.72
384, 1024, 3584, 343.18
384, 1024, 3584, 343.07
384, 1024, 3584, 343.51
384, 1024, 3584, 343.08
384, 1024, 3584, 343.69
384, 1024, 3584, 341.86
384, 1024, 3584, 343.52
384, 1024, 3584, 342.97
384, 1024, 3584, 344.12
384, 1024, 3584, 343.82
384, 1024, 3584, 344.43
384, 1024, 3584, 342.79
384, 1024, 3584, 344.25
384, 1024, 3584, 343.15
384, 1024, 3584, 343.51
