bli_shgemm performance
MC = 384, KC = 768, NC = 3072
m, n, k, GFLOPS
384, 3072, 768, 330.31
384, 3072, 768, 329.78
384, 3072, 768, 329.83
384, 3072, 768, 330.61
384, 3072, 768, 330.24
384, 3072, 768, 330.25
384, 3072, 768, 330.07
384, 3072, 768, 329.33
384, 3072, 768, 329.86
384, 3072, 768, 329.59
384, 3072, 768, 330.49
384, 3072, 768, 329.58
384, 3072, 768, 329.61
384, 3072, 768, 329.85
384, 3072, 768, 329.97
384, 3072, 768, 330.38
384, 3072, 768, 329.32
384, 3072, 768, 329.07
384, 3072, 768, 329.45
384, 3072, 768, 329.99
384, 3072, 768, 329.82
384, 3072, 768, 329.68
384, 3072, 768, 329.34
384, 3072, 768, 329.20
384, 3072, 768, 329.33
384, 3072, 768, 329.12
384, 3072, 768, 330.47
384, 3072, 768, 329.06
384, 3072, 768, 329.84
384, 3072, 768, 329.37
384, 3072, 768, 329.62
384, 3072, 768, 330.84
384, 3072, 768, 330.04
384, 3072, 768, 329.92
384, 3072, 768, 328.93
384, 3072, 768, 329.19
384, 3072, 768, 328.88
384, 3072, 768, 330.31
384, 3072, 768, 329.74
384, 3072, 768, 329.61
384, 3072, 768, 329.66
384, 3072, 768, 330.46
384, 3072, 768, 330.60
384, 3072, 768, 329.72
384, 3072, 768, 329.28
384, 3072, 768, 329.39
384, 3072, 768, 329.63
384, 3072, 768, 329.36
384, 3072, 768, 328.74
384, 3072, 768, 329.44
