bli_shgemm performance
MC = 640, KC = 768, NC = 4096
m, n, k, GFLOPS
640, 4096, 768, 342.79
640, 4096, 768, 341.70
640, 4096, 768, 340.67
640, 4096, 768, 341.11
640, 4096, 768, 340.46
640, 4096, 768, 341.25
640, 4096, 768, 341.78
640, 4096, 768, 340.15
640, 4096, 768, 339.91
640, 4096, 768, 340.28
640, 4096, 768, 341.51
640, 4096, 768, 340.83
640, 4096, 768, 340.77
640, 4096, 768, 341.24
640, 4096, 768, 340.07
640, 4096, 768, 339.33
640, 4096, 768, 304.93
640, 4096, 768, 302.94
640, 4096, 768, 311.18
640, 4096, 768, 307.11
640, 4096, 768, 301.91
640, 4096, 768, 301.02
640, 4096, 768, 307.65
640, 4096, 768, 311.25
640, 4096, 768, 306.24
640, 4096, 768, 306.50
640, 4096, 768, 338.97
640, 4096, 768, 341.45
640, 4096, 768, 341.77
640, 4096, 768, 345.04
640, 4096, 768, 346.45
640, 4096, 768, 343.90
640, 4096, 768, 345.46
640, 4096, 768, 314.02
640, 4096, 768, 310.45
640, 4096, 768, 313.76
640, 4096, 768, 344.25
640, 4096, 768, 344.95
640, 4096, 768, 319.63
640, 4096, 768, 337.57
640, 4096, 768, 344.65
640, 4096, 768, 345.33
640, 4096, 768, 344.48
640, 4096, 768, 344.44
640, 4096, 768, 343.54
640, 4096, 768, 341.53
640, 4096, 768, 341.84
640, 4096, 768, 341.01
640, 4096, 768, 340.91
640, 4096, 768, 340.50
