bli_shgemm performance
MC = 640, KC = 768, NC = 1024
m, n, k, GFLOPS
640, 1024, 768, 343.91
640, 1024, 768, 343.40
640, 1024, 768, 342.11
640, 1024, 768, 344.34
640, 1024, 768, 344.18
640, 1024, 768, 343.63
640, 1024, 768, 343.48
640, 1024, 768, 342.71
640, 1024, 768, 343.00
640, 1024, 768, 345.40
640, 1024, 768, 344.51
640, 1024, 768, 343.65
640, 1024, 768, 344.44
640, 1024, 768, 344.30
640, 1024, 768, 343.37
640, 1024, 768, 345.39
640, 1024, 768, 344.18
640, 1024, 768, 344.21
640, 1024, 768, 344.92
640, 1024, 768, 345.06
640, 1024, 768, 344.91
640, 1024, 768, 344.41
640, 1024, 768, 345.70
640, 1024, 768, 344.62
640, 1024, 768, 343.75
640, 1024, 768, 344.04
640, 1024, 768, 341.61
640, 1024, 768, 343.03
640, 1024, 768, 342.86
640, 1024, 768, 343.95
640, 1024, 768, 343.62
640, 1024, 768, 344.79
640, 1024, 768, 343.76
640, 1024, 768, 343.53
640, 1024, 768, 342.78
640, 1024, 768, 343.39
640, 1024, 768, 344.01
640, 1024, 768, 344.74
640, 1024, 768, 343.07
640, 1024, 768, 343.16
640, 1024, 768, 344.99
640, 1024, 768, 344.06
640, 1024, 768, 343.68
640, 1024, 768, 343.05
640, 1024, 768, 344.10
640, 1024, 768, 343.78
640, 1024, 768, 343.40
640, 1024, 768, 343.87
640, 1024, 768, 343.27
640, 1024, 768, 342.85
