bli_shgemm performance
MC = 256, KC = 3328, NC = 5120
m, n, k, GFLOPS
256, 5120, 3328, 304.33
256, 5120, 3328, 304.48
256, 5120, 3328, 304.03
256, 5120, 3328, 304.31
256, 5120, 3328, 303.78
256, 5120, 3328, 304.84
256, 5120, 3328, 304.38
256, 5120, 3328, 304.61
256, 5120, 3328, 304.33
256, 5120, 3328, 304.28
256, 5120, 3328, 305.59
256, 5120, 3328, 304.46
256, 5120, 3328, 304.66
256, 5120, 3328, 304.38
256, 5120, 3328, 304.42
256, 5120, 3328, 304.93
256, 5120, 3328, 304.45
256, 5120, 3328, 304.71
256, 5120, 3328, 304.07
256, 5120, 3328, 304.54
256, 5120, 3328, 304.56
256, 5120, 3328, 304.51
256, 5120, 3328, 304.34
256, 5120, 3328, 304.38
256, 5120, 3328, 305.99
256, 5120, 3328, 304.57
256, 5120, 3328, 304.47
256, 5120, 3328, 305.09
256, 5120, 3328, 304.82
256, 5120, 3328, 304.48
256, 5120, 3328, 304.73
256, 5120, 3328, 304.50
256, 5120, 3328, 305.20
256, 5120, 3328, 304.56
256, 5120, 3328, 304.69
256, 5120, 3328, 304.42
256, 5120, 3328, 304.36
256, 5120, 3328, 304.48
256, 5120, 3328, 305.18
256, 5120, 3328, 304.53
256, 5120, 3328, 304.55
256, 5120, 3328, 304.92
256, 5120, 3328, 304.60
256, 5120, 3328, 304.25
256, 5120, 3328, 304.60
256, 5120, 3328, 304.33
256, 5120, 3328, 304.52
256, 5120, 3328, 304.52
256, 5120, 3328, 305.12
256, 5120, 3328, 304.79
