bli_shgemm performance
MC = 256, KC = 2816, NC = 1024
m, n, k, GFLOPS
256, 1024, 2816, 277.03
256, 1024, 2816, 315.28
256, 1024, 2816, 314.32
256, 1024, 2816, 314.77
256, 1024, 2816, 314.17
256, 1024, 2816, 314.29
256, 1024, 2816, 314.34
256, 1024, 2816, 314.50
256, 1024, 2816, 314.18
256, 1024, 2816, 314.07
256, 1024, 2816, 314.65
256, 1024, 2816, 314.57
256, 1024, 2816, 314.09
256, 1024, 2816, 314.02
256, 1024, 2816, 314.54
256, 1024, 2816, 314.31
256, 1024, 2816, 314.30
256, 1024, 2816, 314.41
256, 1024, 2816, 314.18
256, 1024, 2816, 314.63
256, 1024, 2816, 314.28
256, 1024, 2816, 314.26
256, 1024, 2816, 314.44
256, 1024, 2816, 313.91
256, 1024, 2816, 314.12
256, 1024, 2816, 313.92
256, 1024, 2816, 314.29
256, 1024, 2816, 314.71
256, 1024, 2816, 314.00
256, 1024, 2816, 314.37
256, 1024, 2816, 314.23
256, 1024, 2816, 314.08
256, 1024, 2816, 313.95
256, 1024, 2816, 314.01
256, 1024, 2816, 313.75
256, 1024, 2816, 314.01
256, 1024, 2816, 313.74
256, 1024, 2816, 313.91
256, 1024, 2816, 314.21
256, 1024, 2816, 314.22
256, 1024, 2816, 313.91
256, 1024, 2816, 314.54
256, 1024, 2816, 313.88
256, 1024, 2816, 314.54
256, 1024, 2816, 314.03
256, 1024, 2816, 313.76
256, 1024, 2816, 314.02
256, 1024, 2816, 314.26
256, 1024, 2816, 314.49
256, 1024, 2816, 314.39
