bli_shgemm performance
MC = 384, KC = 2048, NC = 5120
m, n, k, GFLOPS
384, 5120, 2048, 333.29
384, 5120, 2048, 333.18
384, 5120, 2048, 334.88
384, 5120, 2048, 336.18
384, 5120, 2048, 334.05
384, 5120, 2048, 334.28
384, 5120, 2048, 333.67
384, 5120, 2048, 336.29
384, 5120, 2048, 335.66
384, 5120, 2048, 334.09
384, 5120, 2048, 336.34
384, 5120, 2048, 336.04
384, 5120, 2048, 335.89
384, 5120, 2048, 336.48
384, 5120, 2048, 335.64
384, 5120, 2048, 336.56
384, 5120, 2048, 335.16
384, 5120, 2048, 334.73
384, 5120, 2048, 336.06
384, 5120, 2048, 335.56
384, 5120, 2048, 335.94
384, 5120, 2048, 335.50
384, 5120, 2048, 334.42
384, 5120, 2048, 335.36
384, 5120, 2048, 333.85
384, 5120, 2048, 333.56
384, 5120, 2048, 333.89
384, 5120, 2048, 333.66
384, 5120, 2048, 334.11
384, 5120, 2048, 335.60
384, 5120, 2048, 335.61
384, 5120, 2048, 334.62
384, 5120, 2048, 336.58
384, 5120, 2048, 336.85
384, 5120, 2048, 333.61
384, 5120, 2048, 336.27
384, 5120, 2048, 336.96
384, 5120, 2048, 336.83
384, 5120, 2048, 334.84
384, 5120, 2048, 336.00
384, 5120, 2048, 336.61
384, 5120, 2048, 334.31
384, 5120, 2048, 335.25
384, 5120, 2048, 334.51
384, 5120, 2048, 334.96
384, 5120, 2048, 334.84
384, 5120, 2048, 334.65
384, 5120, 2048, 334.58
384, 5120, 2048, 335.48
384, 5120, 2048, 334.67
