bli_shgemm performance
MC = 384, KC = 3840, NC = 1024
m, n, k, GFLOPS
384, 1024, 3840, 343.86
384, 1024, 3840, 343.20
384, 1024, 3840, 344.49
384, 1024, 3840, 343.61
384, 1024, 3840, 343.92
384, 1024, 3840, 343.47
384, 1024, 3840, 344.09
384, 1024, 3840, 343.18
384, 1024, 3840, 342.82
384, 1024, 3840, 342.77
384, 1024, 3840, 343.39
384, 1024, 3840, 342.52
384, 1024, 3840, 342.39
384, 1024, 3840, 341.83
384, 1024, 3840, 343.53
384, 1024, 3840, 342.05
384, 1024, 3840, 343.12
384, 1024, 3840, 342.69
384, 1024, 3840, 342.97
384, 1024, 3840, 342.00
384, 1024, 3840, 343.70
384, 1024, 3840, 342.20
384, 1024, 3840, 343.46
384, 1024, 3840, 342.27
384, 1024, 3840, 342.88
384, 1024, 3840, 342.49
384, 1024, 3840, 343.17
384, 1024, 3840, 342.85
384, 1024, 3840, 342.89
384, 1024, 3840, 342.92
384, 1024, 3840, 342.89
384, 1024, 3840, 342.60
384, 1024, 3840, 343.25
384, 1024, 3840, 343.46
384, 1024, 3840, 342.55
384, 1024, 3840, 342.45
384, 1024, 3840, 343.64
384, 1024, 3840, 342.52
384, 1024, 3840, 343.17
384, 1024, 3840, 343.21
384, 1024, 3840, 343.32
384, 1024, 3840, 343.14
384, 1024, 3840, 343.27
384, 1024, 3840, 342.85
384, 1024, 3840, 343.14
384, 1024, 3840, 343.24
384, 1024, 3840, 343.45
384, 1024, 3840, 342.50
384, 1024, 3840, 343.23
384, 1024, 3840, 341.55
