bli_shgemm performance
MC = 640, KC = 2304, NC = 4096
m, n, k, GFLOPS
640, 4096, 2304, 366.15
640, 4096, 2304, 366.52
640, 4096, 2304, 367.31
640, 4096, 2304, 365.50
640, 4096, 2304, 365.61
640, 4096, 2304, 365.79
640, 4096, 2304, 367.22
640, 4096, 2304, 365.94
640, 4096, 2304, 367.07
640, 4096, 2304, 368.21
640, 4096, 2304, 366.99
640, 4096, 2304, 365.94
640, 4096, 2304, 365.85
640, 4096, 2304, 366.99
640, 4096, 2304, 367.29
640, 4096, 2304, 366.73
640, 4096, 2304, 366.41
640, 4096, 2304, 367.31
640, 4096, 2304, 368.16
640, 4096, 2304, 366.87
640, 4096, 2304, 366.81
640, 4096, 2304, 367.04
640, 4096, 2304, 366.44
640, 4096, 2304, 368.17
640, 4096, 2304, 367.11
640, 4096, 2304, 366.34
640, 4096, 2304, 366.82
640, 4096, 2304, 367.21
640, 4096, 2304, 368.39
640, 4096, 2304, 366.72
640, 4096, 2304, 366.50
640, 4096, 2304, 367.96
640, 4096, 2304, 368.26
640, 4096, 2304, 368.11
640, 4096, 2304, 366.77
640, 4096, 2304, 367.05
640, 4096, 2304, 367.47
640, 4096, 2304, 367.50
640, 4096, 2304, 367.17
640, 4096, 2304, 368.34
640, 4096, 2304, 367.64
640, 4096, 2304, 367.56
640, 4096, 2304, 368.44
640, 4096, 2304, 366.97
640, 4096, 2304, 366.37
640, 4096, 2304, 367.78
640, 4096, 2304, 367.73
640, 4096, 2304, 366.85
640, 4096, 2304, 366.95
640, 4096, 2304, 366.45
