bli_shgemm performance
MC = 640, KC = 3328, NC = 2048
m, n, k, GFLOPS
640, 2048, 3328, 338.95
640, 2048, 3328, 338.76
640, 2048, 3328, 338.61
640, 2048, 3328, 338.63
640, 2048, 3328, 338.83
640, 2048, 3328, 338.54
640, 2048, 3328, 338.21
640, 2048, 3328, 338.41
640, 2048, 3328, 339.26
640, 2048, 3328, 338.56
640, 2048, 3328, 338.63
640, 2048, 3328, 338.48
640, 2048, 3328, 338.69
640, 2048, 3328, 338.41
640, 2048, 3328, 338.45
640, 2048, 3328, 338.64
640, 2048, 3328, 338.23
640, 2048, 3328, 338.90
640, 2048, 3328, 338.19
640, 2048, 3328, 338.67
640, 2048, 3328, 338.53
640, 2048, 3328, 338.82
640, 2048, 3328, 338.36
640, 2048, 3328, 338.97
640, 2048, 3328, 338.49
640, 2048, 3328, 338.81
640, 2048, 3328, 338.56
640, 2048, 3328, 339.47
640, 2048, 3328, 338.86
640, 2048, 3328, 338.29
640, 2048, 3328, 339.16
640, 2048, 3328, 338.96
640, 2048, 3328, 337.83
640, 2048, 3328, 338.65
640, 2048, 3328, 338.54
640, 2048, 3328, 338.23
640, 2048, 3328, 338.21
640, 2048, 3328, 338.47
640, 2048, 3328, 338.75
640, 2048, 3328, 338.79
640, 2048, 3328, 338.52
640, 2048, 3328, 338.35
640, 2048, 3328, 338.25
640, 2048, 3328, 338.76
640, 2048, 3328, 338.98
640, 2048, 3328, 337.91
640, 2048, 3328, 338.24
640, 2048, 3328, 338.18
640, 2048, 3328, 337.96
640, 2048, 3328, 338.89
