bli_shgemm performance
MC = 256, KC = 2560, NC = 4096
m, n, k, GFLOPS
256, 4096, 2560, 304.62
256, 4096, 2560, 303.12
256, 4096, 2560, 303.74
256, 4096, 2560, 305.37
256, 4096, 2560, 303.36
256, 4096, 2560, 301.88
256, 4096, 2560, 301.93
256, 4096, 2560, 303.81
256, 4096, 2560, 304.02
256, 4096, 2560, 302.19
256, 4096, 2560, 304.13
256, 4096, 2560, 302.38
256, 4096, 2560, 301.90
256, 4096, 2560, 302.96
256, 4096, 2560, 302.32
256, 4096, 2560, 304.03
256, 4096, 2560, 302.80
256, 4096, 2560, 304.08
256, 4096, 2560, 301.83
256, 4096, 2560, 302.23
256, 4096, 2560, 302.22
256, 4096, 2560, 302.49
256, 4096, 2560, 301.78
256, 4096, 2560, 301.46
256, 4096, 2560, 301.67
256, 4096, 2560, 302.10
256, 4096, 2560, 304.22
256, 4096, 2560, 302.46
256, 4096, 2560, 303.47
256, 4096, 2560, 301.99
256, 4096, 2560, 303.87
256, 4096, 2560, 301.72
256, 4096, 2560, 303.90
256, 4096, 2560, 301.21
256, 4096, 2560, 301.28
256, 4096, 2560, 302.13
256, 4096, 2560, 304.47
256, 4096, 2560, 302.37
256, 4096, 2560, 302.58
256, 4096, 2560, 302.42
256, 4096, 2560, 301.50
256, 4096, 2560, 302.75
256, 4096, 2560, 301.86
256, 4096, 2560, 302.34
256, 4096, 2560, 302.45
256, 4096, 2560, 305.01
256, 4096, 2560, 301.38
256, 4096, 2560, 302.24
256, 4096, 2560, 305.22
256, 4096, 2560, 304.34
