bli_shgemm performance
MC = 256, KC = 1024, NC = 4096
m, n, k, GFLOPS
256, 4096, 1024, 308.47
256, 4096, 1024, 308.54
256, 4096, 1024, 308.13
256, 4096, 1024, 308.53
256, 4096, 1024, 307.81
256, 4096, 1024, 308.36
256, 4096, 1024, 308.47
256, 4096, 1024, 308.67
256, 4096, 1024, 308.73
256, 4096, 1024, 308.24
256, 4096, 1024, 308.83
256, 4096, 1024, 308.31
256, 4096, 1024, 308.29
256, 4096, 1024, 308.20
256, 4096, 1024, 308.45
256, 4096, 1024, 307.86
256, 4096, 1024, 309.18
256, 4096, 1024, 308.28
256, 4096, 1024, 309.02
256, 4096, 1024, 309.02
256, 4096, 1024, 309.05
256, 4096, 1024, 308.72
256, 4096, 1024, 308.79
256, 4096, 1024, 308.90
256, 4096, 1024, 308.34
256, 4096, 1024, 308.18
256, 4096, 1024, 308.49
256, 4096, 1024, 308.18
256, 4096, 1024, 308.76
256, 4096, 1024, 308.26
256, 4096, 1024, 308.57
256, 4096, 1024, 308.86
256, 4096, 1024, 308.94
256, 4096, 1024, 308.99
256, 4096, 1024, 308.32
256, 4096, 1024, 308.63
256, 4096, 1024, 309.05
256, 4096, 1024, 309.26
256, 4096, 1024, 308.11
256, 4096, 1024, 308.48
256, 4096, 1024, 308.05
256, 4096, 1024, 308.33
256, 4096, 1024, 308.90
256, 4096, 1024, 308.16
256, 4096, 1024, 308.05
256, 4096, 1024, 308.71
256, 4096, 1024, 308.54
256, 4096, 1024, 307.90
256, 4096, 1024, 308.15
256, 4096, 1024, 308.18
