bli_shgemm performance
MC = 384, KC = 768, NC = 1024
m, n, k, GFLOPS
384, 1024, 768, 326.58
384, 1024, 768, 325.71
384, 1024, 768, 325.60
384, 1024, 768, 325.91
384, 1024, 768, 326.71
384, 1024, 768, 326.24
384, 1024, 768, 326.52
384, 1024, 768, 327.23
384, 1024, 768, 326.91
384, 1024, 768, 327.69
384, 1024, 768, 326.28
384, 1024, 768, 326.10
384, 1024, 768, 326.91
384, 1024, 768, 326.79
384, 1024, 768, 326.15
384, 1024, 768, 326.45
384, 1024, 768, 326.09
384, 1024, 768, 326.95
384, 1024, 768, 326.38
384, 1024, 768, 326.79
384, 1024, 768, 326.28
384, 1024, 768, 327.00
384, 1024, 768, 326.33
384, 1024, 768, 327.01
384, 1024, 768, 326.33
384, 1024, 768, 326.47
384, 1024, 768, 327.64
384, 1024, 768, 326.86
384, 1024, 768, 327.02
384, 1024, 768, 327.11
384, 1024, 768, 326.60
384, 1024, 768, 327.16
384, 1024, 768, 325.99
384, 1024, 768, 326.59
384, 1024, 768, 327.08
384, 1024, 768, 327.14
384, 1024, 768, 326.13
384, 1024, 768, 326.86
384, 1024, 768, 326.25
384, 1024, 768, 326.73
384, 1024, 768, 326.05
384, 1024, 768, 326.34
384, 1024, 768, 326.11
384, 1024, 768, 326.18
384, 1024, 768, 326.04
384, 1024, 768, 326.98
384, 1024, 768, 326.43
384, 1024, 768, 326.53
384, 1024, 768, 326.57
384, 1024, 768, 326.38
