bli_shgemm performance
MC = 256, KC = 768, NC = 2048
m, n, k, GFLOPS
256, 2048, 768, 305.47
256, 2048, 768, 306.25
256, 2048, 768, 305.87
256, 2048, 768, 306.51
256, 2048, 768, 307.01
256, 2048, 768, 306.22
256, 2048, 768, 306.14
256, 2048, 768, 305.86
256, 2048, 768, 306.32
256, 2048, 768, 306.10
256, 2048, 768, 306.07
256, 2048, 768, 306.37
256, 2048, 768, 306.06
256, 2048, 768, 305.79
256, 2048, 768, 306.29
256, 2048, 768, 305.70
256, 2048, 768, 306.46
256, 2048, 768, 306.51
256, 2048, 768, 306.60
256, 2048, 768, 306.36
256, 2048, 768, 305.56
256, 2048, 768, 306.47
256, 2048, 768, 306.16
256, 2048, 768, 307.34
256, 2048, 768, 305.68
256, 2048, 768, 306.06
256, 2048, 768, 305.71
256, 2048, 768, 305.42
256, 2048, 768, 306.07
256, 2048, 768, 306.38
256, 2048, 768, 307.22
256, 2048, 768, 305.85
256, 2048, 768, 305.95
256, 2048, 768, 305.85
256, 2048, 768, 306.05
256, 2048, 768, 305.88
256, 2048, 768, 306.44
256, 2048, 768, 306.66
256, 2048, 768, 306.00
256, 2048, 768, 306.38
256, 2048, 768, 306.62
256, 2048, 768, 306.23
256, 2048, 768, 306.22
256, 2048, 768, 305.93
256, 2048, 768, 306.32
256, 2048, 768, 306.02
256, 2048, 768, 306.00
256, 2048, 768, 305.64
256, 2048, 768, 305.95
256, 2048, 768, 306.44
