bli_shgemm performance
MC = 256, KC = 2048, NC = 5120
m, n, k, GFLOPS
256, 5120, 2048, 338.71
256, 5120, 2048, 338.78
256, 5120, 2048, 336.88
256, 5120, 2048, 336.44
256, 5120, 2048, 338.14
256, 5120, 2048, 338.59
256, 5120, 2048, 337.21
256, 5120, 2048, 338.78
256, 5120, 2048, 335.99
256, 5120, 2048, 337.54
256, 5120, 2048, 337.45
256, 5120, 2048, 339.32
256, 5120, 2048, 339.07
256, 5120, 2048, 336.71
256, 5120, 2048, 338.45
256, 5120, 2048, 338.44
256, 5120, 2048, 336.77
256, 5120, 2048, 335.47
256, 5120, 2048, 336.70
256, 5120, 2048, 338.21
256, 5120, 2048, 336.81
256, 5120, 2048, 336.92
256, 5120, 2048, 337.83
256, 5120, 2048, 336.92
256, 5120, 2048, 337.51
256, 5120, 2048, 338.65
256, 5120, 2048, 338.86
256, 5120, 2048, 336.65
256, 5120, 2048, 338.57
256, 5120, 2048, 338.63
256, 5120, 2048, 338.22
256, 5120, 2048, 338.52
256, 5120, 2048, 338.73
256, 5120, 2048, 337.14
256, 5120, 2048, 338.63
256, 5120, 2048, 336.86
256, 5120, 2048, 339.54
256, 5120, 2048, 338.74
256, 5120, 2048, 338.79
256, 5120, 2048, 339.06
256, 5120, 2048, 338.68
256, 5120, 2048, 336.03
256, 5120, 2048, 336.95
256, 5120, 2048, 337.71
256, 5120, 2048, 337.80
256, 5120, 2048, 336.39
256, 5120, 2048, 338.33
256, 5120, 2048, 337.38
256, 5120, 2048, 338.06
256, 5120, 2048, 337.68
