bli_shgemm performance
MC = 384, KC = 512, NC = 1024
m, n, k, GFLOPS
384, 1024, 512, 330.13
384, 1024, 512, 329.89
384, 1024, 512, 329.36
384, 1024, 512, 329.48
384, 1024, 512, 329.81
384, 1024, 512, 329.98
384, 1024, 512, 330.26
384, 1024, 512, 328.89
384, 1024, 512, 329.70
384, 1024, 512, 329.55
384, 1024, 512, 330.10
384, 1024, 512, 329.94
384, 1024, 512, 330.36
384, 1024, 512, 329.82
384, 1024, 512, 329.13
384, 1024, 512, 328.56
384, 1024, 512, 329.08
384, 1024, 512, 329.93
384, 1024, 512, 330.42
384, 1024, 512, 328.73
384, 1024, 512, 330.32
384, 1024, 512, 329.47
384, 1024, 512, 329.93
384, 1024, 512, 329.37
384, 1024, 512, 329.69
384, 1024, 512, 330.14
384, 1024, 512, 329.78
384, 1024, 512, 329.65
384, 1024, 512, 329.86
384, 1024, 512, 329.29
384, 1024, 512, 329.71
384, 1024, 512, 329.65
384, 1024, 512, 330.15
384, 1024, 512, 329.51
384, 1024, 512, 329.37
384, 1024, 512, 328.68
384, 1024, 512, 330.12
384, 1024, 512, 329.36
384, 1024, 512, 329.35
384, 1024, 512, 329.08
384, 1024, 512, 330.01
384, 1024, 512, 329.22
384, 1024, 512, 328.40
384, 1024, 512, 329.28
384, 1024, 512, 330.56
384, 1024, 512, 330.21
384, 1024, 512, 329.39
384, 1024, 512, 329.06
384, 1024, 512, 329.63
384, 1024, 512, 328.97
