bli_shgemm performance
MC = 640, KC = 3584, NC = 2048
m, n, k, GFLOPS
640, 2048, 3584, 296.53
640, 2048, 3584, 295.77
640, 2048, 3584, 295.87
640, 2048, 3584, 295.87
640, 2048, 3584, 295.55
640, 2048, 3584, 295.80
640, 2048, 3584, 296.03
640, 2048, 3584, 295.29
640, 2048, 3584, 295.88
640, 2048, 3584, 295.32
640, 2048, 3584, 296.72
640, 2048, 3584, 296.10
640, 2048, 3584, 295.93
640, 2048, 3584, 296.43
640, 2048, 3584, 296.01
640, 2048, 3584, 295.83
640, 2048, 3584, 295.94
640, 2048, 3584, 295.04
640, 2048, 3584, 295.97
640, 2048, 3584, 295.79
640, 2048, 3584, 295.58
640, 2048, 3584, 295.56
640, 2048, 3584, 295.75
640, 2048, 3584, 297.06
640, 2048, 3584, 296.32
640, 2048, 3584, 296.38
640, 2048, 3584, 296.21
640, 2048, 3584, 296.56
640, 2048, 3584, 295.84
640, 2048, 3584, 296.27
640, 2048, 3584, 296.17
640, 2048, 3584, 296.67
640, 2048, 3584, 296.03
640, 2048, 3584, 296.00
640, 2048, 3584, 296.09
640, 2048, 3584, 296.99
640, 2048, 3584, 296.48
640, 2048, 3584, 295.93
640, 2048, 3584, 295.85
640, 2048, 3584, 296.60
640, 2048, 3584, 296.22
640, 2048, 3584, 295.84
640, 2048, 3584, 296.24
640, 2048, 3584, 295.98
640, 2048, 3584, 296.38
640, 2048, 3584, 295.59
640, 2048, 3584, 295.93
640, 2048, 3584, 296.36
640, 2048, 3584, 296.82
640, 2048, 3584, 295.88
