bli_shgemm performance
MC = 256, KC = 3072, NC = 5120
m, n, k, GFLOPS
256, 5120, 3072, 305.37
256, 5120, 3072, 305.44
256, 5120, 3072, 305.30
256, 5120, 3072, 305.58
256, 5120, 3072, 305.96
256, 5120, 3072, 305.15
256, 5120, 3072, 305.20
256, 5120, 3072, 305.87
256, 5120, 3072, 305.78
256, 5120, 3072, 305.21
256, 5120, 3072, 306.18
256, 5120, 3072, 305.57
256, 5120, 3072, 306.04
256, 5120, 3072, 305.81
256, 5120, 3072, 305.57
256, 5120, 3072, 305.52
256, 5120, 3072, 305.29
256, 5120, 3072, 305.84
256, 5120, 3072, 305.33
256, 5120, 3072, 305.86
256, 5120, 3072, 305.46
256, 5120, 3072, 305.92
256, 5120, 3072, 305.19
256, 5120, 3072, 306.15
256, 5120, 3072, 305.23
256, 5120, 3072, 306.27
256, 5120, 3072, 305.31
256, 5120, 3072, 306.53
256, 5120, 3072, 306.37
256, 5120, 3072, 305.36
256, 5120, 3072, 305.92
256, 5120, 3072, 305.30
256, 5120, 3072, 305.19
256, 5120, 3072, 305.26
256, 5120, 3072, 305.96
256, 5120, 3072, 305.25
256, 5120, 3072, 305.32
256, 5120, 3072, 305.72
256, 5120, 3072, 305.17
256, 5120, 3072, 305.85
256, 5120, 3072, 305.77
256, 5120, 3072, 305.38
256, 5120, 3072, 305.93
256, 5120, 3072, 305.42
256, 5120, 3072, 305.23
256, 5120, 3072, 305.84
256, 5120, 3072, 305.45
256, 5120, 3072, 305.29
256, 5120, 3072, 305.23
256, 5120, 3072, 305.19
