bli_shgemm performance
MC = 256, KC = 2048, NC = 3072
m, n, k, GFLOPS
256, 3072, 2048, 315.09
256, 3072, 2048, 315.25
256, 3072, 2048, 316.17
256, 3072, 2048, 315.49
256, 3072, 2048, 315.07
256, 3072, 2048, 314.78
256, 3072, 2048, 314.94
256, 3072, 2048, 314.63
256, 3072, 2048, 315.55
256, 3072, 2048, 314.00
256, 3072, 2048, 314.40
256, 3072, 2048, 315.19
256, 3072, 2048, 314.89
256, 3072, 2048, 315.30
256, 3072, 2048, 314.73
256, 3072, 2048, 314.77
256, 3072, 2048, 314.77
256, 3072, 2048, 315.25
256, 3072, 2048, 314.42
256, 3072, 2048, 314.79
256, 3072, 2048, 315.06
256, 3072, 2048, 314.26
256, 3072, 2048, 314.96
256, 3072, 2048, 314.70
256, 3072, 2048, 314.23
256, 3072, 2048, 314.81
256, 3072, 2048, 314.87
256, 3072, 2048, 315.11
256, 3072, 2048, 315.04
256, 3072, 2048, 314.37
256, 3072, 2048, 315.08
256, 3072, 2048, 314.88
256, 3072, 2048, 315.16
256, 3072, 2048, 314.04
256, 3072, 2048, 314.07
256, 3072, 2048, 314.80
256, 3072, 2048, 315.09
256, 3072, 2048, 314.04
256, 3072, 2048, 313.99
256, 3072, 2048, 313.88
256, 3072, 2048, 313.33
256, 3072, 2048, 315.66
256, 3072, 2048, 315.20
256, 3072, 2048, 314.91
256, 3072, 2048, 315.52
256, 3072, 2048, 314.57
256, 3072, 2048, 315.04
256, 3072, 2048, 314.76
256, 3072, 2048, 313.76
256, 3072, 2048, 313.99
