bli_shgemm performance
MC = 512, KC = 256, NC = 4096
m, n, k, GFLOPS
512, 4096, 256, 278.32
512, 4096, 256, 278.59
512, 4096, 256, 278.18
512, 4096, 256, 278.99
512, 4096, 256, 278.45
512, 4096, 256, 278.22
512, 4096, 256, 277.55
512, 4096, 256, 278.18
512, 4096, 256, 278.16
512, 4096, 256, 278.01
512, 4096, 256, 278.25
512, 4096, 256, 277.64
512, 4096, 256, 278.04
512, 4096, 256, 278.11
512, 4096, 256, 278.19
512, 4096, 256, 278.42
512, 4096, 256, 278.11
512, 4096, 256, 278.31
512, 4096, 256, 278.68
512, 4096, 256, 278.60
512, 4096, 256, 278.50
512, 4096, 256, 278.82
512, 4096, 256, 278.70
512, 4096, 256, 278.39
512, 4096, 256, 278.47
512, 4096, 256, 278.10
512, 4096, 256, 278.18
512, 4096, 256, 277.09
512, 4096, 256, 278.91
512, 4096, 256, 278.28
512, 4096, 256, 278.29
512, 4096, 256, 278.04
512, 4096, 256, 278.23
512, 4096, 256, 278.24
512, 4096, 256, 278.39
512, 4096, 256, 277.85
512, 4096, 256, 277.53
512, 4096, 256, 278.01
512, 4096, 256, 278.58
512, 4096, 256, 277.91
512, 4096, 256, 277.30
512, 4096, 256, 278.10
512, 4096, 256, 278.43
512, 4096, 256, 277.98
512, 4096, 256, 277.20
512, 4096, 256, 277.53
512, 4096, 256, 278.46
512, 4096, 256, 278.41
512, 4096, 256, 278.21
512, 4096, 256, 278.34
