bli_shgemm performance
MC = 512, KC = 256, NC = 2048
m, n, k, GFLOPS
512, 2048, 256, 283.40
512, 2048, 256, 284.52
512, 2048, 256, 285.04
512, 2048, 256, 283.45
512, 2048, 256, 284.46
512, 2048, 256, 284.40
512, 2048, 256, 283.51
512, 2048, 256, 284.37
512, 2048, 256, 284.89
512, 2048, 256, 285.26
512, 2048, 256, 284.71
512, 2048, 256, 285.16
512, 2048, 256, 284.28
512, 2048, 256, 285.60
512, 2048, 256, 286.69
512, 2048, 256, 285.98
512, 2048, 256, 284.81
512, 2048, 256, 284.61
512, 2048, 256, 284.93
512, 2048, 256, 286.57
512, 2048, 256, 284.30
512, 2048, 256, 284.30
512, 2048, 256, 286.76
512, 2048, 256, 286.17
512, 2048, 256, 285.88
512, 2048, 256, 283.95
512, 2048, 256, 286.05
512, 2048, 256, 284.03
512, 2048, 256, 283.79
512, 2048, 256, 284.67
512, 2048, 256, 285.46
512, 2048, 256, 285.17
512, 2048, 256, 285.56
512, 2048, 256, 284.80
512, 2048, 256, 284.96
512, 2048, 256, 285.28
512, 2048, 256, 284.95
512, 2048, 256, 285.02
512, 2048, 256, 284.68
512, 2048, 256, 284.26
512, 2048, 256, 284.08
512, 2048, 256, 286.45
512, 2048, 256, 284.58
512, 2048, 256, 284.18
512, 2048, 256, 285.79
512, 2048, 256, 285.18
512, 2048, 256, 284.28
512, 2048, 256, 284.82
512, 2048, 256, 284.60
512, 2048, 256, 285.04
