bli_shgemm performance
MC = 512, KC = 768, NC = 2048
m, n, k, GFLOPS
512, 2048, 768, 336.02
512, 2048, 768, 336.18
512, 2048, 768, 335.91
512, 2048, 768, 335.74
512, 2048, 768, 335.98
512, 2048, 768, 336.33
512, 2048, 768, 336.31
512, 2048, 768, 335.87
512, 2048, 768, 335.50
512, 2048, 768, 336.02
512, 2048, 768, 335.66
512, 2048, 768, 336.44
512, 2048, 768, 336.28
512, 2048, 768, 335.68
512, 2048, 768, 336.37
512, 2048, 768, 336.61
512, 2048, 768, 336.81
512, 2048, 768, 336.27
512, 2048, 768, 336.04
512, 2048, 768, 336.56
512, 2048, 768, 335.87
512, 2048, 768, 336.38
512, 2048, 768, 336.30
512, 2048, 768, 336.03
512, 2048, 768, 336.45
512, 2048, 768, 335.78
512, 2048, 768, 336.27
512, 2048, 768, 335.92
512, 2048, 768, 335.76
512, 2048, 768, 335.68
512, 2048, 768, 336.54
512, 2048, 768, 336.57
512, 2048, 768, 336.52
512, 2048, 768, 336.84
512, 2048, 768, 336.85
512, 2048, 768, 336.59
512, 2048, 768, 335.78
512, 2048, 768, 336.56
512, 2048, 768, 336.15
512, 2048, 768, 336.94
512, 2048, 768, 336.70
512, 2048, 768, 336.73
512, 2048, 768, 336.97
512, 2048, 768, 336.21
512, 2048, 768, 336.44
512, 2048, 768, 336.88
512, 2048, 768, 336.52
512, 2048, 768, 335.91
512, 2048, 768, 336.67
512, 2048, 768, 337.50
