bli_shgemm performance
MC = 256, KC = 4096, NC = 5120
m, n, k, GFLOPS
256, 5120, 4096, 298.11
256, 5120, 4096, 298.12
256, 5120, 4096, 298.22
256, 5120, 4096, 298.11
256, 5120, 4096, 298.26
256, 5120, 4096, 298.24
256, 5120, 4096, 298.29
256, 5120, 4096, 298.24
256, 5120, 4096, 298.21
256, 5120, 4096, 298.08
256, 5120, 4096, 298.16
256, 5120, 4096, 298.16
256, 5120, 4096, 298.28
256, 5120, 4096, 298.04
256, 5120, 4096, 298.43
256, 5120, 4096, 298.29
256, 5120, 4096, 298.19
256, 5120, 4096, 298.20
256, 5120, 4096, 298.38
256, 5120, 4096, 298.34
256, 5120, 4096, 298.31
256, 5120, 4096, 298.08
256, 5120, 4096, 298.12
256, 5120, 4096, 298.05
256, 5120, 4096, 298.10
256, 5120, 4096, 298.10
256, 5120, 4096, 298.00
256, 5120, 4096, 298.06
256, 5120, 4096, 298.04
256, 5120, 4096, 298.23
256, 5120, 4096, 298.00
256, 5120, 4096, 298.21
256, 5120, 4096, 298.25
256, 5120, 4096, 298.11
256, 5120, 4096, 298.21
256, 5120, 4096, 298.27
256, 5120, 4096, 298.21
256, 5120, 4096, 298.22
256, 5120, 4096, 298.20
256, 5120, 4096, 298.08
256, 5120, 4096, 298.12
256, 5120, 4096, 298.10
256, 5120, 4096, 298.05
256, 5120, 4096, 298.24
256, 5120, 4096, 298.27
256, 5120, 4096, 298.18
256, 5120, 4096, 298.28
256, 5120, 4096, 298.13
256, 5120, 4096, 298.11
256, 5120, 4096, 298.02
