bli_shgemm performance
MC = 640, KC = 3072, NC = 4096
m, n, k, GFLOPS
640, 4096, 3072, 345.52
640, 4096, 3072, 345.46
640, 4096, 3072, 345.57
640, 4096, 3072, 345.54
640, 4096, 3072, 345.91
640, 4096, 3072, 345.50
640, 4096, 3072, 345.46
640, 4096, 3072, 345.93
640, 4096, 3072, 345.74
640, 4096, 3072, 345.62
640, 4096, 3072, 345.33
640, 4096, 3072, 345.65
640, 4096, 3072, 345.38
640, 4096, 3072, 345.35
640, 4096, 3072, 345.32
640, 4096, 3072, 345.14
640, 4096, 3072, 345.44
640, 4096, 3072, 345.62
640, 4096, 3072, 345.78
640, 4096, 3072, 345.17
640, 4096, 3072, 345.52
640, 4096, 3072, 345.11
640, 4096, 3072, 345.28
640, 4096, 3072, 345.21
640, 4096, 3072, 345.50
640, 4096, 3072, 345.53
640, 4096, 3072, 345.43
640, 4096, 3072, 345.79
640, 4096, 3072, 345.49
640, 4096, 3072, 345.43
640, 4096, 3072, 345.17
640, 4096, 3072, 345.41
640, 4096, 3072, 345.32
640, 4096, 3072, 345.36
640, 4096, 3072, 345.87
640, 4096, 3072, 345.63
640, 4096, 3072, 345.32
640, 4096, 3072, 345.17
640, 4096, 3072, 345.29
640, 4096, 3072, 345.30
640, 4096, 3072, 345.09
640, 4096, 3072, 345.60
640, 4096, 3072, 345.29
640, 4096, 3072, 345.56
640, 4096, 3072, 345.29
640, 4096, 3072, 345.10
640, 4096, 3072, 345.52
640, 4096, 3072, 345.46
640, 4096, 3072, 345.55
640, 4096, 3072, 345.31
