bli_shgemm performance
MC = 256, KC = 1792, NC = 1024
m, n, k, GFLOPS
256, 1024, 1792, 274.38
256, 1024, 1792, 311.32
256, 1024, 1792, 310.98
256, 1024, 1792, 310.75
256, 1024, 1792, 311.19
256, 1024, 1792, 311.06
256, 1024, 1792, 311.07
256, 1024, 1792, 311.29
256, 1024, 1792, 310.80
256, 1024, 1792, 311.05
256, 1024, 1792, 311.17
256, 1024, 1792, 310.61
256, 1024, 1792, 311.28
256, 1024, 1792, 310.87
256, 1024, 1792, 310.74
256, 1024, 1792, 310.73
256, 1024, 1792, 311.14
256, 1024, 1792, 310.73
256, 1024, 1792, 311.05
256, 1024, 1792, 274.71
256, 1024, 1792, 274.12
256, 1024, 1792, 273.91
256, 1024, 1792, 273.13
256, 1024, 1792, 273.32
256, 1024, 1792, 274.97
256, 1024, 1792, 273.44
256, 1024, 1792, 310.64
256, 1024, 1792, 310.76
256, 1024, 1792, 311.08
256, 1024, 1792, 310.98
256, 1024, 1792, 311.45
256, 1024, 1792, 311.19
256, 1024, 1792, 311.68
256, 1024, 1792, 311.08
256, 1024, 1792, 310.80
256, 1024, 1792, 310.80
256, 1024, 1792, 311.27
256, 1024, 1792, 311.14
256, 1024, 1792, 311.17
256, 1024, 1792, 311.10
256, 1024, 1792, 311.08
256, 1024, 1792, 311.43
256, 1024, 1792, 310.72
256, 1024, 1792, 310.88
256, 1024, 1792, 310.98
256, 1024, 1792, 311.09
256, 1024, 1792, 310.99
256, 1024, 1792, 311.00
256, 1024, 1792, 310.92
256, 1024, 1792, 310.81
