bli_shgemm performance
MC = 640, KC = 2816, NC = 2048
m, n, k, GFLOPS
640, 2048, 2816, 359.45
640, 2048, 2816, 359.12
640, 2048, 2816, 358.36
640, 2048, 2816, 358.78
640, 2048, 2816, 358.91
640, 2048, 2816, 360.05
640, 2048, 2816, 358.66
640, 2048, 2816, 359.46
640, 2048, 2816, 357.59
640, 2048, 2816, 358.99
640, 2048, 2816, 359.43
640, 2048, 2816, 358.68
640, 2048, 2816, 359.31
640, 2048, 2816, 360.00
640, 2048, 2816, 358.84
640, 2048, 2816, 359.34
640, 2048, 2816, 358.80
640, 2048, 2816, 359.72
640, 2048, 2816, 360.27
640, 2048, 2816, 359.04
640, 2048, 2816, 358.86
640, 2048, 2816, 358.37
640, 2048, 2816, 358.74
640, 2048, 2816, 358.48
640, 2048, 2816, 359.93
640, 2048, 2816, 360.32
640, 2048, 2816, 359.18
640, 2048, 2816, 358.62
640, 2048, 2816, 358.83
640, 2048, 2816, 359.14
640, 2048, 2816, 359.19
640, 2048, 2816, 358.42
640, 2048, 2816, 358.85
640, 2048, 2816, 359.11
640, 2048, 2816, 359.60
640, 2048, 2816, 359.12
640, 2048, 2816, 358.67
640, 2048, 2816, 359.19
640, 2048, 2816, 358.73
640, 2048, 2816, 359.85
640, 2048, 2816, 358.04
640, 2048, 2816, 358.62
640, 2048, 2816, 360.10
640, 2048, 2816, 358.69
640, 2048, 2816, 359.53
640, 2048, 2816, 360.04
640, 2048, 2816, 358.67
640, 2048, 2816, 359.64
640, 2048, 2816, 359.51
640, 2048, 2816, 359.17
