bli_shgemm performance
MC = 640, KC = 2048, NC = 2048
m, n, k, GFLOPS
640, 2048, 2048, 367.17
640, 2048, 2048, 367.13
640, 2048, 2048, 367.50
640, 2048, 2048, 367.24
640, 2048, 2048, 367.75
640, 2048, 2048, 366.61
640, 2048, 2048, 367.71
640, 2048, 2048, 367.48
640, 2048, 2048, 366.98
640, 2048, 2048, 366.49
640, 2048, 2048, 366.44
640, 2048, 2048, 367.15
640, 2048, 2048, 366.47
640, 2048, 2048, 367.10
640, 2048, 2048, 366.45
640, 2048, 2048, 366.65
640, 2048, 2048, 366.65
640, 2048, 2048, 366.74
640, 2048, 2048, 366.84
640, 2048, 2048, 366.88
640, 2048, 2048, 366.19
640, 2048, 2048, 366.45
640, 2048, 2048, 366.91
640, 2048, 2048, 367.03
640, 2048, 2048, 367.04
640, 2048, 2048, 366.73
640, 2048, 2048, 366.43
640, 2048, 2048, 366.52
640, 2048, 2048, 366.18
640, 2048, 2048, 367.95
640, 2048, 2048, 367.14
640, 2048, 2048, 365.88
640, 2048, 2048, 366.18
640, 2048, 2048, 365.22
640, 2048, 2048, 366.29
640, 2048, 2048, 366.82
640, 2048, 2048, 366.34
640, 2048, 2048, 366.34
640, 2048, 2048, 365.46
640, 2048, 2048, 365.48
640, 2048, 2048, 366.39
640, 2048, 2048, 366.27
640, 2048, 2048, 365.28
640, 2048, 2048, 366.26
640, 2048, 2048, 366.41
640, 2048, 2048, 365.93
640, 2048, 2048, 365.41
640, 2048, 2048, 366.36
640, 2048, 2048, 365.61
640, 2048, 2048, 366.70
