bli_shgemm performance
MC = 256, KC = 4096, NC = 1024
m, n, k, GFLOPS
256, 1024, 4096, 314.17
256, 1024, 4096, 314.97
256, 1024, 4096, 313.33
256, 1024, 4096, 314.79
256, 1024, 4096, 314.61
256, 1024, 4096, 314.04
256, 1024, 4096, 314.31
256, 1024, 4096, 313.61
256, 1024, 4096, 314.33
256, 1024, 4096, 312.81
256, 1024, 4096, 313.70
256, 1024, 4096, 313.21
256, 1024, 4096, 313.39
256, 1024, 4096, 313.90
256, 1024, 4096, 313.68
256, 1024, 4096, 313.42
256, 1024, 4096, 313.47
256, 1024, 4096, 313.88
256, 1024, 4096, 313.68
256, 1024, 4096, 313.61
256, 1024, 4096, 314.18
256, 1024, 4096, 314.48
256, 1024, 4096, 314.59
256, 1024, 4096, 313.40
256, 1024, 4096, 314.26
256, 1024, 4096, 313.10
256, 1024, 4096, 313.76
256, 1024, 4096, 312.52
256, 1024, 4096, 313.25
256, 1024, 4096, 314.34
256, 1024, 4096, 313.61
256, 1024, 4096, 313.82
256, 1024, 4096, 314.15
256, 1024, 4096, 313.32
256, 1024, 4096, 313.83
256, 1024, 4096, 313.99
256, 1024, 4096, 314.37
256, 1024, 4096, 314.15
256, 1024, 4096, 314.57
256, 1024, 4096, 313.56
256, 1024, 4096, 313.60
256, 1024, 4096, 314.11
256, 1024, 4096, 313.35
256, 1024, 4096, 313.94
256, 1024, 4096, 313.64
256, 1024, 4096, 314.13
256, 1024, 4096, 314.04
256, 1024, 4096, 314.13
256, 1024, 4096, 313.25
256, 1024, 4096, 313.30
