bli_shgemm performance
MC = 384, KC = 1024, NC = 5120
m, n, k, GFLOPS
384, 5120, 1024, 326.22
384, 5120, 1024, 327.97
384, 5120, 1024, 328.19
384, 5120, 1024, 330.13
384, 5120, 1024, 327.35
384, 5120, 1024, 330.87
384, 5120, 1024, 330.48
384, 5120, 1024, 329.99
384, 5120, 1024, 329.93
384, 5120, 1024, 330.28
384, 5120, 1024, 329.34
384, 5120, 1024, 329.74
384, 5120, 1024, 328.17
384, 5120, 1024, 328.02
384, 5120, 1024, 328.51
384, 5120, 1024, 326.09
384, 5120, 1024, 329.68
384, 5120, 1024, 330.43
384, 5120, 1024, 327.99
384, 5120, 1024, 329.46
384, 5120, 1024, 329.35
384, 5120, 1024, 327.25
384, 5120, 1024, 329.93
384, 5120, 1024, 329.88
384, 5120, 1024, 327.46
384, 5120, 1024, 329.46
384, 5120, 1024, 328.83
384, 5120, 1024, 326.47
384, 5120, 1024, 328.47
384, 5120, 1024, 326.90
384, 5120, 1024, 327.70
384, 5120, 1024, 327.01
384, 5120, 1024, 326.91
384, 5120, 1024, 329.85
384, 5120, 1024, 329.75
384, 5120, 1024, 326.80
384, 5120, 1024, 329.58
384, 5120, 1024, 329.64
384, 5120, 1024, 331.04
384, 5120, 1024, 330.63
384, 5120, 1024, 327.93
384, 5120, 1024, 329.98
384, 5120, 1024, 330.76
384, 5120, 1024, 329.66
384, 5120, 1024, 326.98
384, 5120, 1024, 326.59
384, 5120, 1024, 329.48
384, 5120, 1024, 329.07
384, 5120, 1024, 327.14
384, 5120, 1024, 327.02
