bli_shgemm performance
MC = 256, KC = 1280, NC = 2048
m, n, k, GFLOPS
256, 2048, 1280, 272.14
256, 2048, 1280, 271.67
256, 2048, 1280, 272.66
256, 2048, 1280, 271.66
256, 2048, 1280, 269.71
256, 2048, 1280, 271.79
256, 2048, 1280, 272.05
256, 2048, 1280, 270.93
256, 2048, 1280, 271.55
256, 2048, 1280, 271.74
256, 2048, 1280, 270.04
256, 2048, 1280, 270.82
256, 2048, 1280, 272.20
256, 2048, 1280, 271.20
256, 2048, 1280, 272.16
256, 2048, 1280, 271.72
256, 2048, 1280, 271.64
256, 2048, 1280, 272.70
256, 2048, 1280, 271.43
256, 2048, 1280, 272.42
256, 2048, 1280, 272.46
256, 2048, 1280, 271.24
256, 2048, 1280, 271.55
256, 2048, 1280, 273.38
256, 2048, 1280, 309.99
256, 2048, 1280, 309.63
256, 2048, 1280, 309.52
256, 2048, 1280, 310.11
256, 2048, 1280, 309.70
256, 2048, 1280, 310.06
256, 2048, 1280, 309.68
256, 2048, 1280, 309.82
256, 2048, 1280, 310.17
256, 2048, 1280, 309.93
256, 2048, 1280, 310.41
256, 2048, 1280, 310.07
256, 2048, 1280, 310.06
256, 2048, 1280, 310.02
256, 2048, 1280, 310.02
256, 2048, 1280, 309.45
256, 2048, 1280, 309.96
256, 2048, 1280, 309.79
256, 2048, 1280, 309.35
256, 2048, 1280, 309.58
256, 2048, 1280, 309.88
256, 2048, 1280, 309.92
256, 2048, 1280, 310.40
256, 2048, 1280, 309.84
256, 2048, 1280, 309.91
256, 2048, 1280, 310.10
