bli_shgemm performance
MC = 512, KC = 3072, NC = 3072
m, n, k, GFLOPS
512, 3072, 3072, 358.66
512, 3072, 3072, 358.34
512, 3072, 3072, 357.69
512, 3072, 3072, 358.27
512, 3072, 3072, 358.45
512, 3072, 3072, 358.86
512, 3072, 3072, 357.72
512, 3072, 3072, 358.28
512, 3072, 3072, 357.88
512, 3072, 3072, 358.98
512, 3072, 3072, 358.48
512, 3072, 3072, 358.62
512, 3072, 3072, 357.76
512, 3072, 3072, 359.11
512, 3072, 3072, 358.53
512, 3072, 3072, 357.92
512, 3072, 3072, 358.48
512, 3072, 3072, 357.44
512, 3072, 3072, 358.49
512, 3072, 3072, 358.13
512, 3072, 3072, 358.09
512, 3072, 3072, 358.08
512, 3072, 3072, 358.40
512, 3072, 3072, 357.67
512, 3072, 3072, 358.52
512, 3072, 3072, 358.33
512, 3072, 3072, 358.10
512, 3072, 3072, 358.52
512, 3072, 3072, 358.57
512, 3072, 3072, 358.97
512, 3072, 3072, 358.74
512, 3072, 3072, 358.57
512, 3072, 3072, 358.46
512, 3072, 3072, 357.77
512, 3072, 3072, 358.43
512, 3072, 3072, 358.47
512, 3072, 3072, 358.96
512, 3072, 3072, 358.83
512, 3072, 3072, 358.27
512, 3072, 3072, 358.34
512, 3072, 3072, 358.01
512, 3072, 3072, 358.47
512, 3072, 3072, 357.91
512, 3072, 3072, 358.24
512, 3072, 3072, 358.58
512, 3072, 3072, 358.33
512, 3072, 3072, 357.92
512, 3072, 3072, 358.88
512, 3072, 3072, 357.74
512, 3072, 3072, 358.44
