bli_shgemm performance
MC = 512, KC = 1536, NC = 5120
m, n, k, GFLOPS
512, 5120, 1536, 339.06
512, 5120, 1536, 341.50
512, 5120, 1536, 341.68
512, 5120, 1536, 339.94
512, 5120, 1536, 340.06
512, 5120, 1536, 343.51
512, 5120, 1536, 342.85
512, 5120, 1536, 342.01
512, 5120, 1536, 342.81
512, 5120, 1536, 342.53
512, 5120, 1536, 341.29
512, 5120, 1536, 337.12
512, 5120, 1536, 336.00
512, 5120, 1536, 338.33
512, 5120, 1536, 340.37
512, 5120, 1536, 338.94
512, 5120, 1536, 343.32
512, 5120, 1536, 340.95
512, 5120, 1536, 339.58
512, 5120, 1536, 340.33
512, 5120, 1536, 340.79
512, 5120, 1536, 340.70
512, 5120, 1536, 338.84
512, 5120, 1536, 337.87
512, 5120, 1536, 336.15
512, 5120, 1536, 339.07
512, 5120, 1536, 339.46
512, 5120, 1536, 326.92
512, 5120, 1536, 325.63
512, 5120, 1536, 325.68
512, 5120, 1536, 326.27
512, 5120, 1536, 338.98
512, 5120, 1536, 339.72
512, 5120, 1536, 339.48
512, 5120, 1536, 338.84
512, 5120, 1536, 328.87
512, 5120, 1536, 332.50
512, 5120, 1536, 335.44
512, 5120, 1536, 339.55
512, 5120, 1536, 339.37
512, 5120, 1536, 339.20
512, 5120, 1536, 339.33
512, 5120, 1536, 340.44
512, 5120, 1536, 339.41
512, 5120, 1536, 339.86
512, 5120, 1536, 341.07
512, 5120, 1536, 341.67
512, 5120, 1536, 342.22
512, 5120, 1536, 341.59
512, 5120, 1536, 341.53
