bli_shgemm performance
MC = 512, KC = 3072, NC = 2048
m, n, k, GFLOPS
512, 2048, 3072, 361.74
512, 2048, 3072, 361.97
512, 2048, 3072, 361.60
512, 2048, 3072, 361.28
512, 2048, 3072, 360.52
512, 2048, 3072, 360.73
512, 2048, 3072, 361.22
512, 2048, 3072, 360.86
512, 2048, 3072, 360.85
512, 2048, 3072, 360.91
512, 2048, 3072, 361.17
512, 2048, 3072, 360.73
512, 2048, 3072, 361.23
512, 2048, 3072, 360.67
512, 2048, 3072, 360.33
512, 2048, 3072, 361.69
512, 2048, 3072, 361.81
512, 2048, 3072, 361.44
512, 2048, 3072, 360.98
512, 2048, 3072, 361.11
512, 2048, 3072, 360.85
512, 2048, 3072, 361.11
512, 2048, 3072, 361.14
512, 2048, 3072, 361.30
512, 2048, 3072, 360.91
512, 2048, 3072, 360.90
512, 2048, 3072, 360.91
512, 2048, 3072, 360.99
512, 2048, 3072, 360.66
512, 2048, 3072, 361.39
512, 2048, 3072, 360.67
512, 2048, 3072, 360.21
512, 2048, 3072, 360.67
512, 2048, 3072, 361.25
512, 2048, 3072, 360.95
512, 2048, 3072, 360.59
512, 2048, 3072, 360.88
512, 2048, 3072, 361.00
512, 2048, 3072, 361.24
512, 2048, 3072, 360.98
512, 2048, 3072, 361.21
512, 2048, 3072, 361.32
512, 2048, 3072, 360.76
512, 2048, 3072, 361.22
512, 2048, 3072, 361.40
512, 2048, 3072, 361.31
512, 2048, 3072, 360.72
512, 2048, 3072, 360.91
512, 2048, 3072, 360.83
512, 2048, 3072, 361.13
