bli_shgemm performance
MC = 640, KC = 1792, NC = 3072
m, n, k, GFLOPS
640, 3072, 1792, 370.31
640, 3072, 1792, 370.45
640, 3072, 1792, 370.22
640, 3072, 1792, 372.84
640, 3072, 1792, 372.12
640, 3072, 1792, 372.39
640, 3072, 1792, 373.63
640, 3072, 1792, 373.02
640, 3072, 1792, 372.72
640, 3072, 1792, 372.99
640, 3072, 1792, 372.71
640, 3072, 1792, 373.18
640, 3072, 1792, 373.42
640, 3072, 1792, 372.96
640, 3072, 1792, 372.47
640, 3072, 1792, 372.53
640, 3072, 1792, 372.55
640, 3072, 1792, 373.43
640, 3072, 1792, 372.58
640, 3072, 1792, 372.30
640, 3072, 1792, 373.12
640, 3072, 1792, 373.67
640, 3072, 1792, 373.00
640, 3072, 1792, 373.08
640, 3072, 1792, 373.08
640, 3072, 1792, 371.84
640, 3072, 1792, 372.32
640, 3072, 1792, 372.33
640, 3072, 1792, 372.45
640, 3072, 1792, 372.80
640, 3072, 1792, 373.12
640, 3072, 1792, 372.60
640, 3072, 1792, 383.29
640, 3072, 1792, 384.05
640, 3072, 1792, 383.51
640, 3072, 1792, 382.87
640, 3072, 1792, 381.45
640, 3072, 1792, 382.65
640, 3072, 1792, 381.99
640, 3072, 1792, 383.75
640, 3072, 1792, 383.56
640, 3072, 1792, 383.69
640, 3072, 1792, 383.51
640, 3072, 1792, 382.80
640, 3072, 1792, 382.53
640, 3072, 1792, 382.86
640, 3072, 1792, 382.36
640, 3072, 1792, 383.29
640, 3072, 1792, 383.73
640, 3072, 1792, 382.84
