bli_shgemm performance
MC = 256, KC = 256, NC = 2048
m, n, k, GFLOPS
256, 2048, 256, 272.63
256, 2048, 256, 273.09
256, 2048, 256, 273.06
256, 2048, 256, 272.28
256, 2048, 256, 272.98
256, 2048, 256, 273.27
256, 2048, 256, 273.35
256, 2048, 256, 272.30
256, 2048, 256, 272.28
256, 2048, 256, 272.16
256, 2048, 256, 272.92
256, 2048, 256, 273.09
256, 2048, 256, 272.71
256, 2048, 256, 272.98
256, 2048, 256, 272.80
256, 2048, 256, 273.22
256, 2048, 256, 272.89
256, 2048, 256, 273.19
256, 2048, 256, 272.69
256, 2048, 256, 272.30
256, 2048, 256, 272.53
256, 2048, 256, 272.79
256, 2048, 256, 272.45
256, 2048, 256, 273.16
256, 2048, 256, 272.52
256, 2048, 256, 272.95
256, 2048, 256, 272.01
256, 2048, 256, 272.95
256, 2048, 256, 272.01
256, 2048, 256, 272.84
256, 2048, 256, 272.70
256, 2048, 256, 273.47
256, 2048, 256, 272.93
256, 2048, 256, 272.33
256, 2048, 256, 272.61
256, 2048, 256, 272.15
256, 2048, 256, 272.67
256, 2048, 256, 272.37
256, 2048, 256, 273.57
256, 2048, 256, 272.94
256, 2048, 256, 273.94
256, 2048, 256, 272.28
256, 2048, 256, 273.00
256, 2048, 256, 273.61
256, 2048, 256, 272.52
256, 2048, 256, 272.88
256, 2048, 256, 273.03
256, 2048, 256, 272.58
256, 2048, 256, 273.30
256, 2048, 256, 272.91
