bli_shgemm performance
MC = 640, KC = 1536, NC = 4096
m, n, k, GFLOPS
640, 4096, 1536, 365.57
640, 4096, 1536, 364.74
640, 4096, 1536, 363.67
640, 4096, 1536, 362.42
640, 4096, 1536, 363.77
640, 4096, 1536, 363.38
640, 4096, 1536, 362.10
640, 4096, 1536, 360.79
640, 4096, 1536, 364.41
640, 4096, 1536, 361.38
640, 4096, 1536, 363.75
640, 4096, 1536, 365.15
640, 4096, 1536, 364.89
640, 4096, 1536, 365.31
640, 4096, 1536, 364.18
640, 4096, 1536, 366.16
640, 4096, 1536, 365.39
640, 4096, 1536, 365.31
640, 4096, 1536, 364.53
640, 4096, 1536, 363.50
640, 4096, 1536, 363.80
640, 4096, 1536, 364.12
640, 4096, 1536, 362.23
640, 4096, 1536, 363.00
640, 4096, 1536, 362.12
640, 4096, 1536, 362.52
640, 4096, 1536, 363.15
640, 4096, 1536, 364.01
640, 4096, 1536, 362.63
640, 4096, 1536, 365.00
640, 4096, 1536, 363.47
640, 4096, 1536, 362.84
640, 4096, 1536, 364.30
640, 4096, 1536, 361.99
640, 4096, 1536, 362.84
640, 4096, 1536, 361.79
640, 4096, 1536, 362.27
640, 4096, 1536, 362.32
640, 4096, 1536, 362.64
640, 4096, 1536, 362.70
640, 4096, 1536, 362.13
640, 4096, 1536, 363.58
640, 4096, 1536, 362.23
640, 4096, 1536, 362.55
640, 4096, 1536, 362.61
640, 4096, 1536, 362.46
640, 4096, 1536, 362.51
640, 4096, 1536, 365.36
640, 4096, 1536, 364.06
640, 4096, 1536, 364.58
