bli_shgemm performance
MC = 256, KC = 3840, NC = 2048
m, n, k, GFLOPS
256, 2048, 3840, 315.91
256, 2048, 3840, 316.07
256, 2048, 3840, 315.26
256, 2048, 3840, 314.51
256, 2048, 3840, 314.26
256, 2048, 3840, 314.03
256, 2048, 3840, 314.04
256, 2048, 3840, 314.71
256, 2048, 3840, 314.37
256, 2048, 3840, 314.05
256, 2048, 3840, 314.74
256, 2048, 3840, 314.69
256, 2048, 3840, 314.06
256, 2048, 3840, 313.17
256, 2048, 3840, 313.32
256, 2048, 3840, 314.33
256, 2048, 3840, 314.47
256, 2048, 3840, 313.57
256, 2048, 3840, 313.93
256, 2048, 3840, 313.62
256, 2048, 3840, 314.50
256, 2048, 3840, 313.21
256, 2048, 3840, 314.20
256, 2048, 3840, 313.44
256, 2048, 3840, 313.52
256, 2048, 3840, 314.37
256, 2048, 3840, 314.76
256, 2048, 3840, 314.40
256, 2048, 3840, 314.54
256, 2048, 3840, 314.77
256, 2048, 3840, 314.00
256, 2048, 3840, 315.44
256, 2048, 3840, 314.23
256, 2048, 3840, 314.34
256, 2048, 3840, 313.94
256, 2048, 3840, 313.82
256, 2048, 3840, 313.38
256, 2048, 3840, 313.76
256, 2048, 3840, 314.07
256, 2048, 3840, 313.80
256, 2048, 3840, 314.44
256, 2048, 3840, 314.22
256, 2048, 3840, 314.22
256, 2048, 3840, 315.54
256, 2048, 3840, 314.26
256, 2048, 3840, 313.86
256, 2048, 3840, 314.40
256, 2048, 3840, 314.34
256, 2048, 3840, 313.50
256, 2048, 3840, 313.77
