bli_shgemm performance
MC = 384, KC = 4096, NC = 3072
m, n, k, GFLOPS
384, 3072, 4096, 332.47
384, 3072, 4096, 331.97
384, 3072, 4096, 331.99
384, 3072, 4096, 331.58
384, 3072, 4096, 331.78
384, 3072, 4096, 331.52
384, 3072, 4096, 331.79
384, 3072, 4096, 331.89
384, 3072, 4096, 331.85
384, 3072, 4096, 332.17
384, 3072, 4096, 332.29
384, 3072, 4096, 331.80
384, 3072, 4096, 332.13
384, 3072, 4096, 332.27
384, 3072, 4096, 332.12
384, 3072, 4096, 331.95
384, 3072, 4096, 332.16
384, 3072, 4096, 331.77
384, 3072, 4096, 332.05
384, 3072, 4096, 332.75
384, 3072, 4096, 332.25
384, 3072, 4096, 332.33
384, 3072, 4096, 332.06
384, 3072, 4096, 332.28
384, 3072, 4096, 332.39
384, 3072, 4096, 332.50
384, 3072, 4096, 332.10
384, 3072, 4096, 332.07
384, 3072, 4096, 332.02
384, 3072, 4096, 332.10
384, 3072, 4096, 331.96
384, 3072, 4096, 331.94
384, 3072, 4096, 331.66
384, 3072, 4096, 332.13
384, 3072, 4096, 332.03
384, 3072, 4096, 332.62
384, 3072, 4096, 332.16
384, 3072, 4096, 332.41
384, 3072, 4096, 332.04
384, 3072, 4096, 331.61
384, 3072, 4096, 332.14
384, 3072, 4096, 331.83
384, 3072, 4096, 332.05
384, 3072, 4096, 331.65
384, 3072, 4096, 332.74
384, 3072, 4096, 332.03
384, 3072, 4096, 332.05
384, 3072, 4096, 332.51
384, 3072, 4096, 332.52
384, 3072, 4096, 332.17
