bli_shgemm performance
MC = 256, KC = 3584, NC = 3072
m, n, k, GFLOPS
256, 3072, 3584, 335.97
256, 3072, 3584, 334.57
256, 3072, 3584, 335.78
256, 3072, 3584, 335.01
256, 3072, 3584, 334.63
256, 3072, 3584, 335.94
256, 3072, 3584, 335.45
256, 3072, 3584, 335.98
256, 3072, 3584, 334.78
256, 3072, 3584, 335.81
256, 3072, 3584, 334.86
256, 3072, 3584, 334.81
256, 3072, 3584, 335.29
256, 3072, 3584, 335.01
256, 3072, 3584, 336.07
256, 3072, 3584, 334.77
256, 3072, 3584, 334.79
256, 3072, 3584, 336.23
256, 3072, 3584, 336.12
256, 3072, 3584, 335.42
256, 3072, 3584, 335.78
256, 3072, 3584, 335.34
256, 3072, 3584, 334.99
256, 3072, 3584, 335.50
256, 3072, 3584, 335.97
256, 3072, 3584, 335.44
256, 3072, 3584, 335.43
256, 3072, 3584, 335.20
256, 3072, 3584, 334.78
256, 3072, 3584, 334.97
256, 3072, 3584, 335.35
256, 3072, 3584, 335.45
256, 3072, 3584, 335.34
256, 3072, 3584, 335.03
256, 3072, 3584, 335.50
256, 3072, 3584, 335.70
256, 3072, 3584, 335.21
256, 3072, 3584, 335.38
256, 3072, 3584, 334.92
256, 3072, 3584, 334.77
256, 3072, 3584, 335.82
256, 3072, 3584, 335.18
256, 3072, 3584, 334.92
256, 3072, 3584, 335.19
256, 3072, 3584, 335.47
256, 3072, 3584, 335.05
256, 3072, 3584, 335.50
256, 3072, 3584, 335.48
256, 3072, 3584, 334.64
256, 3072, 3584, 335.49
