bli_shgemm performance
MC = 640, KC = 256, NC = 2048
m, n, k, GFLOPS
640, 2048, 256, 250.77
640, 2048, 256, 239.09
640, 2048, 256, 239.73
640, 2048, 256, 236.66
640, 2048, 256, 243.27
640, 2048, 256, 240.96
640, 2048, 256, 244.29
640, 2048, 256, 238.01
640, 2048, 256, 238.61
640, 2048, 256, 244.19
640, 2048, 256, 242.90
640, 2048, 256, 242.43
640, 2048, 256, 246.75
640, 2048, 256, 244.26
640, 2048, 256, 244.22
640, 2048, 256, 240.09
640, 2048, 256, 242.11
640, 2048, 256, 244.18
640, 2048, 256, 239.05
640, 2048, 256, 238.95
640, 2048, 256, 238.93
640, 2048, 256, 240.64
640, 2048, 256, 237.97
640, 2048, 256, 239.29
640, 2048, 256, 241.39
640, 2048, 256, 249.09
640, 2048, 256, 242.35
640, 2048, 256, 243.15
640, 2048, 256, 239.27
640, 2048, 256, 244.83
640, 2048, 256, 241.76
640, 2048, 256, 241.32
640, 2048, 256, 241.37
640, 2048, 256, 242.21
640, 2048, 256, 238.99
640, 2048, 256, 240.91
640, 2048, 256, 247.94
640, 2048, 256, 241.92
640, 2048, 256, 243.49
640, 2048, 256, 237.26
640, 2048, 256, 240.93
640, 2048, 256, 239.27
640, 2048, 256, 242.61
640, 2048, 256, 240.39
640, 2048, 256, 242.82
640, 2048, 256, 240.50
640, 2048, 256, 244.79
640, 2048, 256, 238.35
640, 2048, 256, 241.54
640, 2048, 256, 237.64
