bli_shgemm performance
MC = 384, KC = 2816, NC = 5120
m, n, k, GFLOPS
384, 5120, 2816, 331.58
384, 5120, 2816, 330.97
384, 5120, 2816, 331.41
384, 5120, 2816, 332.06
384, 5120, 2816, 330.99
384, 5120, 2816, 331.64
384, 5120, 2816, 331.17
384, 5120, 2816, 331.27
384, 5120, 2816, 332.02
384, 5120, 2816, 331.82
384, 5120, 2816, 331.27
384, 5120, 2816, 331.31
384, 5120, 2816, 331.75
384, 5120, 2816, 331.90
384, 5120, 2816, 331.44
384, 5120, 2816, 331.88
384, 5120, 2816, 331.57
384, 5120, 2816, 331.87
384, 5120, 2816, 331.36
384, 5120, 2816, 332.18
384, 5120, 2816, 331.70
384, 5120, 2816, 331.70
384, 5120, 2816, 331.66
384, 5120, 2816, 331.72
384, 5120, 2816, 331.43
384, 5120, 2816, 331.50
384, 5120, 2816, 331.83
384, 5120, 2816, 331.99
384, 5120, 2816, 331.17
384, 5120, 2816, 332.13
384, 5120, 2816, 331.78
384, 5120, 2816, 331.53
384, 5120, 2816, 332.55
384, 5120, 2816, 331.53
384, 5120, 2816, 331.97
384, 5120, 2816, 331.21
384, 5120, 2816, 331.19
384, 5120, 2816, 331.61
384, 5120, 2816, 332.48
384, 5120, 2816, 331.39
384, 5120, 2816, 331.63
384, 5120, 2816, 331.34
384, 5120, 2816, 331.15
384, 5120, 2816, 331.86
384, 5120, 2816, 332.21
384, 5120, 2816, 331.42
384, 5120, 2816, 331.78
384, 5120, 2816, 332.19
384, 5120, 2816, 330.81
384, 5120, 2816, 331.33
