bli_shgemm performance
MC = 512, KC = 512, NC = 5120
m, n, k, GFLOPS
512, 5120, 512, 320.34
512, 5120, 512, 320.43
512, 5120, 512, 318.90
512, 5120, 512, 319.87
512, 5120, 512, 320.37
512, 5120, 512, 320.71
512, 5120, 512, 321.47
512, 5120, 512, 319.94
512, 5120, 512, 320.34
512, 5120, 512, 319.60
512, 5120, 512, 320.79
512, 5120, 512, 320.67
512, 5120, 512, 320.47
512, 5120, 512, 318.04
512, 5120, 512, 318.65
512, 5120, 512, 317.64
512, 5120, 512, 316.43
512, 5120, 512, 320.01
512, 5120, 512, 318.91
512, 5120, 512, 318.02
512, 5120, 512, 319.38
512, 5120, 512, 316.50
512, 5120, 512, 317.51
512, 5120, 512, 320.21
512, 5120, 512, 319.55
512, 5120, 512, 318.62
512, 5120, 512, 318.00
512, 5120, 512, 318.68
512, 5120, 512, 320.25
512, 5120, 512, 318.14
512, 5120, 512, 318.06
512, 5120, 512, 318.73
512, 5120, 512, 318.67
512, 5120, 512, 318.26
512, 5120, 512, 319.39
512, 5120, 512, 320.45
512, 5120, 512, 320.23
512, 5120, 512, 318.49
512, 5120, 512, 320.30
512, 5120, 512, 316.33
512, 5120, 512, 319.12
512, 5120, 512, 317.69
512, 5120, 512, 319.01
512, 5120, 512, 318.13
512, 5120, 512, 317.24
512, 5120, 512, 320.30
512, 5120, 512, 319.04
512, 5120, 512, 319.24
512, 5120, 512, 319.23
512, 5120, 512, 320.35
