bli_shgemm performance
MC = 640, KC = 3584, NC = 1024
m, n, k, GFLOPS
640, 1024, 3584, 302.28
640, 1024, 3584, 302.17
640, 1024, 3584, 302.12
640, 1024, 3584, 302.47
640, 1024, 3584, 301.54
640, 1024, 3584, 302.13
640, 1024, 3584, 302.81
640, 1024, 3584, 301.97
640, 1024, 3584, 302.12
640, 1024, 3584, 302.49
640, 1024, 3584, 302.14
640, 1024, 3584, 302.26
640, 1024, 3584, 302.58
640, 1024, 3584, 302.33
640, 1024, 3584, 302.70
640, 1024, 3584, 302.31
640, 1024, 3584, 302.13
640, 1024, 3584, 302.46
640, 1024, 3584, 302.41
640, 1024, 3584, 302.15
640, 1024, 3584, 302.21
640, 1024, 3584, 302.52
640, 1024, 3584, 302.98
640, 1024, 3584, 302.61
640, 1024, 3584, 302.40
640, 1024, 3584, 302.66
640, 1024, 3584, 302.65
640, 1024, 3584, 302.44
640, 1024, 3584, 303.40
640, 1024, 3584, 302.56
640, 1024, 3584, 302.31
640, 1024, 3584, 302.77
640, 1024, 3584, 302.39
640, 1024, 3584, 302.34
640, 1024, 3584, 302.51
640, 1024, 3584, 302.89
640, 1024, 3584, 302.31
640, 1024, 3584, 302.88
640, 1024, 3584, 301.69
640, 1024, 3584, 301.87
640, 1024, 3584, 302.34
640, 1024, 3584, 301.97
640, 1024, 3584, 301.93
640, 1024, 3584, 302.12
640, 1024, 3584, 302.52
640, 1024, 3584, 302.50
640, 1024, 3584, 302.71
640, 1024, 3584, 301.64
640, 1024, 3584, 302.15
640, 1024, 3584, 301.50
