bli_shgemm performance
MC = 384, KC = 2560, NC = 3072
m, n, k, GFLOPS
384, 3072, 2560, 345.45
384, 3072, 2560, 344.79
384, 3072, 2560, 345.54
384, 3072, 2560, 344.19
384, 3072, 2560, 345.31
384, 3072, 2560, 344.48
384, 3072, 2560, 344.43
384, 3072, 2560, 345.47
384, 3072, 2560, 344.05
384, 3072, 2560, 344.18
384, 3072, 2560, 343.70
384, 3072, 2560, 343.54
384, 3072, 2560, 344.16
384, 3072, 2560, 345.87
384, 3072, 2560, 344.54
384, 3072, 2560, 344.04
384, 3072, 2560, 343.97
384, 3072, 2560, 343.93
384, 3072, 2560, 344.67
384, 3072, 2560, 344.19
384, 3072, 2560, 343.86
384, 3072, 2560, 344.57
384, 3072, 2560, 344.27
384, 3072, 2560, 343.94
384, 3072, 2560, 344.18
384, 3072, 2560, 344.19
384, 3072, 2560, 343.67
384, 3072, 2560, 344.62
384, 3072, 2560, 345.13
384, 3072, 2560, 344.05
384, 3072, 2560, 344.41
384, 3072, 2560, 344.72
384, 3072, 2560, 344.11
384, 3072, 2560, 344.14
384, 3072, 2560, 344.44
384, 3072, 2560, 344.65
384, 3072, 2560, 345.70
384, 3072, 2560, 345.25
384, 3072, 2560, 344.32
384, 3072, 2560, 343.85
384, 3072, 2560, 344.59
384, 3072, 2560, 344.57
384, 3072, 2560, 344.16
384, 3072, 2560, 344.95
384, 3072, 2560, 344.11
384, 3072, 2560, 344.18
384, 3072, 2560, 343.96
384, 3072, 2560, 344.57
384, 3072, 2560, 344.20
384, 3072, 2560, 345.66
