bli_shgemm performance
MC = 640, KC = 2048, NC = 3072
m, n, k, GFLOPS
640, 3072, 2048, 365.18
640, 3072, 2048, 365.61
640, 3072, 2048, 366.49
640, 3072, 2048, 364.82
640, 3072, 2048, 366.19
640, 3072, 2048, 366.54
640, 3072, 2048, 364.30
640, 3072, 2048, 365.70
640, 3072, 2048, 366.01
640, 3072, 2048, 365.21
640, 3072, 2048, 364.65
640, 3072, 2048, 364.53
640, 3072, 2048, 366.11
640, 3072, 2048, 364.61
640, 3072, 2048, 365.63
640, 3072, 2048, 365.14
640, 3072, 2048, 364.76
640, 3072, 2048, 366.34
640, 3072, 2048, 366.01
640, 3072, 2048, 365.15
640, 3072, 2048, 365.99
640, 3072, 2048, 365.12
640, 3072, 2048, 365.60
640, 3072, 2048, 366.07
640, 3072, 2048, 365.71
640, 3072, 2048, 364.99
640, 3072, 2048, 365.02
640, 3072, 2048, 365.59
640, 3072, 2048, 364.57
640, 3072, 2048, 366.82
640, 3072, 2048, 365.29
640, 3072, 2048, 364.91
640, 3072, 2048, 365.91
640, 3072, 2048, 365.59
640, 3072, 2048, 365.24
640, 3072, 2048, 365.93
640, 3072, 2048, 364.83
640, 3072, 2048, 364.41
640, 3072, 2048, 366.67
640, 3072, 2048, 365.53
640, 3072, 2048, 365.06
640, 3072, 2048, 365.20
640, 3072, 2048, 365.16
640, 3072, 2048, 364.94
640, 3072, 2048, 365.67
640, 3072, 2048, 364.88
640, 3072, 2048, 364.60
640, 3072, 2048, 364.93
640, 3072, 2048, 365.85
640, 3072, 2048, 365.17
