bli_shgemm performance
MC = 640, KC = 2048, NC = 4096
m, n, k, GFLOPS
640, 4096, 2048, 354.35
640, 4096, 2048, 354.77
640, 4096, 2048, 354.23
640, 4096, 2048, 356.23
640, 4096, 2048, 355.47
640, 4096, 2048, 356.42
640, 4096, 2048, 354.94
640, 4096, 2048, 355.12
640, 4096, 2048, 356.47
640, 4096, 2048, 355.41
640, 4096, 2048, 354.72
640, 4096, 2048, 355.59
640, 4096, 2048, 356.02
640, 4096, 2048, 355.01
640, 4096, 2048, 355.55
640, 4096, 2048, 354.89
640, 4096, 2048, 356.29
640, 4096, 2048, 354.90
640, 4096, 2048, 354.75
640, 4096, 2048, 354.59
640, 4096, 2048, 355.90
640, 4096, 2048, 356.21
640, 4096, 2048, 354.90
640, 4096, 2048, 356.20
640, 4096, 2048, 355.44
640, 4096, 2048, 355.53
640, 4096, 2048, 353.88
640, 4096, 2048, 354.67
640, 4096, 2048, 354.42
640, 4096, 2048, 354.97
640, 4096, 2048, 355.82
640, 4096, 2048, 354.78
640, 4096, 2048, 356.31
640, 4096, 2048, 354.65
640, 4096, 2048, 354.53
640, 4096, 2048, 354.37
640, 4096, 2048, 354.58
640, 4096, 2048, 355.32
640, 4096, 2048, 355.33
640, 4096, 2048, 354.91
640, 4096, 2048, 356.70
640, 4096, 2048, 356.15
640, 4096, 2048, 356.55
640, 4096, 2048, 355.36
640, 4096, 2048, 355.06
640, 4096, 2048, 354.40
640, 4096, 2048, 354.98
640, 4096, 2048, 354.68
640, 4096, 2048, 354.71
640, 4096, 2048, 355.07
