bli_shgemm performance
MC = 512, KC = 768, NC = 1024
m, n, k, GFLOPS
512, 1024, 768, 337.57
512, 1024, 768, 337.21
512, 1024, 768, 337.34
512, 1024, 768, 338.45
512, 1024, 768, 337.28
512, 1024, 768, 338.81
512, 1024, 768, 337.41
512, 1024, 768, 337.48
512, 1024, 768, 338.48
512, 1024, 768, 339.14
512, 1024, 768, 338.05
512, 1024, 768, 338.01
512, 1024, 768, 337.52
512, 1024, 768, 337.32
512, 1024, 768, 337.28
512, 1024, 768, 337.31
512, 1024, 768, 337.94
512, 1024, 768, 337.77
512, 1024, 768, 337.74
512, 1024, 768, 337.60
512, 1024, 768, 337.31
512, 1024, 768, 337.67
512, 1024, 768, 338.30
512, 1024, 768, 337.79
512, 1024, 768, 337.70
512, 1024, 768, 337.89
512, 1024, 768, 337.81
512, 1024, 768, 338.17
512, 1024, 768, 338.48
512, 1024, 768, 337.21
512, 1024, 768, 337.58
512, 1024, 768, 338.00
512, 1024, 768, 338.27
512, 1024, 768, 338.31
512, 1024, 768, 337.59
512, 1024, 768, 338.52
512, 1024, 768, 337.24
512, 1024, 768, 336.96
512, 1024, 768, 337.17
512, 1024, 768, 338.60
512, 1024, 768, 337.09
512, 1024, 768, 336.76
512, 1024, 768, 337.93
512, 1024, 768, 337.20
512, 1024, 768, 337.49
512, 1024, 768, 337.57
512, 1024, 768, 337.75
512, 1024, 768, 337.23
512, 1024, 768, 338.04
512, 1024, 768, 338.43
