bli_shgemm performance
MC = 256, KC = 2048, NC = 4096
m, n, k, GFLOPS
256, 4096, 2048, 315.69
256, 4096, 2048, 316.21
256, 4096, 2048, 315.49
256, 4096, 2048, 316.22
256, 4096, 2048, 315.78
256, 4096, 2048, 315.71
256, 4096, 2048, 314.73
256, 4096, 2048, 315.90
256, 4096, 2048, 315.03
256, 4096, 2048, 314.97
256, 4096, 2048, 314.49
256, 4096, 2048, 315.72
256, 4096, 2048, 315.10
256, 4096, 2048, 315.66
256, 4096, 2048, 316.05
256, 4096, 2048, 314.42
256, 4096, 2048, 314.97
256, 4096, 2048, 316.80
256, 4096, 2048, 317.13
256, 4096, 2048, 316.27
256, 4096, 2048, 315.48
256, 4096, 2048, 314.44
256, 4096, 2048, 314.57
256, 4096, 2048, 314.74
256, 4096, 2048, 314.56
256, 4096, 2048, 314.64
256, 4096, 2048, 315.99
256, 4096, 2048, 316.05
256, 4096, 2048, 315.57
256, 4096, 2048, 316.05
256, 4096, 2048, 315.49
256, 4096, 2048, 315.81
256, 4096, 2048, 316.04
256, 4096, 2048, 315.98
256, 4096, 2048, 316.46
256, 4096, 2048, 315.96
256, 4096, 2048, 315.32
256, 4096, 2048, 315.68
256, 4096, 2048, 315.72
256, 4096, 2048, 315.53
256, 4096, 2048, 315.46
256, 4096, 2048, 315.67
256, 4096, 2048, 315.57
256, 4096, 2048, 315.21
256, 4096, 2048, 315.57
256, 4096, 2048, 315.49
256, 4096, 2048, 315.41
256, 4096, 2048, 316.97
256, 4096, 2048, 315.31
256, 4096, 2048, 316.77
