bli_shgemm performance
MC = 640, KC = 2304, NC = 2048
m, n, k, GFLOPS
640, 2048, 2304, 367.88
640, 2048, 2304, 368.37
640, 2048, 2304, 368.15
640, 2048, 2304, 368.08
640, 2048, 2304, 367.88
640, 2048, 2304, 368.10
640, 2048, 2304, 367.92
640, 2048, 2304, 367.43
640, 2048, 2304, 367.36
640, 2048, 2304, 368.00
640, 2048, 2304, 367.24
640, 2048, 2304, 367.48
640, 2048, 2304, 367.26
640, 2048, 2304, 367.59
640, 2048, 2304, 367.73
640, 2048, 2304, 367.64
640, 2048, 2304, 367.17
640, 2048, 2304, 367.81
640, 2048, 2304, 367.95
640, 2048, 2304, 367.74
640, 2048, 2304, 368.02
640, 2048, 2304, 368.05
640, 2048, 2304, 368.06
640, 2048, 2304, 368.06
640, 2048, 2304, 367.39
640, 2048, 2304, 368.20
640, 2048, 2304, 369.02
640, 2048, 2304, 368.73
640, 2048, 2304, 368.39
640, 2048, 2304, 367.97
640, 2048, 2304, 367.98
640, 2048, 2304, 368.24
640, 2048, 2304, 368.31
640, 2048, 2304, 368.21
640, 2048, 2304, 368.38
640, 2048, 2304, 367.73
640, 2048, 2304, 368.04
640, 2048, 2304, 368.05
640, 2048, 2304, 368.15
640, 2048, 2304, 367.49
640, 2048, 2304, 367.66
640, 2048, 2304, 367.90
640, 2048, 2304, 368.17
640, 2048, 2304, 367.83
640, 2048, 2304, 367.27
640, 2048, 2304, 367.68
640, 2048, 2304, 368.16
640, 2048, 2304, 367.19
640, 2048, 2304, 367.67
640, 2048, 2304, 367.71
