bli_shgemm performance
MC = 256, KC = 4096, NC = 3072
m, n, k, GFLOPS
256, 3072, 4096, 335.97
256, 3072, 4096, 335.11
256, 3072, 4096, 334.56
256, 3072, 4096, 335.39
256, 3072, 4096, 335.28
256, 3072, 4096, 334.61
256, 3072, 4096, 334.61
256, 3072, 4096, 334.80
256, 3072, 4096, 334.91
256, 3072, 4096, 335.24
256, 3072, 4096, 335.27
256, 3072, 4096, 334.27
256, 3072, 4096, 333.60
256, 3072, 4096, 334.72
256, 3072, 4096, 334.96
256, 3072, 4096, 334.27
256, 3072, 4096, 334.82
256, 3072, 4096, 334.59
256, 3072, 4096, 333.95
256, 3072, 4096, 334.45
256, 3072, 4096, 335.22
256, 3072, 4096, 334.34
256, 3072, 4096, 334.40
256, 3072, 4096, 335.22
256, 3072, 4096, 335.25
256, 3072, 4096, 334.51
256, 3072, 4096, 334.74
256, 3072, 4096, 335.47
256, 3072, 4096, 334.89
256, 3072, 4096, 335.17
256, 3072, 4096, 335.09
256, 3072, 4096, 334.68
256, 3072, 4096, 334.73
256, 3072, 4096, 334.20
256, 3072, 4096, 334.53
256, 3072, 4096, 335.27
256, 3072, 4096, 334.92
256, 3072, 4096, 334.07
256, 3072, 4096, 334.78
256, 3072, 4096, 334.46
256, 3072, 4096, 334.99
256, 3072, 4096, 334.87
256, 3072, 4096, 334.83
256, 3072, 4096, 334.40
256, 3072, 4096, 334.82
256, 3072, 4096, 335.65
256, 3072, 4096, 334.88
256, 3072, 4096, 334.40
256, 3072, 4096, 334.84
256, 3072, 4096, 334.59
