bli_shgemm performance
MC = 512, KC = 1536, NC = 3072
m, n, k, GFLOPS
512, 3072, 1536, 344.44
512, 3072, 1536, 349.26
512, 3072, 1536, 348.10
512, 3072, 1536, 348.38
512, 3072, 1536, 348.20
512, 3072, 1536, 347.11
512, 3072, 1536, 346.06
512, 3072, 1536, 347.70
512, 3072, 1536, 348.26
512, 3072, 1536, 347.48
512, 3072, 1536, 347.71
512, 3072, 1536, 347.21
512, 3072, 1536, 346.68
512, 3072, 1536, 346.96
512, 3072, 1536, 347.16
512, 3072, 1536, 347.47
512, 3072, 1536, 348.27
512, 3072, 1536, 346.48
512, 3072, 1536, 347.89
512, 3072, 1536, 346.53
512, 3072, 1536, 346.50
512, 3072, 1536, 344.76
512, 3072, 1536, 346.36
512, 3072, 1536, 346.92
512, 3072, 1536, 346.04
512, 3072, 1536, 346.75
512, 3072, 1536, 346.95
512, 3072, 1536, 346.45
512, 3072, 1536, 347.79
512, 3072, 1536, 347.66
512, 3072, 1536, 346.06
512, 3072, 1536, 348.68
512, 3072, 1536, 348.75
512, 3072, 1536, 347.55
512, 3072, 1536, 348.39
512, 3072, 1536, 347.92
512, 3072, 1536, 345.51
512, 3072, 1536, 345.37
512, 3072, 1536, 345.20
512, 3072, 1536, 345.53
512, 3072, 1536, 344.87
512, 3072, 1536, 347.27
512, 3072, 1536, 345.62
512, 3072, 1536, 346.41
512, 3072, 1536, 346.31
512, 3072, 1536, 346.57
512, 3072, 1536, 347.51
512, 3072, 1536, 347.53
512, 3072, 1536, 348.02
512, 3072, 1536, 347.55
