bli_shgemm performance
MC = 256, KC = 512, NC = 1024
m, n, k, GFLOPS
256, 1024, 512, 310.48
256, 1024, 512, 311.06
256, 1024, 512, 310.95
256, 1024, 512, 310.45
256, 1024, 512, 311.31
256, 1024, 512, 311.53
256, 1024, 512, 311.72
256, 1024, 512, 311.59
256, 1024, 512, 311.85
256, 1024, 512, 311.32
256, 1024, 512, 311.16
256, 1024, 512, 311.22
256, 1024, 512, 311.31
256, 1024, 512, 310.61
256, 1024, 512, 310.57
256, 1024, 512, 310.77
256, 1024, 512, 311.67
256, 1024, 512, 311.18
256, 1024, 512, 311.87
256, 1024, 512, 311.94
256, 1024, 512, 311.59
256, 1024, 512, 311.90
256, 1024, 512, 311.05
256, 1024, 512, 310.99
256, 1024, 512, 311.14
256, 1024, 512, 310.57
256, 1024, 512, 311.16
256, 1024, 512, 312.06
256, 1024, 512, 311.20
256, 1024, 512, 311.27
256, 1024, 512, 311.38
256, 1024, 512, 311.37
256, 1024, 512, 311.94
256, 1024, 512, 311.06
256, 1024, 512, 310.64
256, 1024, 512, 311.57
256, 1024, 512, 311.40
256, 1024, 512, 310.53
256, 1024, 512, 311.41
256, 1024, 512, 310.95
256, 1024, 512, 311.25
256, 1024, 512, 310.90
256, 1024, 512, 311.08
256, 1024, 512, 311.13
256, 1024, 512, 311.93
256, 1024, 512, 311.89
256, 1024, 512, 310.80
256, 1024, 512, 310.72
256, 1024, 512, 310.90
256, 1024, 512, 311.91
