bli_shgemm performance
MC = 1024, KC = 2048, NC = 4096
m, n, k, GFLOPS
80, 80, 80, 81.61
160, 160, 160, 186.97
240, 240, 240, 279.26
320, 320, 320, 308.04
400, 400, 400, 326.32
480, 480, 480, 341.75
560, 560, 560, 341.83
640, 640, 640, 347.74
720, 720, 720, 350.33
800, 800, 800, 360.62
880, 880, 880, 360.57
960, 960, 960, 375.98
1040, 1040, 1040, 378.98
1120, 1120, 1120, 382.06
1200, 1200, 1200, 389.19
1280, 1280, 1280, 386.20
1360, 1360, 1360, 397.26
1440, 1440, 1440, 397.23
1520, 1520, 1520, 382.99
1600, 1600, 1600, 396.17
1680, 1680, 1680, 397.62
1760, 1760, 1760, 388.12
1840, 1840, 1840, 398.38
1920, 1920, 1920, 378.79
2000, 2000, 2000, 376.35
2080, 2080, 2080, 326.31
2160, 2160, 2160, 290.63
2240, 2240, 2240, 349.79
2320, 2320, 2320, 304.16
2400, 2400, 2400, 359.98
2480, 2480, 2480, 312.58
2560, 2560, 2560, 345.69
2640, 2640, 2640, 317.00
2720, 2720, 2720, 363.39
2800, 2800, 2800, 349.96
2880, 2880, 2880, 368.03
2960, 2960, 2960, 352.80
3040, 3040, 3040, 366.43
3120, 3120, 3120, 347.39
3200, 3200, 3200, 363.69
3280, 3280, 3280, 350.10
3360, 3360, 3360, 369.01
3440, 3440, 3440, 351.53
3520, 3520, 3520, 375.08
3600, 3600, 3600, 363.77
3680, 3680, 3680, 382.26
3760, 3760, 3760, 366.41
3840, 3840, 3840, 376.94
3920, 3920, 3920, 363.07
4000, 4000, 4000, 376.99
