bli_shgemm performance
MC = 200, KC = 1024, NC = 3072
m, n, k, GFLOPS
80, 80, 80, 81.69
160, 160, 160, 230.57
240, 240, 240, 278.75
320, 320, 320, 309.36
400, 400, 400, 329.69
480, 480, 480, 340.64
560, 560, 560, 351.97
640, 640, 640, 361.24
720, 720, 720, 368.42
800, 800, 800, 372.56
880, 880, 880, 378.43
960, 960, 960, 382.86
1040, 1040, 1040, 364.78
1120, 1120, 1120, 369.77
1200, 1200, 1200, 371.19
1280, 1280, 1280, 366.21
1360, 1360, 1360, 377.56
1440, 1440, 1440, 378.84
1520, 1520, 1520, 380.06
1600, 1600, 1600, 379.67
1680, 1680, 1680, 383.94
1760, 1760, 1760, 384.44
1840, 1840, 1840, 388.16
1920, 1920, 1920, 382.75
2000, 2000, 2000, 389.19
2080, 2080, 2080, 367.13
2160, 2160, 2160, 352.22
2240, 2240, 2240, 367.04
2320, 2320, 2320, 351.87
2400, 2400, 2400, 370.82
2480, 2480, 2480, 353.21
2560, 2560, 2560, 355.21
2640, 2640, 2640, 345.96
2720, 2720, 2720, 367.30
2800, 2800, 2800, 342.77
2880, 2880, 2880, 367.01
2960, 2960, 2960, 343.90
3040, 3040, 3040, 368.03
3120, 3120, 3120, 329.46
3200, 3200, 3200, 341.40
3280, 3280, 3280, 326.61
3360, 3360, 3360, 359.72
3440, 3440, 3440, 331.32
3520, 3520, 3520, 362.63
3600, 3600, 3600, 334.48
3680, 3680, 3680, 363.31
3760, 3760, 3760, 337.38
3840, 3840, 3840, 359.21
3920, 3920, 3920, 336.33
4000, 4000, 4000, 376.22
