bli_shgemm performance
MC = 256, KC = 2048, NC = 1840
m, n, k, GFLOPS
80, 80, 80, 81.76
160, 160, 160, 230.37
240, 240, 240, 278.50
320, 320, 320, 307.82
400, 400, 400, 330.01
480, 480, 480, 343.96
560, 560, 560, 354.01
640, 640, 640, 362.02
720, 720, 720, 368.51
800, 800, 800, 373.66
880, 880, 880, 372.78
960, 960, 960, 382.51
1040, 1040, 1040, 383.63
1120, 1120, 1120, 388.07
1200, 1200, 1200, 390.47
1280, 1280, 1280, 388.06
1360, 1360, 1360, 392.32
1440, 1440, 1440, 392.32
1520, 1520, 1520, 398.50
1600, 1600, 1600, 393.89
1680, 1680, 1680, 400.42
1760, 1760, 1760, 399.68
1840, 1840, 1840, 402.65
1920, 1920, 1920, 389.66
2000, 2000, 2000, 397.54
2080, 2080, 2080, 377.78
2160, 2160, 2160, 366.26
2240, 2240, 2240, 381.48
2320, 2320, 2320, 365.55
2400, 2400, 2400, 383.91
2480, 2480, 2480, 366.44
2560, 2560, 2560, 375.05
2640, 2640, 2640, 364.71
2720, 2720, 2720, 384.09
2800, 2800, 2800, 365.29
2880, 2880, 2880, 386.15
2960, 2960, 2960, 366.12
3040, 3040, 3040, 387.11
3120, 3120, 3120, 367.29
3200, 3200, 3200, 387.13
3280, 3280, 3280, 368.78
3360, 3360, 3360, 385.79
3440, 3440, 3440, 368.28
3520, 3520, 3520, 380.49
3600, 3600, 3600, 354.16
3680, 3680, 3680, 379.24
3760, 3760, 3760, 353.53
3840, 3840, 3840, 372.96
3920, 3920, 3920, 383.51
4000, 4000, 4000, 397.33
