bli_shgemm performance
MC = 288, KC = 1792, NC = 2096
m, n, k, GFLOPS
80, 80, 80, 80.92
160, 160, 160, 230.56
240, 240, 240, 277.96
320, 320, 320, 308.28
400, 400, 400, 328.57
480, 480, 480, 343.02
560, 560, 560, 352.79
640, 640, 640, 356.24
720, 720, 720, 362.65
800, 800, 800, 369.73
880, 880, 880, 370.63
960, 960, 960, 377.53
1040, 1040, 1040, 379.62
1120, 1120, 1120, 382.05
1200, 1200, 1200, 382.33
1280, 1280, 1280, 380.27
1360, 1360, 1360, 390.29
1440, 1440, 1440, 391.97
1520, 1520, 1520, 393.98
1600, 1600, 1600, 393.59
1680, 1680, 1680, 399.40
1760, 1760, 1760, 396.03
1840, 1840, 1840, 389.54
1920, 1920, 1920, 385.68
2000, 2000, 2000, 396.06
2080, 2080, 2080, 387.33
2160, 2160, 2160, 364.17
2240, 2240, 2240, 380.65
2320, 2320, 2320, 362.06
2400, 2400, 2400, 379.06
2480, 2480, 2480, 363.76
2560, 2560, 2560, 371.97
2640, 2640, 2640, 363.20
2720, 2720, 2720, 382.94
2800, 2800, 2800, 364.79
2880, 2880, 2880, 386.29
2960, 2960, 2960, 365.63
3040, 3040, 3040, 385.91
3120, 3120, 3120, 368.54
3200, 3200, 3200, 385.74
3280, 3280, 3280, 350.68
3360, 3360, 3360, 376.69
3440, 3440, 3440, 351.75
3520, 3520, 3520, 380.83
3600, 3600, 3600, 356.51
3680, 3680, 3680, 383.20
3760, 3760, 3760, 358.56
3840, 3840, 3840, 366.78
3920, 3920, 3920, 374.93
4000, 4000, 4000, 393.86
