bli_shgemm performance
MC = 296, KC = 2816, NC = 1552
m, n, k, GFLOPS
80, 80, 80, 81.28
160, 160, 160, 179.35
240, 240, 240, 278.85
320, 320, 320, 308.04
400, 400, 400, 329.65
480, 480, 480, 344.46
560, 560, 560, 354.80
640, 640, 640, 358.75
720, 720, 720, 362.30
800, 800, 800, 372.01
880, 880, 880, 378.65
960, 960, 960, 379.78
1040, 1040, 1040, 382.76
1120, 1120, 1120, 386.34
1200, 1200, 1200, 386.53
1280, 1280, 1280, 385.34
1360, 1360, 1360, 393.96
1440, 1440, 1440, 395.11
1520, 1520, 1520, 397.06
1600, 1600, 1600, 384.88
1680, 1680, 1680, 392.39
1760, 1760, 1760, 392.13
1840, 1840, 1840, 394.23
1920, 1920, 1920, 393.99
2000, 2000, 2000, 399.27
2080, 2080, 2080, 391.36
2160, 2160, 2160, 387.95
2240, 2240, 2240, 395.00
2320, 2320, 2320, 386.63
2400, 2400, 2400, 394.48
2480, 2480, 2480, 384.51
2560, 2560, 2560, 392.20
2640, 2640, 2640, 386.49
2720, 2720, 2720, 398.13
2800, 2800, 2800, 385.45
2880, 2880, 2880, 390.12
2960, 2960, 2960, 370.22
3040, 3040, 3040, 392.45
3120, 3120, 3120, 369.19
3200, 3200, 3200, 388.87
3280, 3280, 3280, 368.86
3360, 3360, 3360, 389.94
3440, 3440, 3440, 368.95
3520, 3520, 3520, 391.54
3600, 3600, 3600, 370.23
3680, 3680, 3680, 390.50
3760, 3760, 3760, 372.48
3840, 3840, 3840, 389.22
3920, 3920, 3920, 386.84
4000, 4000, 4000, 400.18
