bli_shgemm performance
MC = 680, KC = 2304, NC = 2720
m, n, k, GFLOPS
80, 80, 80, 80.77
160, 160, 160, 176.86
240, 240, 240, 279.89
320, 320, 320, 309.08
400, 400, 400, 330.75
480, 480, 480, 344.76
560, 560, 560, 352.32
640, 640, 640, 350.22
720, 720, 720, 350.60
800, 800, 800, 362.82
880, 880, 880, 362.21
960, 960, 960, 373.27
1040, 1040, 1040, 381.23
1120, 1120, 1120, 383.11
1200, 1200, 1200, 390.30
1280, 1280, 1280, 388.60
1360, 1360, 1360, 397.88
1440, 1440, 1440, 396.53
1520, 1520, 1520, 403.35
1600, 1600, 1600, 401.41
1680, 1680, 1680, 406.26
1760, 1760, 1760, 404.36
1840, 1840, 1840, 408.94
1920, 1920, 1920, 403.68
2000, 2000, 2000, 412.88
2080, 2080, 2080, 400.05
2160, 2160, 2160, 370.35
2240, 2240, 2240, 406.32
2320, 2320, 2320, 377.38
2400, 2400, 2400, 395.28
2480, 2480, 2480, 376.50
2560, 2560, 2560, 385.28
2640, 2640, 2640, 380.02
2720, 2720, 2720, 398.02
2800, 2800, 2800, 366.07
2880, 2880, 2880, 388.99
2960, 2960, 2960, 368.66
3040, 3040, 3040, 391.74
3120, 3120, 3120, 371.82
3200, 3200, 3200, 392.62
3280, 3280, 3280, 373.72
3360, 3360, 3360, 394.93
3440, 3440, 3440, 371.47
3520, 3520, 3520, 397.27
3600, 3600, 3600, 374.86
3680, 3680, 3680, 398.53
3760, 3760, 3760, 389.20
3840, 3840, 3840, 402.39
3920, 3920, 3920, 393.07
4000, 4000, 4000, 408.01
