bli_shgemm performance
MC = 80, KC = 1280, NC = 2288
m, n, k, GFLOPS
80, 80, 80, 80.34
160, 160, 160, 229.16
240, 240, 240, 277.27
320, 320, 320, 308.44
400, 400, 400, 329.51
480, 480, 480, 346.62
560, 560, 560, 356.57
640, 640, 640, 360.01
720, 720, 720, 363.43
800, 800, 800, 370.22
880, 880, 880, 372.20
960, 960, 960, 384.08
1040, 1040, 1040, 386.80
1120, 1120, 1120, 386.38
1200, 1200, 1200, 383.95
1280, 1280, 1280, 377.63
1360, 1360, 1360, 366.99
1440, 1440, 1440, 370.35
1520, 1520, 1520, 370.09
1600, 1600, 1600, 371.34
1680, 1680, 1680, 375.56
1760, 1760, 1760, 374.69
1840, 1840, 1840, 375.30
1920, 1920, 1920, 370.93
2000, 2000, 2000, 372.39
2080, 2080, 2080, 367.16
2160, 2160, 2160, 351.44
2240, 2240, 2240, 359.18
2320, 2320, 2320, 336.63
2400, 2400, 2400, 351.79
2480, 2480, 2480, 338.23
2560, 2560, 2560, 348.05
2640, 2640, 2640, 329.24
2720, 2720, 2720, 352.19
2800, 2800, 2800, 332.46
2880, 2880, 2880, 357.62
2960, 2960, 2960, 336.63
3040, 3040, 3040, 362.61
3120, 3120, 3120, 342.38
3200, 3200, 3200, 360.47
3280, 3280, 3280, 342.96
3360, 3360, 3360, 365.93
3440, 3440, 3440, 340.36
3520, 3520, 3520, 363.83
3600, 3600, 3600, 339.90
3680, 3680, 3680, 365.14
3760, 3760, 3760, 341.04
3840, 3840, 3840, 354.68
3920, 3920, 3920, 328.62
4000, 4000, 4000, 362.10
