bli_shgemm performance
MC = 96, KC = 1024, NC = 2864
m, n, k, GFLOPS
80, 80, 80, 81.52
160, 160, 160, 228.92
240, 240, 240, 277.34
320, 320, 320, 307.99
400, 400, 400, 329.85
480, 480, 480, 346.84
560, 560, 560, 356.39
640, 640, 640, 361.07
720, 720, 720, 364.19
800, 800, 800, 368.98
880, 880, 880, 372.88
960, 960, 960, 383.65
1040, 1040, 1040, 367.90
1120, 1120, 1120, 370.91
1200, 1200, 1200, 371.55
1280, 1280, 1280, 369.70
1360, 1360, 1360, 377.01
1440, 1440, 1440, 382.02
1520, 1520, 1520, 381.28
1600, 1600, 1600, 381.43
1680, 1680, 1680, 385.62
1760, 1760, 1760, 387.30
1840, 1840, 1840, 384.10
1920, 1920, 1920, 377.22
2000, 2000, 2000, 374.94
2080, 2080, 2080, 357.51
2160, 2160, 2160, 345.04
2240, 2240, 2240, 358.89
2320, 2320, 2320, 340.67
2400, 2400, 2400, 358.28
2480, 2480, 2480, 339.80
2560, 2560, 2560, 344.06
2640, 2640, 2640, 335.04
2720, 2720, 2720, 353.11
2800, 2800, 2800, 328.78
2880, 2880, 2880, 345.14
2960, 2960, 2960, 326.14
3040, 3040, 3040, 348.94
3120, 3120, 3120, 319.03
3200, 3200, 3200, 341.28
3280, 3280, 3280, 317.63
3360, 3360, 3360, 349.66
3440, 3440, 3440, 325.07
3520, 3520, 3520, 353.24
3600, 3600, 3600, 324.78
3680, 3680, 3680, 354.65
3760, 3760, 3760, 327.83
3840, 3840, 3840, 349.54
3920, 3920, 3920, 331.86
4000, 4000, 4000, 366.05
