bli_shgemm performance
MC = 1024, KC = 1024, NC = 512
m, n, k, GFLOPS
1024, 1024, 80, 183.31
1024, 1024, 160, 248.24
1024, 1024, 240, 283.05
1024, 1024, 320, 303.52
1024, 1024, 400, 320.80
1024, 1024, 480, 328.29
1024, 1024, 560, 325.25
1024, 1024, 640, 327.89
1024, 1024, 720, 325.65
1024, 1024, 800, 338.04
1024, 1024, 880, 338.86
1024, 1024, 960, 348.64
1024, 1024, 1040, 312.70
1024, 1024, 1120, 325.50
1024, 1024, 1200, 319.03
1024, 1024, 1280, 329.28
1024, 1024, 1360, 324.11
1024, 1024, 1440, 333.46
1024, 1024, 1520, 327.76
1024, 1024, 1600, 342.67
1024, 1024, 1680, 334.27
1024, 1024, 1760, 341.37
1024, 1024, 1840, 335.75
1024, 1024, 1920, 347.41
1024, 1024, 2000, 344.09
1024, 1024, 2080, 335.92
1024, 1024, 2160, 347.68
1024, 1024, 2240, 348.29
1024, 1024, 2320, 350.50
1024, 1024, 2400, 352.13
1024, 1024, 2480, 353.53
1024, 1024, 2560, 353.16
1024, 1024, 2640, 353.91
1024, 1024, 2720, 353.71
1024, 1024, 2800, 355.61
1024, 1024, 2880, 356.90
1024, 1024, 2960, 358.19
1024, 1024, 3040, 359.22
1024, 1024, 3120, 350.80
1024, 1024, 3200, 351.39
1024, 1024, 3280, 352.22
1024, 1024, 3360, 353.44
1024, 1024, 3440, 353.97
1024, 1024, 3520, 354.98
1024, 1024, 3600, 354.95
1024, 1024, 3680, 355.74
1024, 1024, 3760, 355.35
1024, 1024, 3840, 357.82
1024, 1024, 3920, 357.92
1024, 1024, 4000, 358.72
