bli_shgemm performance
MC = 1024, KC = 512, NC = 4096
m, n, k, GFLOPS
1024, 1024, 80, 200.59
1024, 1024, 160, 278.30
1024, 1024, 240, 306.61
1024, 1024, 320, 324.26
1024, 1024, 400, 335.83
1024, 1024, 480, 343.81
1024, 1024, 560, 302.40
1024, 1024, 640, 312.51
1024, 1024, 720, 320.72
1024, 1024, 800, 326.12
1024, 1024, 880, 327.27
1024, 1024, 960, 338.49
1024, 1024, 1040, 316.91
1024, 1024, 1120, 323.89
1024, 1024, 1200, 322.89
1024, 1024, 1280, 331.66
1024, 1024, 1360, 329.96
1024, 1024, 1440, 337.23
1024, 1024, 1520, 336.15
1024, 1024, 1600, 316.72
1024, 1024, 1680, 314.79
1024, 1024, 1760, 317.56
1024, 1024, 1840, 316.03
1024, 1024, 1920, 321.13
1024, 1024, 2000, 322.85
1024, 1024, 2080, 334.03
1024, 1024, 2160, 333.13
1024, 1024, 2240, 340.45
1024, 1024, 2320, 337.39
1024, 1024, 2400, 342.59
1024, 1024, 2480, 340.17
1024, 1024, 2560, 345.78
1024, 1024, 2640, 341.40
1024, 1024, 2720, 343.41
1024, 1024, 2800, 344.39
1024, 1024, 2880, 348.44
1024, 1024, 2960, 349.56
1024, 1024, 3040, 350.19
1024, 1024, 3120, 342.09
1024, 1024, 3200, 345.46
1024, 1024, 3280, 347.28
1024, 1024, 3360, 348.60
1024, 1024, 3440, 349.27
1024, 1024, 3520, 351.42
1024, 1024, 3600, 345.94
1024, 1024, 3680, 346.93
1024, 1024, 3760, 347.89
1024, 1024, 3840, 349.14
1024, 1024, 3920, 349.86
1024, 1024, 4000, 351.43
