bli_shgemm performance
MC = 1024, KC = 768, NC = 4096
m, n, k, GFLOPS
1024, 1024, 80, 205.74
1024, 1024, 160, 276.76
1024, 1024, 240, 307.46
1024, 1024, 320, 325.14
1024, 1024, 400, 336.36
1024, 1024, 480, 342.07
1024, 1024, 560, 349.12
1024, 1024, 640, 352.91
1024, 1024, 720, 354.52
1024, 1024, 800, 327.77
1024, 1024, 880, 330.28
1024, 1024, 960, 338.18
1024, 1024, 1040, 337.28
1024, 1024, 1120, 344.87
1024, 1024, 1200, 345.35
1024, 1024, 1280, 353.02
1024, 1024, 1360, 349.51
1024, 1024, 1440, 351.61
1024, 1024, 1520, 354.58
1024, 1024, 1600, 343.16
1024, 1024, 1680, 339.00
1024, 1024, 1760, 346.40
1024, 1024, 1840, 344.46
1024, 1024, 1920, 351.59
1024, 1024, 2000, 348.76
1024, 1024, 2080, 353.63
1024, 1024, 2160, 352.45
1024, 1024, 2240, 356.32
1024, 1024, 2320, 344.52
1024, 1024, 2400, 350.10
1024, 1024, 2480, 358.53
1024, 1024, 2560, 359.97
1024, 1024, 2640, 361.58
1024, 1024, 2720, 362.76
1024, 1024, 2800, 363.51
1024, 1024, 2880, 364.67
1024, 1024, 2960, 364.47
1024, 1024, 3040, 366.53
1024, 1024, 3120, 358.44
1024, 1024, 3200, 359.16
1024, 1024, 3280, 360.22
1024, 1024, 3360, 361.73
1024, 1024, 3440, 362.69
1024, 1024, 3520, 363.94
1024, 1024, 3600, 364.53
1024, 1024, 3680, 365.38
1024, 1024, 3760, 364.51
1024, 1024, 3840, 366.69
1024, 1024, 3920, 360.18
1024, 1024, 4000, 360.96
