bli_shgemm performance
MC = 1024, KC = 768, NC = 4778
m, n, k, GFLOPS
1024, 1024, 80, 204.16
1024, 1024, 160, 274.48
1024, 1024, 240, 304.73
1024, 1024, 320, 325.07
1024, 1024, 400, 335.62
1024, 1024, 480, 343.52
1024, 1024, 560, 351.98
1024, 1024, 640, 355.03
1024, 1024, 720, 357.96
1024, 1024, 800, 327.24
1024, 1024, 880, 328.09
1024, 1024, 960, 338.33
1024, 1024, 1040, 335.23
1024, 1024, 1120, 343.33
1024, 1024, 1200, 343.51
1024, 1024, 1280, 350.79
1024, 1024, 1360, 347.27
1024, 1024, 1440, 350.73
1024, 1024, 1520, 352.46
1024, 1024, 1600, 343.00
1024, 1024, 1680, 339.37
1024, 1024, 1760, 346.05
1024, 1024, 1840, 344.78
1024, 1024, 1920, 351.69
1024, 1024, 2000, 349.70
1024, 1024, 2080, 356.43
1024, 1024, 2160, 354.08
1024, 1024, 2240, 358.98
1024, 1024, 2320, 344.38
1024, 1024, 2400, 349.53
1024, 1024, 2480, 347.93
1024, 1024, 2560, 353.60
1024, 1024, 2640, 351.86
1024, 1024, 2720, 355.42
1024, 1024, 2800, 353.57
1024, 1024, 2880, 349.70
1024, 1024, 2960, 348.63
1024, 1024, 3040, 351.25
1024, 1024, 3120, 341.49
1024, 1024, 3200, 343.82
1024, 1024, 3280, 343.84
1024, 1024, 3360, 345.80
1024, 1024, 3440, 346.40
1024, 1024, 3520, 349.01
1024, 1024, 3600, 357.04
1024, 1024, 3680, 361.59
1024, 1024, 3760, 359.10
1024, 1024, 3840, 363.28
1024, 1024, 3920, 355.18
1024, 1024, 4000, 357.34
