bli_shgemm performance
MC = 1024, KC = 1024, NC = 1792
m, n, k, GFLOPS
1024, 1024, 80, 190.39
1024, 1024, 160, 262.74
1024, 1024, 240, 295.27
1024, 1024, 320, 303.83
1024, 1024, 400, 327.08
1024, 1024, 480, 334.22
1024, 1024, 560, 341.48
1024, 1024, 640, 347.91
1024, 1024, 720, 349.87
1024, 1024, 800, 360.06
1024, 1024, 880, 361.40
1024, 1024, 960, 367.46
1024, 1024, 1040, 334.82
1024, 1024, 1120, 337.66
1024, 1024, 1200, 335.96
1024, 1024, 1280, 344.17
1024, 1024, 1360, 341.73
1024, 1024, 1440, 353.84
1024, 1024, 1520, 352.62
1024, 1024, 1600, 357.94
1024, 1024, 1680, 354.16
1024, 1024, 1760, 359.57
1024, 1024, 1840, 353.72
1024, 1024, 1920, 359.53
1024, 1024, 2000, 358.48
1024, 1024, 2080, 346.90
1024, 1024, 2160, 345.05
1024, 1024, 2240, 351.05
1024, 1024, 2320, 347.25
1024, 1024, 2400, 351.45
1024, 1024, 2480, 350.06
1024, 1024, 2560, 355.66
1024, 1024, 2640, 352.78
1024, 1024, 2720, 354.78
1024, 1024, 2800, 354.40
1024, 1024, 2880, 368.63
1024, 1024, 2960, 370.16
1024, 1024, 3040, 371.63
1024, 1024, 3120, 361.18
1024, 1024, 3200, 360.97
1024, 1024, 3280, 362.50
1024, 1024, 3360, 363.93
1024, 1024, 3440, 365.52
1024, 1024, 3520, 366.46
1024, 1024, 3600, 366.96
1024, 1024, 3680, 367.73
1024, 1024, 3760, 367.38
1024, 1024, 3840, 370.14
1024, 1024, 3920, 369.82
1024, 1024, 4000, 370.96
