bli_shgemm performance
MC = 1024, KC = 512, NC = 2048
m, n, k, GFLOPS
1024, 1024, 80, 190.66
1024, 1024, 160, 246.25
1024, 1024, 240, 290.05
1024, 1024, 320, 313.93
1024, 1024, 400, 327.11
1024, 1024, 480, 333.38
1024, 1024, 560, 286.79
1024, 1024, 640, 296.22
1024, 1024, 720, 303.20
1024, 1024, 800, 316.62
1024, 1024, 880, 316.69
1024, 1024, 960, 328.46
1024, 1024, 1040, 301.77
1024, 1024, 1120, 312.14
1024, 1024, 1200, 311.66
1024, 1024, 1280, 319.49
1024, 1024, 1360, 318.87
1024, 1024, 1440, 325.64
1024, 1024, 1520, 324.13
1024, 1024, 1600, 323.69
1024, 1024, 1680, 318.72
1024, 1024, 1760, 327.60
1024, 1024, 1840, 324.34
1024, 1024, 1920, 332.96
1024, 1024, 2000, 328.25
1024, 1024, 2080, 324.38
1024, 1024, 2160, 330.53
1024, 1024, 2240, 330.91
1024, 1024, 2320, 332.38
1024, 1024, 2400, 335.15
1024, 1024, 2480, 336.38
1024, 1024, 2560, 338.18
1024, 1024, 2640, 329.46
1024, 1024, 2720, 328.70
1024, 1024, 2800, 331.73
1024, 1024, 2880, 331.23
1024, 1024, 2960, 333.49
1024, 1024, 3040, 336.72
1024, 1024, 3120, 326.83
1024, 1024, 3200, 328.66
1024, 1024, 3280, 330.70
1024, 1024, 3360, 332.27
1024, 1024, 3440, 333.98
1024, 1024, 3520, 334.78
1024, 1024, 3600, 329.17
1024, 1024, 3680, 329.47
1024, 1024, 3760, 331.31
1024, 1024, 3840, 330.83
1024, 1024, 3920, 332.95
1024, 1024, 4000, 334.90
