bli_shgemm performance
MC = 128, KC = 1024, NC = 3584
m, n, k, GFLOPS
1024, 1024, 80, 202.48
1024, 1024, 160, 267.29
1024, 1024, 240, 302.48
1024, 1024, 320, 321.33
1024, 1024, 400, 330.31
1024, 1024, 480, 343.44
1024, 1024, 560, 344.43
1024, 1024, 640, 355.44
1024, 1024, 720, 356.38
1024, 1024, 800, 365.49
1024, 1024, 880, 364.40
1024, 1024, 960, 371.06
1024, 1024, 1040, 341.86
1024, 1024, 1120, 349.09
1024, 1024, 1200, 347.36
1024, 1024, 1280, 356.18
1024, 1024, 1360, 352.79
1024, 1024, 1440, 359.53
1024, 1024, 1520, 357.08
1024, 1024, 1600, 364.19
1024, 1024, 1680, 360.42
1024, 1024, 1760, 365.94
1024, 1024, 1840, 365.10
1024, 1024, 1920, 370.48
1024, 1024, 2000, 367.16
1024, 1024, 2080, 358.14
1024, 1024, 2160, 355.56
1024, 1024, 2240, 360.28
1024, 1024, 2320, 357.40
1024, 1024, 2400, 361.64
1024, 1024, 2480, 361.35
1024, 1024, 2560, 367.56
1024, 1024, 2640, 364.20
1024, 1024, 2720, 366.52
1024, 1024, 2800, 366.80
1024, 1024, 2880, 371.83
1024, 1024, 2960, 371.49
1024, 1024, 3040, 373.75
1024, 1024, 3120, 362.94
1024, 1024, 3200, 366.14
1024, 1024, 3280, 364.22
1024, 1024, 3360, 365.86
1024, 1024, 3440, 365.10
1024, 1024, 3520, 375.87
1024, 1024, 3600, 373.60
1024, 1024, 3680, 376.65
1024, 1024, 3760, 376.89
1024, 1024, 3840, 378.49
1024, 1024, 3920, 378.44
1024, 1024, 4000, 379.44
