bli_shgemm performance
MC = 128, KC = 2048, NC = 512
m, n, k, GFLOPS
1024, 1024, 80, 215.95
1024, 1024, 160, 277.06
1024, 1024, 240, 306.92
1024, 1024, 320, 328.05
1024, 1024, 400, 337.45
1024, 1024, 480, 341.39
1024, 1024, 560, 346.54
1024, 1024, 640, 349.19
1024, 1024, 720, 350.87
1024, 1024, 800, 351.90
1024, 1024, 880, 341.05
1024, 1024, 960, 366.41
1024, 1024, 1040, 368.49
1024, 1024, 1120, 370.36
1024, 1024, 1200, 371.66
1024, 1024, 1280, 373.33
1024, 1024, 1360, 374.64
1024, 1024, 1440, 376.39
1024, 1024, 1520, 377.47
1024, 1024, 1600, 378.29
1024, 1024, 1680, 379.11
1024, 1024, 1760, 380.02
1024, 1024, 1840, 380.67
1024, 1024, 1920, 380.14
1024, 1024, 2000, 380.49
1024, 1024, 2080, 370.81
1024, 1024, 2160, 358.49
1024, 1024, 2240, 372.50
1024, 1024, 2320, 357.62
1024, 1024, 2400, 374.61
1024, 1024, 2480, 356.83
1024, 1024, 2560, 376.48
1024, 1024, 2640, 359.11
1024, 1024, 2720, 375.92
1024, 1024, 2800, 359.53
1024, 1024, 2880, 377.24
1024, 1024, 2960, 363.16
1024, 1024, 3040, 378.69
1024, 1024, 3120, 364.21
1024, 1024, 3200, 379.01
1024, 1024, 3280, 379.35
1024, 1024, 3360, 379.62
1024, 1024, 3440, 380.14
1024, 1024, 3520, 380.33
1024, 1024, 3600, 381.13
1024, 1024, 3680, 381.52
1024, 1024, 3760, 381.62
1024, 1024, 3840, 382.03
1024, 1024, 3920, 382.62
1024, 1024, 4000, 382.80
