bli_shgemm performance
MC = 128, KC = 2048, NC = 1536
m, n, k, GFLOPS
1024, 1024, 80, 218.94
1024, 1024, 160, 280.63
1024, 1024, 240, 311.80
1024, 1024, 320, 333.81
1024, 1024, 400, 343.83
1024, 1024, 480, 349.73
1024, 1024, 560, 354.35
1024, 1024, 640, 360.27
1024, 1024, 720, 362.58
1024, 1024, 800, 372.36
1024, 1024, 880, 372.82
1024, 1024, 960, 374.53
1024, 1024, 1040, 373.29
1024, 1024, 1120, 375.83
1024, 1024, 1200, 375.72
1024, 1024, 1280, 377.37
1024, 1024, 1360, 374.62
1024, 1024, 1440, 375.67
1024, 1024, 1520, 372.57
1024, 1024, 1600, 373.33
1024, 1024, 1680, 370.04
1024, 1024, 1760, 370.16
1024, 1024, 1840, 368.96
1024, 1024, 1920, 369.16
1024, 1024, 2000, 367.23
1024, 1024, 2080, 355.14
1024, 1024, 2160, 355.66
1024, 1024, 2240, 359.43
1024, 1024, 2320, 358.06
1024, 1024, 2400, 361.29
1024, 1024, 2480, 361.01
1024, 1024, 2560, 364.78
1024, 1024, 2640, 363.33
1024, 1024, 2720, 365.23
1024, 1024, 2800, 365.19
1024, 1024, 2880, 367.72
1024, 1024, 2960, 366.51
1024, 1024, 3040, 379.46
1024, 1024, 3120, 380.03
1024, 1024, 3200, 380.68
1024, 1024, 3280, 381.05
1024, 1024, 3360, 380.84
1024, 1024, 3440, 380.75
1024, 1024, 3520, 380.28
1024, 1024, 3600, 379.03
1024, 1024, 3680, 378.72
1024, 1024, 3760, 378.02
1024, 1024, 3840, 378.31
1024, 1024, 3920, 377.86
1024, 1024, 4000, 361.36
