bli_shgemm performance
MC = 128, KC = 1024, NC = 2048
m, n, k, GFLOPS
1024, 1024, 80, 208.58
1024, 1024, 160, 280.71
1024, 1024, 240, 315.78
1024, 1024, 320, 333.15
1024, 1024, 400, 340.70
1024, 1024, 480, 348.72
1024, 1024, 560, 353.10
1024, 1024, 640, 358.42
1024, 1024, 720, 363.30
1024, 1024, 800, 372.34
1024, 1024, 880, 370.89
1024, 1024, 960, 378.27
1024, 1024, 1040, 350.70
1024, 1024, 1120, 356.39
1024, 1024, 1200, 355.23
1024, 1024, 1280, 361.89
1024, 1024, 1360, 359.02
1024, 1024, 1440, 365.04
1024, 1024, 1520, 364.10
1024, 1024, 1600, 368.43
1024, 1024, 1680, 366.72
1024, 1024, 1760, 371.16
1024, 1024, 1840, 362.04
1024, 1024, 1920, 373.28
1024, 1024, 2000, 380.49
1024, 1024, 2080, 371.21
1024, 1024, 2160, 358.17
1024, 1024, 2240, 374.15
1024, 1024, 2320, 358.36
1024, 1024, 2400, 375.91
1024, 1024, 2480, 361.24
1024, 1024, 2560, 378.52
1024, 1024, 2640, 364.19
1024, 1024, 2720, 378.35
1024, 1024, 2800, 365.80
1024, 1024, 2880, 381.15
1024, 1024, 2960, 369.94
1024, 1024, 3040, 383.39
1024, 1024, 3120, 360.86
1024, 1024, 3200, 374.58
1024, 1024, 3280, 361.95
1024, 1024, 3360, 377.80
1024, 1024, 3440, 364.52
1024, 1024, 3520, 378.44
1024, 1024, 3600, 366.43
1024, 1024, 3680, 380.21
1024, 1024, 3760, 368.29
1024, 1024, 3840, 381.20
1024, 1024, 3920, 370.35
1024, 1024, 4000, 382.52
