bli_shgemm performance
MC = 128, KC = 1024, NC = 1536
m, n, k, GFLOPS
1024, 1024, 80, 214.11
1024, 1024, 160, 281.39
1024, 1024, 240, 311.89
1024, 1024, 320, 331.56
1024, 1024, 400, 338.57
1024, 1024, 480, 349.42
1024, 1024, 560, 354.10
1024, 1024, 640, 361.12
1024, 1024, 720, 361.68
1024, 1024, 800, 371.50
1024, 1024, 880, 371.05
1024, 1024, 960, 381.01
1024, 1024, 1040, 353.86
1024, 1024, 1120, 358.57
1024, 1024, 1200, 358.27
1024, 1024, 1280, 363.75
1024, 1024, 1360, 362.78
1024, 1024, 1440, 360.49
1024, 1024, 1520, 365.48
1024, 1024, 1600, 372.36
1024, 1024, 1680, 373.01
1024, 1024, 1760, 375.84
1024, 1024, 1840, 377.60
1024, 1024, 1920, 378.86
1024, 1024, 2000, 380.78
1024, 1024, 2080, 369.82
1024, 1024, 2160, 355.40
1024, 1024, 2240, 373.40
1024, 1024, 2320, 356.83
1024, 1024, 2400, 375.57
1024, 1024, 2480, 360.51
1024, 1024, 2560, 378.03
1024, 1024, 2640, 362.84
1024, 1024, 2720, 378.17
1024, 1024, 2800, 365.59
1024, 1024, 2880, 381.51
1024, 1024, 2960, 368.98
1024, 1024, 3040, 383.06
1024, 1024, 3120, 360.30
1024, 1024, 3200, 374.83
1024, 1024, 3280, 361.76
1024, 1024, 3360, 377.16
1024, 1024, 3440, 363.44
1024, 1024, 3520, 378.79
1024, 1024, 3600, 365.90
1024, 1024, 3680, 380.17
1024, 1024, 3760, 379.68
1024, 1024, 3840, 381.56
1024, 1024, 3920, 381.70
1024, 1024, 4000, 382.91
