bli_shgemm performance
MC = 1365, KC = 768, NC = 4778
m, n, k, GFLOPS
1024, 1024, 80, 206.57
1024, 1024, 160, 273.83
1024, 1024, 240, 301.72
1024, 1024, 320, 323.88
1024, 1024, 400, 333.47
1024, 1024, 480, 342.76
1024, 1024, 560, 348.61
1024, 1024, 640, 352.11
1024, 1024, 720, 352.93
1024, 1024, 800, 332.14
1024, 1024, 880, 336.01
1024, 1024, 960, 342.89
1024, 1024, 1040, 328.20
1024, 1024, 1120, 346.74
1024, 1024, 1200, 346.44
1024, 1024, 1280, 354.60
1024, 1024, 1360, 351.45
1024, 1024, 1440, 354.23
1024, 1024, 1520, 353.46
1024, 1024, 1600, 334.01
1024, 1024, 1680, 329.33
1024, 1024, 1760, 337.22
1024, 1024, 1840, 335.07
1024, 1024, 1920, 342.74
1024, 1024, 2000, 339.67
1024, 1024, 2080, 344.24
1024, 1024, 2160, 343.13
1024, 1024, 2240, 347.26
1024, 1024, 2320, 334.55
1024, 1024, 2400, 337.99
1024, 1024, 2480, 337.34
1024, 1024, 2560, 341.29
1024, 1024, 2640, 341.25
1024, 1024, 2720, 344.80
1024, 1024, 2800, 342.82
1024, 1024, 2880, 347.48
1024, 1024, 2960, 344.46
1024, 1024, 3040, 348.79
1024, 1024, 3120, 343.43
1024, 1024, 3200, 346.66
1024, 1024, 3280, 345.21
1024, 1024, 3360, 348.53
1024, 1024, 3440, 347.38
1024, 1024, 3520, 351.73
1024, 1024, 3600, 358.22
1024, 1024, 3680, 353.38
1024, 1024, 3760, 350.00
1024, 1024, 3840, 353.97
1024, 1024, 3920, 345.68
1024, 1024, 4000, 348.20
