bli_shgemm performance
MC = 1365, KC = 768, NC = 1365
m, n, k, GFLOPS
1024, 1024, 80, 195.27
1024, 1024, 160, 276.29
1024, 1024, 240, 307.46
1024, 1024, 320, 324.26
1024, 1024, 400, 333.37
1024, 1024, 480, 343.13
1024, 1024, 560, 347.84
1024, 1024, 640, 349.65
1024, 1024, 720, 354.23
1024, 1024, 800, 332.54
1024, 1024, 880, 336.19
1024, 1024, 960, 342.81
1024, 1024, 1040, 335.52
1024, 1024, 1120, 343.21
1024, 1024, 1200, 343.48
1024, 1024, 1280, 350.48
1024, 1024, 1360, 348.18
1024, 1024, 1440, 349.80
1024, 1024, 1520, 353.18
1024, 1024, 1600, 342.59
1024, 1024, 1680, 337.30
1024, 1024, 1760, 345.58
1024, 1024, 1840, 343.24
1024, 1024, 1920, 350.54
1024, 1024, 2000, 347.55
1024, 1024, 2080, 353.04
1024, 1024, 2160, 351.53
1024, 1024, 2240, 355.42
1024, 1024, 2320, 343.00
1024, 1024, 2400, 346.79
1024, 1024, 2480, 346.28
1024, 1024, 2560, 350.29
1024, 1024, 2640, 351.86
1024, 1024, 2720, 356.72
1024, 1024, 2800, 353.25
1024, 1024, 2880, 360.17
1024, 1024, 2960, 355.80
1024, 1024, 3040, 361.07
1024, 1024, 3120, 358.81
1024, 1024, 3200, 359.03
1024, 1024, 3280, 360.16
1024, 1024, 3360, 361.77
1024, 1024, 3440, 362.71
1024, 1024, 3520, 363.74
1024, 1024, 3600, 364.00
1024, 1024, 3680, 365.28
1024, 1024, 3760, 364.75
1024, 1024, 3840, 366.56
1024, 1024, 3920, 360.45
1024, 1024, 4000, 360.90
