bli_shgemm performance
MC = 1536, KC = 512, NC = 8192
m, n, k, GFLOPS
1024, 1024, 80, 203.61
1024, 1024, 160, 274.78
1024, 1024, 240, 305.25
1024, 1024, 320, 323.00
1024, 1024, 400, 333.97
1024, 1024, 480, 343.92
1024, 1024, 560, 308.47
1024, 1024, 640, 318.53
1024, 1024, 720, 323.43
1024, 1024, 800, 327.98
1024, 1024, 880, 328.34
1024, 1024, 960, 340.94
1024, 1024, 1040, 315.61
1024, 1024, 1120, 324.55
1024, 1024, 1200, 323.05
1024, 1024, 1280, 332.22
1024, 1024, 1360, 334.71
1024, 1024, 1440, 340.19
1024, 1024, 1520, 340.04
1024, 1024, 1600, 330.94
1024, 1024, 1680, 330.06
1024, 1024, 1760, 335.24
1024, 1024, 1840, 330.67
1024, 1024, 1920, 339.28
1024, 1024, 2000, 336.07
1024, 1024, 2080, 331.12
1024, 1024, 2160, 329.26
1024, 1024, 2240, 336.20
1024, 1024, 2320, 333.52
1024, 1024, 2400, 338.27
1024, 1024, 2480, 336.79
1024, 1024, 2560, 342.39
1024, 1024, 2640, 331.01
1024, 1024, 2720, 335.87
1024, 1024, 2800, 334.30
1024, 1024, 2880, 341.42
1024, 1024, 2960, 338.17
1024, 1024, 3040, 341.82
1024, 1024, 3120, 333.11
1024, 1024, 3200, 337.50
1024, 1024, 3280, 335.53
1024, 1024, 3360, 342.80
1024, 1024, 3440, 350.34
1024, 1024, 3520, 351.58
1024, 1024, 3600, 345.98
1024, 1024, 3680, 347.45
1024, 1024, 3760, 348.32
1024, 1024, 3840, 349.62
1024, 1024, 3920, 350.22
1024, 1024, 4000, 351.95
