bli_shgemm performance
MC = 1536, KC = 512, NC = 7168
m, n, k, GFLOPS
1024, 1024, 80, 205.27
1024, 1024, 160, 275.54
1024, 1024, 240, 307.32
1024, 1024, 320, 323.73
1024, 1024, 400, 334.99
1024, 1024, 480, 342.67
1024, 1024, 560, 312.73
1024, 1024, 640, 321.73
1024, 1024, 720, 325.23
1024, 1024, 800, 334.23
1024, 1024, 880, 333.90
1024, 1024, 960, 343.49
1024, 1024, 1040, 321.20
1024, 1024, 1120, 327.82
1024, 1024, 1200, 328.98
1024, 1024, 1280, 334.37
1024, 1024, 1360, 331.25
1024, 1024, 1440, 339.13
1024, 1024, 1520, 337.69
1024, 1024, 1600, 331.94
1024, 1024, 1680, 328.84
1024, 1024, 1760, 335.32
1024, 1024, 1840, 334.03
1024, 1024, 1920, 341.48
1024, 1024, 2000, 339.05
1024, 1024, 2080, 319.64
1024, 1024, 2160, 321.03
1024, 1024, 2240, 329.36
1024, 1024, 2320, 325.64
1024, 1024, 2400, 332.18
1024, 1024, 2480, 330.33
1024, 1024, 2560, 336.83
1024, 1024, 2640, 324.63
1024, 1024, 2720, 329.23
1024, 1024, 2800, 326.90
1024, 1024, 2880, 349.78
1024, 1024, 2960, 351.13
1024, 1024, 3040, 352.24
1024, 1024, 3120, 345.89
1024, 1024, 3200, 346.77
1024, 1024, 3280, 348.06
1024, 1024, 3360, 349.96
1024, 1024, 3440, 350.95
1024, 1024, 3520, 352.35
1024, 1024, 3600, 346.30
1024, 1024, 3680, 347.31
1024, 1024, 3760, 348.27
1024, 1024, 3840, 349.80
1024, 1024, 3920, 350.90
1024, 1024, 4000, 352.17
