bli_shgemm performance
MC = 1536, KC = 512, NC = 1024
m, n, k, GFLOPS
1024, 1024, 80, 195.06
1024, 1024, 160, 259.29
1024, 1024, 240, 293.76
1024, 1024, 320, 309.79
1024, 1024, 400, 321.14
1024, 1024, 480, 329.47
1024, 1024, 560, 294.36
1024, 1024, 640, 304.55
1024, 1024, 720, 305.87
1024, 1024, 800, 310.68
1024, 1024, 880, 318.80
1024, 1024, 960, 330.43
1024, 1024, 1040, 304.18
1024, 1024, 1120, 313.41
1024, 1024, 1200, 311.61
1024, 1024, 1280, 320.19
1024, 1024, 1360, 327.61
1024, 1024, 1440, 335.03
1024, 1024, 1520, 332.04
1024, 1024, 1600, 326.26
1024, 1024, 1680, 322.84
1024, 1024, 1760, 329.78
1024, 1024, 1840, 327.05
1024, 1024, 1920, 337.78
1024, 1024, 2000, 348.05
1024, 1024, 2080, 330.84
1024, 1024, 2160, 332.68
1024, 1024, 2240, 334.91
1024, 1024, 2320, 336.63
1024, 1024, 2400, 339.63
1024, 1024, 2480, 340.43
1024, 1024, 2560, 342.14
1024, 1024, 2640, 334.13
1024, 1024, 2720, 335.66
1024, 1024, 2800, 337.75
1024, 1024, 2880, 338.76
1024, 1024, 2960, 340.77
1024, 1024, 3040, 341.04
1024, 1024, 3120, 334.96
1024, 1024, 3200, 336.01
1024, 1024, 3280, 336.76
1024, 1024, 3360, 338.94
1024, 1024, 3440, 339.90
1024, 1024, 3520, 341.57
1024, 1024, 3600, 335.15
1024, 1024, 3680, 336.16
1024, 1024, 3760, 337.07
1024, 1024, 3840, 338.35
1024, 1024, 3920, 340.20
1024, 1024, 4000, 341.49
