bli_shgemm performance
MC = 1792, KC = 512, NC = 6144
m, n, k, GFLOPS
1024, 1024, 80, 200.04
1024, 1024, 160, 274.24
1024, 1024, 240, 305.94
1024, 1024, 320, 325.05
1024, 1024, 400, 335.71
1024, 1024, 480, 341.32
1024, 1024, 560, 313.80
1024, 1024, 640, 320.63
1024, 1024, 720, 328.20
1024, 1024, 800, 334.23
1024, 1024, 880, 338.82
1024, 1024, 960, 342.66
1024, 1024, 1040, 320.23
1024, 1024, 1120, 327.76
1024, 1024, 1200, 327.48
1024, 1024, 1280, 333.99
1024, 1024, 1360, 329.64
1024, 1024, 1440, 339.18
1024, 1024, 1520, 336.10
1024, 1024, 1600, 331.24
1024, 1024, 1680, 327.48
1024, 1024, 1760, 335.09
1024, 1024, 1840, 332.89
1024, 1024, 1920, 340.52
1024, 1024, 2000, 337.46
1024, 1024, 2080, 332.22
1024, 1024, 2160, 330.96
1024, 1024, 2240, 337.27
1024, 1024, 2320, 336.02
1024, 1024, 2400, 340.40
1024, 1024, 2480, 338.55
1024, 1024, 2560, 344.71
1024, 1024, 2640, 336.46
1024, 1024, 2720, 348.17
1024, 1024, 2800, 349.75
1024, 1024, 2880, 351.23
1024, 1024, 2960, 352.92
1024, 1024, 3040, 353.37
1024, 1024, 3120, 346.88
1024, 1024, 3200, 347.81
1024, 1024, 3280, 349.60
1024, 1024, 3360, 350.91
1024, 1024, 3440, 352.14
1024, 1024, 3520, 353.14
1024, 1024, 3600, 347.92
1024, 1024, 3680, 349.10
1024, 1024, 3760, 349.64
1024, 1024, 3840, 350.94
1024, 1024, 3920, 352.23
1024, 1024, 4000, 353.17
