bli_shgemm performance
MC = 1792, KC = 256, NC = 12288
m, n, k, GFLOPS
1024, 1024, 80, 200.44
1024, 1024, 160, 275.10
1024, 1024, 240, 298.11
1024, 1024, 320, 269.77
1024, 1024, 400, 283.90
1024, 1024, 480, 281.65
1024, 1024, 560, 278.73
1024, 1024, 640, 291.94
1024, 1024, 720, 296.65
1024, 1024, 800, 287.04
1024, 1024, 880, 296.14
1024, 1024, 960, 306.53
1024, 1024, 1040, 290.11
1024, 1024, 1120, 293.22
1024, 1024, 1200, 294.17
1024, 1024, 1280, 304.06
1024, 1024, 1360, 286.73
1024, 1024, 1440, 297.14
1024, 1024, 1520, 298.16
1024, 1024, 1600, 293.37
1024, 1024, 1680, 292.34
1024, 1024, 1760, 300.81
1024, 1024, 1840, 290.58
1024, 1024, 1920, 296.68
1024, 1024, 2000, 294.78
1024, 1024, 2080, 291.56
1024, 1024, 2160, 292.20
1024, 1024, 2240, 293.67
1024, 1024, 2320, 282.06
1024, 1024, 2400, 291.55
1024, 1024, 2480, 288.29
1024, 1024, 2560, 299.90
1024, 1024, 2640, 291.00
1024, 1024, 2720, 298.37
1024, 1024, 2800, 296.50
1024, 1024, 2880, 294.95
1024, 1024, 2960, 290.70
1024, 1024, 3040, 299.45
1024, 1024, 3120, 307.55
1024, 1024, 3200, 309.27
1024, 1024, 3280, 310.54
1024, 1024, 3360, 307.85
1024, 1024, 3440, 309.48
1024, 1024, 3520, 311.23
1024, 1024, 3600, 307.70
1024, 1024, 3680, 309.73
1024, 1024, 3760, 310.52
1024, 1024, 3840, 312.46
1024, 1024, 3920, 309.44
1024, 1024, 4000, 310.44
