bli_shgemm performance
MC = 1792, KC = 256, NC = 8192
m, n, k, GFLOPS
1024, 1024, 80, 195.07
1024, 1024, 160, 271.38
1024, 1024, 240, 303.13
1024, 1024, 320, 266.12
1024, 1024, 400, 282.56
1024, 1024, 480, 300.02
1024, 1024, 560, 279.22
1024, 1024, 640, 291.04
1024, 1024, 720, 293.73
1024, 1024, 800, 283.10
1024, 1024, 880, 287.40
1024, 1024, 960, 299.23
1024, 1024, 1040, 282.21
1024, 1024, 1120, 291.33
1024, 1024, 1200, 291.29
1024, 1024, 1280, 300.34
1024, 1024, 1360, 286.29
1024, 1024, 1440, 294.37
1024, 1024, 1520, 292.91
1024, 1024, 1600, 281.95
1024, 1024, 1680, 277.21
1024, 1024, 1760, 285.73
1024, 1024, 1840, 297.22
1024, 1024, 1920, 300.37
1024, 1024, 2000, 304.04
1024, 1024, 2080, 305.24
1024, 1024, 2160, 275.13
1024, 1024, 2240, 307.79
1024, 1024, 2320, 270.71
1024, 1024, 2400, 306.10
1024, 1024, 2480, 279.14
1024, 1024, 2560, 308.88
1024, 1024, 2640, 273.37
1024, 1024, 2720, 305.62
1024, 1024, 2800, 283.77
1024, 1024, 2880, 304.14
1024, 1024, 2960, 277.59
1024, 1024, 3040, 308.63
1024, 1024, 3120, 277.96
1024, 1024, 3200, 307.49
1024, 1024, 3280, 281.57
1024, 1024, 3360, 303.42
1024, 1024, 3440, 282.44
1024, 1024, 3520, 309.03
1024, 1024, 3600, 280.87
1024, 1024, 3680, 305.79
1024, 1024, 3760, 282.71
1024, 1024, 3840, 308.52
1024, 1024, 3920, 285.05
1024, 1024, 4000, 311.18
