bli_shgemm performance
MC = 1792, KC = 256, NC = 2048
m, n, k, GFLOPS
1024, 1024, 80, 192.96
1024, 1024, 160, 247.44
1024, 1024, 240, 280.96
1024, 1024, 320, 247.98
1024, 1024, 400, 261.59
1024, 1024, 480, 278.29
1024, 1024, 560, 256.72
1024, 1024, 640, 268.24
1024, 1024, 720, 273.96
1024, 1024, 800, 262.36
1024, 1024, 880, 267.94
1024, 1024, 960, 277.70
1024, 1024, 1040, 258.11
1024, 1024, 1120, 266.77
1024, 1024, 1200, 269.18
1024, 1024, 1280, 287.45
1024, 1024, 1360, 269.68
1024, 1024, 1440, 281.24
1024, 1024, 1520, 280.16
1024, 1024, 1600, 279.32
1024, 1024, 1680, 275.28
1024, 1024, 1760, 285.83
1024, 1024, 1840, 273.26
1024, 1024, 1920, 283.21
1024, 1024, 2000, 278.31
1024, 1024, 2080, 272.82
1024, 1024, 2160, 270.98
1024, 1024, 2240, 277.38
1024, 1024, 2320, 264.89
1024, 1024, 2400, 274.20
1024, 1024, 2480, 270.07
1024, 1024, 2560, 280.34
1024, 1024, 2640, 267.95
1024, 1024, 2720, 276.00
1024, 1024, 2800, 271.80
1024, 1024, 2880, 275.00
1024, 1024, 2960, 269.18
1024, 1024, 3040, 278.73
1024, 1024, 3120, 267.53
1024, 1024, 3200, 277.83
1024, 1024, 3280, 270.86
1024, 1024, 3360, 273.48
1024, 1024, 3440, 269.65
1024, 1024, 3520, 280.66
1024, 1024, 3600, 268.59
1024, 1024, 3680, 275.33
1024, 1024, 3760, 272.06
1024, 1024, 3840, 279.78
1024, 1024, 3920, 268.75
1024, 1024, 4000, 276.61
