bli_shgemm performance
MC = 1792, KC = 256, NC = 14336
m, n, k, GFLOPS
1024, 1024, 80, 201.83
1024, 1024, 160, 273.64
1024, 1024, 240, 302.83
1024, 1024, 320, 270.70
1024, 1024, 400, 282.54
1024, 1024, 480, 302.08
1024, 1024, 560, 277.80
1024, 1024, 640, 289.05
1024, 1024, 720, 291.58
1024, 1024, 800, 282.63
1024, 1024, 880, 285.49
1024, 1024, 960, 296.19
1024, 1024, 1040, 280.78
1024, 1024, 1120, 287.80
1024, 1024, 1200, 286.88
1024, 1024, 1280, 297.80
1024, 1024, 1360, 278.95
1024, 1024, 1440, 292.72
1024, 1024, 1520, 292.35
1024, 1024, 1600, 287.62
1024, 1024, 1680, 282.87
1024, 1024, 1760, 295.68
1024, 1024, 1840, 285.64
1024, 1024, 1920, 289.89
1024, 1024, 2000, 286.54
1024, 1024, 2080, 285.33
1024, 1024, 2160, 283.26
1024, 1024, 2240, 295.70
1024, 1024, 2320, 280.83
1024, 1024, 2400, 290.70
1024, 1024, 2480, 285.22
1024, 1024, 2560, 295.50
1024, 1024, 2640, 283.70
1024, 1024, 2720, 294.23
1024, 1024, 2800, 292.27
1024, 1024, 2880, 290.78
1024, 1024, 2960, 286.19
1024, 1024, 3040, 295.77
1024, 1024, 3120, 288.98
1024, 1024, 3200, 292.11
1024, 1024, 3280, 288.78
1024, 1024, 3360, 291.71
1024, 1024, 3440, 289.66
1024, 1024, 3520, 301.35
1024, 1024, 3600, 307.90
1024, 1024, 3680, 308.73
1024, 1024, 3760, 309.85
1024, 1024, 3840, 312.44
1024, 1024, 3920, 308.07
1024, 1024, 4000, 308.98
