bli_shgemm performance
MC = 2048, KC = 256, NC = 8192
m, n, k, GFLOPS
1024, 1024, 80, 204.35
1024, 1024, 160, 275.53
1024, 1024, 240, 304.91
1024, 1024, 320, 274.84
1024, 1024, 400, 286.83
1024, 1024, 480, 304.95
1024, 1024, 560, 277.97
1024, 1024, 640, 289.31
1024, 1024, 720, 297.36
1024, 1024, 800, 281.62
1024, 1024, 880, 285.58
1024, 1024, 960, 296.68
1024, 1024, 1040, 282.36
1024, 1024, 1120, 290.45
1024, 1024, 1200, 290.92
1024, 1024, 1280, 301.02
1024, 1024, 1360, 284.66
1024, 1024, 1440, 293.75
1024, 1024, 1520, 295.06
1024, 1024, 1600, 275.90
1024, 1024, 1680, 269.60
1024, 1024, 1760, 278.24
1024, 1024, 1840, 267.89
1024, 1024, 1920, 276.67
1024, 1024, 2000, 271.18
1024, 1024, 2080, 291.75
1024, 1024, 2160, 289.86
1024, 1024, 2240, 302.60
1024, 1024, 2320, 286.99
1024, 1024, 2400, 295.88
1024, 1024, 2480, 292.50
1024, 1024, 2560, 302.80
1024, 1024, 2640, 308.57
1024, 1024, 2720, 311.80
1024, 1024, 2800, 311.95
1024, 1024, 2880, 308.37
1024, 1024, 2960, 309.75
1024, 1024, 3040, 312.43
1024, 1024, 3120, 308.40
1024, 1024, 3200, 310.21
1024, 1024, 3280, 311.75
1024, 1024, 3360, 308.04
1024, 1024, 3440, 310.87
1024, 1024, 3520, 311.64
1024, 1024, 3600, 309.16
1024, 1024, 3680, 310.39
1024, 1024, 3760, 310.68
1024, 1024, 3840, 313.15
1024, 1024, 3920, 309.92
1024, 1024, 4000, 312.17
