bli_shgemm performance
MC = 2048, KC = 256, NC = 7168
m, n, k, GFLOPS
1024, 1024, 80, 200.08
1024, 1024, 160, 274.15
1024, 1024, 240, 304.60
1024, 1024, 320, 271.71
1024, 1024, 400, 284.54
1024, 1024, 480, 302.32
1024, 1024, 560, 278.70
1024, 1024, 640, 292.15
1024, 1024, 720, 296.68
1024, 1024, 800, 288.38
1024, 1024, 880, 291.87
1024, 1024, 960, 301.45
1024, 1024, 1040, 284.11
1024, 1024, 1120, 295.69
1024, 1024, 1200, 293.59
1024, 1024, 1280, 284.49
1024, 1024, 1360, 283.36
1024, 1024, 1440, 289.99
1024, 1024, 1520, 292.48
1024, 1024, 1600, 294.72
1024, 1024, 1680, 300.60
1024, 1024, 1760, 302.87
1024, 1024, 1840, 293.57
1024, 1024, 1920, 298.74
1024, 1024, 2000, 303.15
1024, 1024, 2080, 305.08
1024, 1024, 2160, 273.38
1024, 1024, 2240, 308.55
1024, 1024, 2320, 269.72
1024, 1024, 2400, 308.21
1024, 1024, 2480, 275.70
1024, 1024, 2560, 312.58
1024, 1024, 2640, 275.11
1024, 1024, 2720, 308.18
1024, 1024, 2800, 277.92
1024, 1024, 2880, 308.13
1024, 1024, 2960, 276.10
1024, 1024, 3040, 310.37
1024, 1024, 3120, 278.02
1024, 1024, 3200, 308.57
1024, 1024, 3280, 279.29
1024, 1024, 3360, 305.53
1024, 1024, 3440, 277.80
1024, 1024, 3520, 309.89
1024, 1024, 3600, 276.41
1024, 1024, 3680, 309.11
1024, 1024, 3760, 282.12
1024, 1024, 3840, 311.26
1024, 1024, 3920, 281.46
1024, 1024, 4000, 288.57
