bli_shgemm performance
MC = 2048, KC = 256, NC = 14336
m, n, k, GFLOPS
1024, 1024, 80, 191.91
1024, 1024, 160, 272.33
1024, 1024, 240, 300.56
1024, 1024, 320, 270.38
1024, 1024, 400, 282.10
1024, 1024, 480, 301.44
1024, 1024, 560, 259.44
1024, 1024, 640, 291.29
1024, 1024, 720, 295.82
1024, 1024, 800, 287.35
1024, 1024, 880, 291.13
1024, 1024, 960, 300.83
1024, 1024, 1040, 289.18
1024, 1024, 1120, 297.63
1024, 1024, 1200, 298.63
1024, 1024, 1280, 302.31
1024, 1024, 1360, 287.02
1024, 1024, 1440, 293.96
1024, 1024, 1520, 296.42
1024, 1024, 1600, 293.41
1024, 1024, 1680, 290.92
1024, 1024, 1760, 297.19
1024, 1024, 1840, 289.96
1024, 1024, 1920, 296.37
1024, 1024, 2000, 291.42
1024, 1024, 2080, 290.61
1024, 1024, 2160, 290.46
1024, 1024, 2240, 300.82
1024, 1024, 2320, 288.57
1024, 1024, 2400, 295.38
1024, 1024, 2480, 292.31
1024, 1024, 2560, 295.02
1024, 1024, 2640, 290.55
1024, 1024, 2720, 299.19
1024, 1024, 2800, 297.74
1024, 1024, 2880, 297.03
1024, 1024, 2960, 292.02
1024, 1024, 3040, 300.93
1024, 1024, 3120, 292.02
1024, 1024, 3200, 297.88
1024, 1024, 3280, 293.03
1024, 1024, 3360, 297.16
1024, 1024, 3440, 295.35
1024, 1024, 3520, 299.20
1024, 1024, 3600, 297.32
1024, 1024, 3680, 306.86
1024, 1024, 3760, 308.02
1024, 1024, 3840, 310.05
1024, 1024, 3920, 305.82
1024, 1024, 4000, 307.62
