bli_shgemm performance
MC = 224, KC = 2048, NC = 2048
m, n, k, GFLOPS
1024, 1024, 80, 203.57
1024, 1024, 160, 276.96
1024, 1024, 240, 309.25
1024, 1024, 320, 328.90
1024, 1024, 400, 341.10
1024, 1024, 480, 351.17
1024, 1024, 560, 356.15
1024, 1024, 640, 359.75
1024, 1024, 720, 361.05
1024, 1024, 800, 371.81
1024, 1024, 880, 372.25
1024, 1024, 960, 376.84
1024, 1024, 1040, 376.27
1024, 1024, 1120, 377.96
1024, 1024, 1200, 376.33
1024, 1024, 1280, 378.13
1024, 1024, 1360, 375.48
1024, 1024, 1440, 374.22
1024, 1024, 1520, 373.13
1024, 1024, 1600, 374.78
1024, 1024, 1680, 373.75
1024, 1024, 1760, 374.78
1024, 1024, 1840, 373.85
1024, 1024, 1920, 373.80
1024, 1024, 2000, 373.79
1024, 1024, 2080, 360.32
1024, 1024, 2160, 360.25
1024, 1024, 2240, 363.23
1024, 1024, 2320, 362.29
1024, 1024, 2400, 365.87
1024, 1024, 2480, 365.65
1024, 1024, 2560, 368.54
1024, 1024, 2640, 366.68
1024, 1024, 2720, 368.41
1024, 1024, 2800, 368.91
1024, 1024, 2880, 371.32
1024, 1024, 2960, 369.82
1024, 1024, 3040, 371.86
1024, 1024, 3120, 370.75
1024, 1024, 3200, 374.53
1024, 1024, 3280, 373.83
1024, 1024, 3360, 382.39
1024, 1024, 3440, 381.72
1024, 1024, 3520, 382.58
1024, 1024, 3600, 383.31
1024, 1024, 3680, 383.02
1024, 1024, 3760, 382.02
1024, 1024, 3840, 381.86
1024, 1024, 3920, 382.33
1024, 1024, 4000, 382.26
