bli_shgemm performance
MC = 256, KC = 2048, NC = 896
m, n, k, GFLOPS
1024, 1024, 80, 200.53
1024, 1024, 160, 271.47
1024, 1024, 240, 301.42
1024, 1024, 320, 317.85
1024, 1024, 400, 327.75
1024, 1024, 480, 334.78
1024, 1024, 560, 344.93
1024, 1024, 640, 346.32
1024, 1024, 720, 347.81
1024, 1024, 800, 355.30
1024, 1024, 880, 354.40
1024, 1024, 960, 361.39
1024, 1024, 1040, 360.07
1024, 1024, 1120, 362.70
1024, 1024, 1200, 362.03
1024, 1024, 1280, 359.82
1024, 1024, 1360, 365.50
1024, 1024, 1440, 365.94
1024, 1024, 1520, 366.86
1024, 1024, 1600, 370.80
1024, 1024, 1680, 371.07
1024, 1024, 1760, 370.66
1024, 1024, 1840, 370.61
1024, 1024, 1920, 370.89
1024, 1024, 2000, 370.68
1024, 1024, 2080, 360.02
1024, 1024, 2160, 348.29
1024, 1024, 2240, 362.01
1024, 1024, 2320, 348.33
1024, 1024, 2400, 364.34
1024, 1024, 2480, 349.82
1024, 1024, 2560, 366.41
1024, 1024, 2640, 351.43
1024, 1024, 2720, 366.77
1024, 1024, 2800, 352.38
1024, 1024, 2880, 368.30
1024, 1024, 2960, 354.73
1024, 1024, 3040, 370.48
1024, 1024, 3120, 356.89
1024, 1024, 3200, 371.30
1024, 1024, 3280, 357.46
1024, 1024, 3360, 372.72
1024, 1024, 3440, 357.52
1024, 1024, 3520, 373.35
1024, 1024, 3600, 359.75
1024, 1024, 3680, 373.70
1024, 1024, 3760, 360.24
1024, 1024, 3840, 373.28
1024, 1024, 3920, 361.79
1024, 1024, 4000, 364.87
