bli_shgemm performance
MC = 256, KC = 2048, NC = 768
m, n, k, GFLOPS
1024, 1024, 80, 204.42
1024, 1024, 160, 276.22
1024, 1024, 240, 303.34
1024, 1024, 320, 321.50
1024, 1024, 400, 332.52
1024, 1024, 480, 338.31
1024, 1024, 560, 341.60
1024, 1024, 640, 346.52
1024, 1024, 720, 348.73
1024, 1024, 800, 356.55
1024, 1024, 880, 357.89
1024, 1024, 960, 362.00
1024, 1024, 1040, 354.94
1024, 1024, 1120, 351.54
1024, 1024, 1200, 348.58
1024, 1024, 1280, 356.08
1024, 1024, 1360, 351.92
1024, 1024, 1440, 356.50
1024, 1024, 1520, 353.65
1024, 1024, 1600, 360.67
1024, 1024, 1680, 357.89
1024, 1024, 1760, 359.80
1024, 1024, 1840, 357.24
1024, 1024, 1920, 361.86
1024, 1024, 2000, 359.51
1024, 1024, 2080, 348.68
1024, 1024, 2160, 348.46
1024, 1024, 2240, 354.34
1024, 1024, 2320, 348.78
1024, 1024, 2400, 353.49
1024, 1024, 2480, 350.85
1024, 1024, 2560, 357.77
1024, 1024, 2640, 353.52
1024, 1024, 2720, 353.35
1024, 1024, 2800, 355.64
1024, 1024, 2880, 357.46
1024, 1024, 2960, 358.60
1024, 1024, 3040, 356.30
1024, 1024, 3120, 360.28
1024, 1024, 3200, 359.34
1024, 1024, 3280, 362.07
1024, 1024, 3360, 358.42
1024, 1024, 3440, 363.05
1024, 1024, 3520, 360.57
1024, 1024, 3600, 362.79
1024, 1024, 3680, 365.28
1024, 1024, 3760, 363.58
1024, 1024, 3840, 365.62
1024, 1024, 3920, 364.71
1024, 1024, 4000, 366.46
