bli_shgemm performance
MC = 256, KC = 1792, NC = 2340
m, n, k, GFLOPS
1024, 1024, 80, 210.09
1024, 1024, 160, 279.26
1024, 1024, 240, 308.53
1024, 1024, 320, 326.26
1024, 1024, 400, 337.33
1024, 1024, 480, 349.55
1024, 1024, 560, 354.05
1024, 1024, 640, 357.69
1024, 1024, 720, 358.46
1024, 1024, 800, 366.99
1024, 1024, 880, 368.05
1024, 1024, 960, 363.92
1024, 1024, 1040, 365.85
1024, 1024, 1120, 366.38
1024, 1024, 1200, 365.40
1024, 1024, 1280, 368.27
1024, 1024, 1360, 368.48
1024, 1024, 1440, 368.85
1024, 1024, 1520, 368.00
1024, 1024, 1600, 371.76
1024, 1024, 1680, 370.95
1024, 1024, 1760, 376.31
1024, 1024, 1840, 359.84
1024, 1024, 1920, 365.02
1024, 1024, 2000, 367.26
1024, 1024, 2080, 368.96
1024, 1024, 2160, 370.95
1024, 1024, 2240, 351.43
1024, 1024, 2320, 352.73
1024, 1024, 2400, 352.42
1024, 1024, 2480, 355.34
1024, 1024, 2560, 357.41
1024, 1024, 2640, 357.74
1024, 1024, 2720, 359.40
1024, 1024, 2800, 358.66
1024, 1024, 2880, 358.57
1024, 1024, 2960, 359.22
1024, 1024, 3040, 357.68
1024, 1024, 3120, 358.83
1024, 1024, 3200, 359.92
1024, 1024, 3280, 358.16
1024, 1024, 3360, 358.99
1024, 1024, 3440, 357.77
1024, 1024, 3520, 359.43
1024, 1024, 3600, 344.71
1024, 1024, 3680, 348.71
1024, 1024, 3760, 349.55
1024, 1024, 3840, 352.70
1024, 1024, 3920, 353.33
1024, 1024, 4000, 353.93
