bli_shgemm performance
MC = 256, KC = 1792, NC = 2048
m, n, k, GFLOPS
1024, 1024, 80, 208.65
1024, 1024, 160, 279.09
1024, 1024, 240, 308.67
1024, 1024, 320, 327.61
1024, 1024, 400, 337.98
1024, 1024, 480, 348.78
1024, 1024, 560, 356.20
1024, 1024, 640, 357.15
1024, 1024, 720, 359.44
1024, 1024, 800, 367.58
1024, 1024, 880, 367.23
1024, 1024, 960, 372.95
1024, 1024, 1040, 372.32
1024, 1024, 1120, 370.65
1024, 1024, 1200, 369.85
1024, 1024, 1280, 372.33
1024, 1024, 1360, 371.01
1024, 1024, 1440, 373.03
1024, 1024, 1520, 372.28
1024, 1024, 1600, 375.02
1024, 1024, 1680, 373.26
1024, 1024, 1760, 374.28
1024, 1024, 1840, 359.29
1024, 1024, 1920, 360.31
1024, 1024, 2000, 359.88
1024, 1024, 2080, 364.44
1024, 1024, 2160, 364.28
1024, 1024, 2240, 366.98
1024, 1024, 2320, 364.72
1024, 1024, 2400, 367.42
1024, 1024, 2480, 365.73
1024, 1024, 2560, 369.48
1024, 1024, 2640, 368.35
1024, 1024, 2720, 371.31
1024, 1024, 2800, 370.10
1024, 1024, 2880, 373.33
1024, 1024, 2960, 372.22
1024, 1024, 3040, 373.15
1024, 1024, 3120, 371.98
1024, 1024, 3200, 373.81
1024, 1024, 3280, 373.34
1024, 1024, 3360, 373.60
1024, 1024, 3440, 372.78
1024, 1024, 3520, 376.92
1024, 1024, 3600, 375.05
1024, 1024, 3680, 376.25
1024, 1024, 3760, 376.61
1024, 1024, 3840, 377.50
1024, 1024, 3920, 378.50
1024, 1024, 4000, 379.19
