bli_shgemm performance
MC = 256, KC = 1024, NC = 4096
m, n, k, GFLOPS
1024, 1024, 80, 206.44
1024, 1024, 160, 277.80
1024, 1024, 240, 310.13
1024, 1024, 320, 316.70
1024, 1024, 400, 325.21
1024, 1024, 480, 340.19
1024, 1024, 560, 340.88
1024, 1024, 640, 353.14
1024, 1024, 720, 351.74
1024, 1024, 800, 363.21
1024, 1024, 880, 361.13
1024, 1024, 960, 369.37
1024, 1024, 1040, 340.62
1024, 1024, 1120, 345.82
1024, 1024, 1200, 344.69
1024, 1024, 1280, 353.00
1024, 1024, 1360, 349.48
1024, 1024, 1440, 349.99
1024, 1024, 1520, 347.92
1024, 1024, 1600, 355.83
1024, 1024, 1680, 351.09
1024, 1024, 1760, 357.32
1024, 1024, 1840, 361.65
1024, 1024, 1920, 367.02
1024, 1024, 2000, 363.39
1024, 1024, 2080, 353.81
1024, 1024, 2160, 351.83
1024, 1024, 2240, 357.33
1024, 1024, 2320, 353.64
1024, 1024, 2400, 358.60
1024, 1024, 2480, 357.08
1024, 1024, 2560, 362.16
1024, 1024, 2640, 359.12
1024, 1024, 2720, 362.11
1024, 1024, 2800, 361.45
1024, 1024, 2880, 367.54
1024, 1024, 2960, 365.98
1024, 1024, 3040, 368.26
1024, 1024, 3120, 358.00
1024, 1024, 3200, 361.21
1024, 1024, 3280, 360.05
1024, 1024, 3360, 362.93
1024, 1024, 3440, 362.11
1024, 1024, 3520, 366.11
1024, 1024, 3600, 363.83
1024, 1024, 3680, 366.20
1024, 1024, 3760, 364.49
1024, 1024, 3840, 374.69
1024, 1024, 3920, 376.72
1024, 1024, 4000, 377.49
