bli_shgemm performance
MC = 256, KC = 512, NC = 2048
m, n, k, GFLOPS
1024, 1024, 80, 206.87
1024, 1024, 160, 277.42
1024, 1024, 240, 307.45
1024, 1024, 320, 324.78
1024, 1024, 400, 337.76
1024, 1024, 480, 348.07
1024, 1024, 560, 313.25
1024, 1024, 640, 326.60
1024, 1024, 720, 333.39
1024, 1024, 800, 340.11
1024, 1024, 880, 324.61
1024, 1024, 960, 347.68
1024, 1024, 1040, 329.09
1024, 1024, 1120, 334.26
1024, 1024, 1200, 337.34
1024, 1024, 1280, 341.94
1024, 1024, 1360, 345.40
1024, 1024, 1440, 349.96
1024, 1024, 1520, 351.05
1024, 1024, 1600, 337.39
1024, 1024, 1680, 340.61
1024, 1024, 1760, 344.49
1024, 1024, 1840, 346.84
1024, 1024, 1920, 349.39
1024, 1024, 2000, 351.62
1024, 1024, 2080, 348.02
1024, 1024, 2160, 319.39
1024, 1024, 2240, 350.32
1024, 1024, 2320, 321.59
1024, 1024, 2400, 352.92
1024, 1024, 2480, 326.04
1024, 1024, 2560, 357.42
1024, 1024, 2640, 319.63
1024, 1024, 2720, 350.66
1024, 1024, 2800, 323.42
1024, 1024, 2880, 352.67
1024, 1024, 2960, 325.51
1024, 1024, 3040, 355.34
1024, 1024, 3120, 324.15
1024, 1024, 3200, 351.70
1024, 1024, 3280, 351.91
1024, 1024, 3360, 354.27
1024, 1024, 3440, 355.29
1024, 1024, 3520, 356.56
1024, 1024, 3600, 351.31
1024, 1024, 3680, 351.45
1024, 1024, 3760, 352.26
1024, 1024, 3840, 354.20
1024, 1024, 3920, 355.28
1024, 1024, 4000, 356.29
