bli_shgemm performance
MC = 256, KC = 1024, NC = 1536
m, n, k, GFLOPS
1024, 1024, 80, 200.81
1024, 1024, 160, 279.30
1024, 1024, 240, 309.41
1024, 1024, 320, 329.78
1024, 1024, 400, 338.26
1024, 1024, 480, 346.26
1024, 1024, 560, 350.66
1024, 1024, 640, 357.61
1024, 1024, 720, 359.55
1024, 1024, 800, 369.37
1024, 1024, 880, 369.30
1024, 1024, 960, 373.65
1024, 1024, 1040, 347.84
1024, 1024, 1120, 352.34
1024, 1024, 1200, 351.51
1024, 1024, 1280, 349.30
1024, 1024, 1360, 362.21
1024, 1024, 1440, 364.53
1024, 1024, 1520, 364.64
1024, 1024, 1600, 367.92
1024, 1024, 1680, 367.41
1024, 1024, 1760, 370.96
1024, 1024, 1840, 372.50
1024, 1024, 1920, 375.83
1024, 1024, 2000, 376.08
1024, 1024, 2080, 366.59
1024, 1024, 2160, 349.99
1024, 1024, 2240, 368.63
1024, 1024, 2320, 351.44
1024, 1024, 2400, 371.69
1024, 1024, 2480, 354.91
1024, 1024, 2560, 374.56
1024, 1024, 2640, 357.84
1024, 1024, 2720, 375.07
1024, 1024, 2800, 358.42
1024, 1024, 2880, 377.05
1024, 1024, 2960, 361.49
1024, 1024, 3040, 379.69
1024, 1024, 3120, 351.70
1024, 1024, 3200, 371.30
1024, 1024, 3280, 354.19
1024, 1024, 3360, 373.51
1024, 1024, 3440, 356.38
1024, 1024, 3520, 375.17
1024, 1024, 3600, 358.42
1024, 1024, 3680, 376.51
1024, 1024, 3760, 376.24
1024, 1024, 3840, 378.28
1024, 1024, 3920, 378.30
1024, 1024, 4000, 379.16
