bli_shgemm performance
MC = 256, KC = 2048, NC = 256
m, n, k, GFLOPS
1024, 1024, 80, 193.51
1024, 1024, 160, 249.08
1024, 1024, 240, 282.10
1024, 1024, 320, 298.19
1024, 1024, 400, 306.91
1024, 1024, 480, 310.09
1024, 1024, 560, 314.69
1024, 1024, 640, 318.03
1024, 1024, 720, 322.00
1024, 1024, 800, 327.87
1024, 1024, 880, 328.32
1024, 1024, 960, 332.80
1024, 1024, 1040, 318.00
1024, 1024, 1120, 325.48
1024, 1024, 1200, 319.38
1024, 1024, 1280, 332.78
1024, 1024, 1360, 324.80
1024, 1024, 1440, 333.65
1024, 1024, 1520, 329.05
1024, 1024, 1600, 336.90
1024, 1024, 1680, 331.27
1024, 1024, 1760, 337.53
1024, 1024, 1840, 334.55
1024, 1024, 1920, 342.40
1024, 1024, 2000, 336.34
1024, 1024, 2080, 330.26
1024, 1024, 2160, 327.50
1024, 1024, 2240, 334.85
1024, 1024, 2320, 325.21
1024, 1024, 2400, 332.60
1024, 1024, 2480, 326.18
1024, 1024, 2560, 333.35
1024, 1024, 2640, 323.40
1024, 1024, 2720, 329.91
1024, 1024, 2800, 324.79
1024, 1024, 2880, 337.17
1024, 1024, 2960, 327.24
1024, 1024, 3040, 333.00
1024, 1024, 3120, 341.64
1024, 1024, 3200, 342.10
1024, 1024, 3280, 342.85
1024, 1024, 3360, 343.23
1024, 1024, 3440, 342.81
1024, 1024, 3520, 343.39
1024, 1024, 3600, 344.02
1024, 1024, 3680, 344.03
1024, 1024, 3760, 344.30
1024, 1024, 3840, 344.01
1024, 1024, 3920, 344.33
1024, 1024, 4000, 345.00
