bli_shgemm performance
MC = 256, KC = 1536, NC = 2389
m, n, k, GFLOPS
1024, 1024, 80, 199.33
1024, 1024, 160, 274.88
1024, 1024, 240, 307.80
1024, 1024, 320, 329.88
1024, 1024, 400, 343.12
1024, 1024, 480, 348.69
1024, 1024, 560, 354.43
1024, 1024, 640, 353.90
1024, 1024, 720, 358.57
1024, 1024, 800, 366.38
1024, 1024, 880, 365.71
1024, 1024, 960, 370.96
1024, 1024, 1040, 370.09
1024, 1024, 1120, 372.21
1024, 1024, 1200, 370.63
1024, 1024, 1280, 371.92
1024, 1024, 1360, 371.09
1024, 1024, 1440, 373.17
1024, 1024, 1520, 372.71
1024, 1024, 1600, 357.66
1024, 1024, 1680, 355.33
1024, 1024, 1760, 359.82
1024, 1024, 1840, 358.65
1024, 1024, 1920, 364.44
1024, 1024, 2000, 362.12
1024, 1024, 2080, 366.31
1024, 1024, 2160, 365.90
1024, 1024, 2240, 367.94
1024, 1024, 2320, 367.85
1024, 1024, 2400, 370.19
1024, 1024, 2480, 369.08
1024, 1024, 2560, 372.03
1024, 1024, 2640, 370.95
1024, 1024, 2720, 373.07
1024, 1024, 2800, 372.20
1024, 1024, 2880, 374.41
1024, 1024, 2960, 373.35
1024, 1024, 3040, 373.73
1024, 1024, 3120, 358.79
1024, 1024, 3200, 365.41
1024, 1024, 3280, 364.18
1024, 1024, 3360, 366.59
1024, 1024, 3440, 365.94
1024, 1024, 3520, 368.78
1024, 1024, 3600, 368.66
1024, 1024, 3680, 374.81
1024, 1024, 3760, 372.97
1024, 1024, 3840, 376.74
1024, 1024, 3920, 375.19
1024, 1024, 4000, 377.50
