bli_shgemm performance
MC = 256, KC = 1024, NC = 2048
m, n, k, GFLOPS
1024, 1024, 80, 201.97
1024, 1024, 160, 277.10
1024, 1024, 240, 308.51
1024, 1024, 320, 330.34
1024, 1024, 400, 341.00
1024, 1024, 480, 347.17
1024, 1024, 560, 352.59
1024, 1024, 640, 357.42
1024, 1024, 720, 359.05
1024, 1024, 800, 366.18
1024, 1024, 880, 364.67
1024, 1024, 960, 370.45
1024, 1024, 1040, 343.00
1024, 1024, 1120, 347.54
1024, 1024, 1200, 346.96
1024, 1024, 1280, 353.96
1024, 1024, 1360, 352.17
1024, 1024, 1440, 358.23
1024, 1024, 1520, 356.85
1024, 1024, 1600, 361.28
1024, 1024, 1680, 355.66
1024, 1024, 1760, 360.10
1024, 1024, 1840, 360.73
1024, 1024, 1920, 367.28
1024, 1024, 2000, 376.36
1024, 1024, 2080, 366.68
1024, 1024, 2160, 350.84
1024, 1024, 2240, 369.14
1024, 1024, 2320, 352.03
1024, 1024, 2400, 372.67
1024, 1024, 2480, 355.08
1024, 1024, 2560, 375.39
1024, 1024, 2640, 358.21
1024, 1024, 2720, 376.06
1024, 1024, 2800, 360.17
1024, 1024, 2880, 377.81
1024, 1024, 2960, 362.35
1024, 1024, 3040, 380.08
1024, 1024, 3120, 354.39
1024, 1024, 3200, 370.64
1024, 1024, 3280, 355.42
1024, 1024, 3360, 372.93
1024, 1024, 3440, 358.42
1024, 1024, 3520, 375.34
1024, 1024, 3600, 359.68
1024, 1024, 3680, 375.93
1024, 1024, 3760, 361.56
1024, 1024, 3840, 377.59
1024, 1024, 3920, 363.89
1024, 1024, 4000, 379.85
