bli_shgemm performance
MC = 256, KC = 1792, NC = 1755
m, n, k, GFLOPS
1024, 1024, 80, 201.28
1024, 1024, 160, 276.37
1024, 1024, 240, 309.32
1024, 1024, 320, 329.17
1024, 1024, 400, 340.83
1024, 1024, 480, 336.07
1024, 1024, 560, 343.46
1024, 1024, 640, 347.29
1024, 1024, 720, 350.09
1024, 1024, 800, 359.65
1024, 1024, 880, 353.16
1024, 1024, 960, 361.44
1024, 1024, 1040, 360.67
1024, 1024, 1120, 363.91
1024, 1024, 1200, 363.78
1024, 1024, 1280, 367.51
1024, 1024, 1360, 368.42
1024, 1024, 1440, 377.46
1024, 1024, 1520, 375.79
1024, 1024, 1600, 379.23
1024, 1024, 1680, 377.47
1024, 1024, 1760, 379.16
1024, 1024, 1840, 361.03
1024, 1024, 1920, 364.22
1024, 1024, 2000, 363.44
1024, 1024, 2080, 367.06
1024, 1024, 2160, 366.49
1024, 1024, 2240, 371.06
1024, 1024, 2320, 369.00
1024, 1024, 2400, 377.56
1024, 1024, 2480, 377.31
1024, 1024, 2560, 380.33
1024, 1024, 2640, 380.38
1024, 1024, 2720, 381.34
1024, 1024, 2800, 381.95
1024, 1024, 2880, 381.64
1024, 1024, 2960, 382.37
1024, 1024, 3040, 382.91
1024, 1024, 3120, 384.78
1024, 1024, 3200, 384.74
1024, 1024, 3280, 384.41
1024, 1024, 3360, 384.39
1024, 1024, 3440, 384.26
1024, 1024, 3520, 384.21
1024, 1024, 3600, 375.46
1024, 1024, 3680, 372.88
1024, 1024, 3760, 362.31
1024, 1024, 3840, 363.83
1024, 1024, 3920, 365.01
1024, 1024, 4000, 366.54
