bli_shgemm performance
MC = 3072, KC = 256, NC = 4096
m, n, k, GFLOPS
1024, 1024, 80, 190.37
1024, 1024, 160, 246.45
1024, 1024, 240, 286.79
1024, 1024, 320, 255.52
1024, 1024, 400, 265.60
1024, 1024, 480, 281.78
1024, 1024, 560, 262.20
1024, 1024, 640, 275.77
1024, 1024, 720, 280.08
1024, 1024, 800, 271.45
1024, 1024, 880, 276.39
1024, 1024, 960, 284.42
1024, 1024, 1040, 268.95
1024, 1024, 1120, 278.14
1024, 1024, 1200, 281.16
1024, 1024, 1280, 286.05
1024, 1024, 1360, 277.31
1024, 1024, 1440, 282.66
1024, 1024, 1520, 283.34
1024, 1024, 1600, 279.63
1024, 1024, 1680, 278.80
1024, 1024, 1760, 282.90
1024, 1024, 1840, 276.65
1024, 1024, 1920, 285.56
1024, 1024, 2000, 280.66
1024, 1024, 2080, 278.59
1024, 1024, 2160, 268.61
1024, 1024, 2240, 279.67
1024, 1024, 2320, 268.03
1024, 1024, 2400, 275.02
1024, 1024, 2480, 273.88
1024, 1024, 2560, 281.43
1024, 1024, 2640, 293.07
1024, 1024, 2720, 295.42
1024, 1024, 2800, 297.97
1024, 1024, 2880, 293.46
1024, 1024, 2960, 295.98
1024, 1024, 3040, 297.20
1024, 1024, 3120, 294.17
1024, 1024, 3200, 296.62
1024, 1024, 3280, 297.05
1024, 1024, 3360, 294.39
1024, 1024, 3440, 295.34
1024, 1024, 3520, 296.38
1024, 1024, 3600, 294.00
1024, 1024, 3680, 295.30
1024, 1024, 3760, 296.53
1024, 1024, 3840, 299.51
1024, 1024, 3920, 296.07
1024, 1024, 4000, 297.66
