bli_shgemm performance
MC = 3072, KC = 256, NC = 12288
m, n, k, GFLOPS
1024, 1024, 80, 199.60
1024, 1024, 160, 272.34
1024, 1024, 240, 304.68
1024, 1024, 320, 273.33
1024, 1024, 400, 286.41
1024, 1024, 480, 302.65
1024, 1024, 560, 281.65
1024, 1024, 640, 292.44
1024, 1024, 720, 299.26
1024, 1024, 800, 285.76
1024, 1024, 880, 289.71
1024, 1024, 960, 300.08
1024, 1024, 1040, 285.62
1024, 1024, 1120, 293.54
1024, 1024, 1200, 295.01
1024, 1024, 1280, 303.28
1024, 1024, 1360, 287.01
1024, 1024, 1440, 295.67
1024, 1024, 1520, 297.02
1024, 1024, 1600, 293.30
1024, 1024, 1680, 284.64
1024, 1024, 1760, 294.37
1024, 1024, 1840, 282.56
1024, 1024, 1920, 293.71
1024, 1024, 2000, 286.91
1024, 1024, 2080, 286.92
1024, 1024, 2160, 284.14
1024, 1024, 2240, 297.11
1024, 1024, 2320, 280.25
1024, 1024, 2400, 295.73
1024, 1024, 2480, 306.92
1024, 1024, 2560, 310.57
1024, 1024, 2640, 305.05
1024, 1024, 2720, 307.25
1024, 1024, 2800, 309.61
1024, 1024, 2880, 305.37
1024, 1024, 2960, 306.92
1024, 1024, 3040, 309.42
1024, 1024, 3120, 306.11
1024, 1024, 3200, 307.74
1024, 1024, 3280, 309.56
1024, 1024, 3360, 306.66
1024, 1024, 3440, 308.87
1024, 1024, 3520, 309.76
1024, 1024, 3600, 306.57
1024, 1024, 3680, 308.08
1024, 1024, 3760, 309.73
1024, 1024, 3840, 311.02
1024, 1024, 3920, 307.58
1024, 1024, 4000, 309.60
