bli_shgemm performance
MC = 3072, KC = 256, NC = 6144
m, n, k, GFLOPS
1024, 1024, 80, 184.28
1024, 1024, 160, 261.42
1024, 1024, 240, 294.66
1024, 1024, 320, 252.67
1024, 1024, 400, 277.71
1024, 1024, 480, 294.59
1024, 1024, 560, 270.60
1024, 1024, 640, 279.61
1024, 1024, 720, 289.17
1024, 1024, 800, 275.00
1024, 1024, 880, 264.26
1024, 1024, 960, 279.06
1024, 1024, 1040, 261.18
1024, 1024, 1120, 272.09
1024, 1024, 1200, 290.25
1024, 1024, 1280, 296.20
1024, 1024, 1360, 279.39
1024, 1024, 1440, 290.95
1024, 1024, 1520, 286.63
1024, 1024, 1600, 287.85
1024, 1024, 1680, 267.78
1024, 1024, 1760, 276.91
1024, 1024, 1840, 266.25
1024, 1024, 1920, 276.16
1024, 1024, 2000, 270.12
1024, 1024, 2080, 272.13
1024, 1024, 2160, 266.21
1024, 1024, 2240, 278.40
1024, 1024, 2320, 294.65
1024, 1024, 2400, 297.51
1024, 1024, 2480, 299.46
1024, 1024, 2560, 302.40
1024, 1024, 2640, 298.36
1024, 1024, 2720, 299.66
1024, 1024, 2800, 301.03
1024, 1024, 2880, 295.18
1024, 1024, 2960, 298.36
1024, 1024, 3040, 300.07
1024, 1024, 3120, 296.61
1024, 1024, 3200, 297.01
1024, 1024, 3280, 301.21
1024, 1024, 3360, 297.48
1024, 1024, 3440, 298.98
1024, 1024, 3520, 300.88
1024, 1024, 3600, 296.24
1024, 1024, 3680, 298.36
1024, 1024, 3760, 299.82
1024, 1024, 3840, 301.40
1024, 1024, 3920, 298.10
1024, 1024, 4000, 299.13
