bli_shgemm performance
MC = 3584, KC = 256, NC = 4096
m, n, k, GFLOPS
1024, 1024, 80, 190.77
1024, 1024, 160, 247.69
1024, 1024, 240, 291.12
1024, 1024, 320, 255.55
1024, 1024, 400, 266.91
1024, 1024, 480, 288.25
1024, 1024, 560, 264.39
1024, 1024, 640, 274.99
1024, 1024, 720, 281.26
1024, 1024, 800, 272.52
1024, 1024, 880, 277.15
1024, 1024, 960, 289.66
1024, 1024, 1040, 275.87
1024, 1024, 1120, 279.52
1024, 1024, 1200, 285.09
1024, 1024, 1280, 289.99
1024, 1024, 1360, 279.83
1024, 1024, 1440, 286.62
1024, 1024, 1520, 288.49
1024, 1024, 1600, 282.83
1024, 1024, 1680, 283.11
1024, 1024, 1760, 288.58
1024, 1024, 1840, 280.97
1024, 1024, 1920, 284.35
1024, 1024, 2000, 281.72
1024, 1024, 2080, 280.79
1024, 1024, 2160, 271.93
1024, 1024, 2240, 281.30
1024, 1024, 2320, 267.11
1024, 1024, 2400, 275.74
1024, 1024, 2480, 272.71
1024, 1024, 2560, 280.39
1024, 1024, 2640, 270.60
1024, 1024, 2720, 279.29
1024, 1024, 2800, 277.43
1024, 1024, 2880, 279.11
1024, 1024, 2960, 296.27
1024, 1024, 3040, 298.83
1024, 1024, 3120, 295.49
1024, 1024, 3200, 297.29
1024, 1024, 3280, 299.67
1024, 1024, 3360, 295.24
1024, 1024, 3440, 297.94
1024, 1024, 3520, 299.12
1024, 1024, 3600, 295.68
1024, 1024, 3680, 296.44
1024, 1024, 3760, 298.82
1024, 1024, 3840, 300.95
1024, 1024, 3920, 297.49
1024, 1024, 4000, 296.86
