bli_shgemm performance
MC = 3584, KC = 256, NC = 2048
m, n, k, GFLOPS
1024, 1024, 80, 193.17
1024, 1024, 160, 261.28
1024, 1024, 240, 290.60
1024, 1024, 320, 257.49
1024, 1024, 400, 265.79
1024, 1024, 480, 281.95
1024, 1024, 560, 263.39
1024, 1024, 640, 274.10
1024, 1024, 720, 276.91
1024, 1024, 800, 269.14
1024, 1024, 880, 273.13
1024, 1024, 960, 278.25
1024, 1024, 1040, 266.45
1024, 1024, 1120, 272.39
1024, 1024, 1200, 273.39
1024, 1024, 1280, 282.49
1024, 1024, 1360, 270.49
1024, 1024, 1440, 288.48
1024, 1024, 1520, 288.17
1024, 1024, 1600, 284.36
1024, 1024, 1680, 280.51
1024, 1024, 1760, 289.51
1024, 1024, 1840, 279.30
1024, 1024, 1920, 286.72
1024, 1024, 2000, 290.35
1024, 1024, 2080, 289.75
1024, 1024, 2160, 292.61
1024, 1024, 2240, 294.29
1024, 1024, 2320, 290.01
1024, 1024, 2400, 290.67
1024, 1024, 2480, 292.45
1024, 1024, 2560, 298.69
1024, 1024, 2640, 290.09
1024, 1024, 2720, 293.09
1024, 1024, 2800, 294.28
1024, 1024, 2880, 291.01
1024, 1024, 2960, 291.84
1024, 1024, 3040, 293.80
1024, 1024, 3120, 290.59
1024, 1024, 3200, 292.68
1024, 1024, 3280, 294.66
1024, 1024, 3360, 290.06
1024, 1024, 3440, 292.26
1024, 1024, 3520, 294.82
1024, 1024, 3600, 292.18
1024, 1024, 3680, 293.15
1024, 1024, 3760, 293.69
1024, 1024, 3840, 297.58
1024, 1024, 3920, 292.05
1024, 1024, 4000, 293.90
