bli_shgemm performance
MC = 384, KC = 1024, NC = 1536
m, n, k, GFLOPS
1024, 1024, 80, 203.54
1024, 1024, 160, 279.21
1024, 1024, 240, 310.81
1024, 1024, 320, 329.17
1024, 1024, 400, 342.55
1024, 1024, 480, 346.37
1024, 1024, 560, 351.20
1024, 1024, 640, 357.41
1024, 1024, 720, 358.81
1024, 1024, 800, 367.70
1024, 1024, 880, 366.30
1024, 1024, 960, 372.98
1024, 1024, 1040, 344.87
1024, 1024, 1120, 349.52
1024, 1024, 1200, 340.76
1024, 1024, 1280, 357.92
1024, 1024, 1360, 360.92
1024, 1024, 1440, 363.71
1024, 1024, 1520, 364.19
1024, 1024, 1600, 366.55
1024, 1024, 1680, 366.69
1024, 1024, 1760, 369.52
1024, 1024, 1840, 371.40
1024, 1024, 1920, 373.05
1024, 1024, 2000, 374.63
1024, 1024, 2080, 364.55
1024, 1024, 2160, 349.93
1024, 1024, 2240, 367.17
1024, 1024, 2320, 350.69
1024, 1024, 2400, 370.17
1024, 1024, 2480, 355.17
1024, 1024, 2560, 373.45
1024, 1024, 2640, 356.99
1024, 1024, 2720, 373.94
1024, 1024, 2800, 360.11
1024, 1024, 2880, 376.38
1024, 1024, 2960, 361.48
1024, 1024, 3040, 378.46
1024, 1024, 3120, 352.67
1024, 1024, 3200, 370.18
1024, 1024, 3280, 353.71
1024, 1024, 3360, 370.83
1024, 1024, 3440, 356.50
1024, 1024, 3520, 374.51
1024, 1024, 3600, 358.25
1024, 1024, 3680, 374.91
1024, 1024, 3760, 374.56
1024, 1024, 3840, 376.19
1024, 1024, 3920, 376.05
1024, 1024, 4000, 377.00
