bli_shgemm performance
MC = 384, KC = 2048, NC = 1024
m, n, k, GFLOPS
1024, 1024, 80, 203.61
1024, 1024, 160, 278.54
1024, 1024, 240, 309.31
1024, 1024, 320, 328.87
1024, 1024, 400, 341.10
1024, 1024, 480, 347.33
1024, 1024, 560, 356.05
1024, 1024, 640, 359.41
1024, 1024, 720, 362.21
1024, 1024, 800, 359.63
1024, 1024, 880, 364.14
1024, 1024, 960, 369.45
1024, 1024, 1040, 369.53
1024, 1024, 1120, 371.57
1024, 1024, 1200, 371.08
1024, 1024, 1280, 367.71
1024, 1024, 1360, 367.47
1024, 1024, 1440, 369.88
1024, 1024, 1520, 370.43
1024, 1024, 1600, 373.75
1024, 1024, 1680, 372.36
1024, 1024, 1760, 375.37
1024, 1024, 1840, 374.23
1024, 1024, 1920, 376.73
1024, 1024, 2000, 376.84
1024, 1024, 2080, 360.84
1024, 1024, 2160, 360.67
1024, 1024, 2240, 362.85
1024, 1024, 2320, 362.19
1024, 1024, 2400, 365.26
1024, 1024, 2480, 369.72
1024, 1024, 2560, 372.48
1024, 1024, 2640, 370.61
1024, 1024, 2720, 371.81
1024, 1024, 2800, 372.42
1024, 1024, 2880, 375.37
1024, 1024, 2960, 369.70
1024, 1024, 3040, 377.38
1024, 1024, 3120, 370.64
1024, 1024, 3200, 378.50
1024, 1024, 3280, 371.18
1024, 1024, 3360, 378.65
1024, 1024, 3440, 372.92
1024, 1024, 3520, 380.67
1024, 1024, 3600, 373.62
1024, 1024, 3680, 381.19
1024, 1024, 3760, 374.37
1024, 1024, 3840, 381.87
1024, 1024, 3920, 375.34
1024, 1024, 4000, 382.09
