bli_shgemm performance
MC = 384, KC = 3328, NC = 3072
m, n, k, GFLOPS
80, 80, 80, 68.86
160, 160, 160, 229.71
240, 240, 240, 277.53
320, 320, 320, 308.31
400, 400, 400, 329.34
480, 480, 480, 344.10
560, 560, 560, 354.77
640, 640, 640, 355.11
720, 720, 720, 357.99
800, 800, 800, 370.56
880, 880, 880, 373.30
960, 960, 960, 377.18
1040, 1040, 1040, 382.55
1120, 1120, 1120, 386.96
1200, 1200, 1200, 385.65
1280, 1280, 1280, 383.68
1360, 1360, 1360, 392.92
1440, 1440, 1440, 396.55
1520, 1520, 1520, 398.92
1600, 1600, 1600, 397.27
1680, 1680, 1680, 402.14
1760, 1760, 1760, 400.66
1840, 1840, 1840, 406.03
1920, 1920, 1920, 402.19
2000, 2000, 2000, 407.20
2080, 2080, 2080, 399.89
2160, 2160, 2160, 378.37
2240, 2240, 2240, 401.47
2320, 2320, 2320, 372.87
2400, 2400, 2400, 402.62
2480, 2480, 2480, 373.66
2560, 2560, 2560, 398.99
2640, 2640, 2640, 374.93
2720, 2720, 2720, 406.60
2800, 2800, 2800, 365.94
2880, 2880, 2880, 408.83
2960, 2960, 2960, 374.91
3040, 3040, 3040, 408.80
3120, 3120, 3120, 363.83
3200, 3200, 3200, 407.95
3280, 3280, 3280, 399.51
3360, 3360, 3360, 396.72
3440, 3440, 3440, 376.26
3520, 3520, 3520, 400.76
3600, 3600, 3600, 384.58
3680, 3680, 3680, 403.73
3760, 3760, 3760, 387.18
3840, 3840, 3840, 400.14
3920, 3920, 3920, 388.48
4000, 4000, 4000, 404.24
