bli_shgemm performance
MC = 384, KC = 2048, NC = 512
m, n, k, GFLOPS
1024, 1024, 80, 199.88
1024, 1024, 160, 252.35
1024, 1024, 240, 292.75
1024, 1024, 320, 311.64
1024, 1024, 400, 322.41
1024, 1024, 480, 328.29
1024, 1024, 560, 335.97
1024, 1024, 640, 340.09
1024, 1024, 720, 341.40
1024, 1024, 800, 345.29
1024, 1024, 880, 347.30
1024, 1024, 960, 355.27
1024, 1024, 1040, 350.01
1024, 1024, 1120, 358.85
1024, 1024, 1200, 357.31
1024, 1024, 1280, 362.56
1024, 1024, 1360, 359.86
1024, 1024, 1440, 363.04
1024, 1024, 1520, 361.44
1024, 1024, 1600, 364.87
1024, 1024, 1680, 362.98
1024, 1024, 1760, 365.40
1024, 1024, 1840, 362.74
1024, 1024, 1920, 365.41
1024, 1024, 2000, 363.28
1024, 1024, 2080, 351.36
1024, 1024, 2160, 349.29
1024, 1024, 2240, 354.83
1024, 1024, 2320, 349.81
1024, 1024, 2400, 354.48
1024, 1024, 2480, 352.86
1024, 1024, 2560, 358.52
1024, 1024, 2640, 365.64
1024, 1024, 2720, 365.14
1024, 1024, 2800, 366.96
1024, 1024, 2880, 368.05
1024, 1024, 2960, 369.56
1024, 1024, 3040, 369.81
1024, 1024, 3120, 370.74
1024, 1024, 3200, 370.98
1024, 1024, 3280, 371.77
1024, 1024, 3360, 372.18
1024, 1024, 3440, 372.37
1024, 1024, 3520, 373.34
1024, 1024, 3600, 373.64
1024, 1024, 3680, 373.64
1024, 1024, 3760, 373.88
1024, 1024, 3840, 374.03
1024, 1024, 3920, 374.16
1024, 1024, 4000, 374.41
