bli_shgemm performance
MC = 384, KC = 2048, NC = 1536
m, n, k, GFLOPS
1024, 1024, 80, 204.85
1024, 1024, 160, 279.15
1024, 1024, 240, 311.64
1024, 1024, 320, 331.81
1024, 1024, 400, 343.95
1024, 1024, 480, 349.18
1024, 1024, 560, 354.07
1024, 1024, 640, 358.55
1024, 1024, 720, 361.04
1024, 1024, 800, 364.92
1024, 1024, 880, 364.95
1024, 1024, 960, 369.40
1024, 1024, 1040, 368.90
1024, 1024, 1120, 370.57
1024, 1024, 1200, 370.68
1024, 1024, 1280, 374.42
1024, 1024, 1360, 373.60
1024, 1024, 1440, 375.64
1024, 1024, 1520, 375.97
1024, 1024, 1600, 376.61
1024, 1024, 1680, 375.09
1024, 1024, 1760, 376.82
1024, 1024, 1840, 375.54
1024, 1024, 1920, 378.22
1024, 1024, 2000, 377.74
1024, 1024, 2080, 364.87
1024, 1024, 2160, 364.94
1024, 1024, 2240, 368.39
1024, 1024, 2320, 366.55
1024, 1024, 2400, 369.67
1024, 1024, 2480, 379.12
1024, 1024, 2560, 380.22
1024, 1024, 2640, 380.65
1024, 1024, 2720, 380.42
1024, 1024, 2800, 382.33
1024, 1024, 2880, 382.56
1024, 1024, 2960, 383.58
1024, 1024, 3040, 384.03
1024, 1024, 3120, 384.41
1024, 1024, 3200, 384.86
1024, 1024, 3280, 385.15
1024, 1024, 3360, 385.20
1024, 1024, 3440, 385.50
1024, 1024, 3520, 385.98
1024, 1024, 3600, 386.13
1024, 1024, 3680, 386.54
1024, 1024, 3760, 386.29
1024, 1024, 3840, 386.42
1024, 1024, 3920, 386.82
1024, 1024, 4000, 387.02
