bli_shgemm performance
MC = 4096, KC = 256, NC = 12288
m, n, k, GFLOPS
1024, 1024, 80, 207.97
1024, 1024, 160, 277.78
1024, 1024, 240, 306.82
1024, 1024, 320, 274.08
1024, 1024, 400, 287.82
1024, 1024, 480, 305.18
1024, 1024, 560, 285.25
1024, 1024, 640, 296.02
1024, 1024, 720, 301.01
1024, 1024, 800, 291.43
1024, 1024, 880, 295.12
1024, 1024, 960, 304.14
1024, 1024, 1040, 285.61
1024, 1024, 1120, 292.98
1024, 1024, 1200, 298.48
1024, 1024, 1280, 304.85
1024, 1024, 1360, 293.22
1024, 1024, 1440, 299.85
1024, 1024, 1520, 300.40
1024, 1024, 1600, 296.88
1024, 1024, 1680, 295.63
1024, 1024, 1760, 302.91
1024, 1024, 1840, 294.03
1024, 1024, 1920, 299.53
1024, 1024, 2000, 297.21
1024, 1024, 2080, 292.21
1024, 1024, 2160, 287.91
1024, 1024, 2240, 300.45
1024, 1024, 2320, 283.84
1024, 1024, 2400, 295.29
1024, 1024, 2480, 291.33
1024, 1024, 2560, 300.84
1024, 1024, 2640, 287.20
1024, 1024, 2720, 297.47
1024, 1024, 2800, 292.45
1024, 1024, 2880, 297.44
1024, 1024, 2960, 290.01
1024, 1024, 3040, 298.83
1024, 1024, 3120, 291.39
1024, 1024, 3200, 302.89
1024, 1024, 3280, 295.38
1024, 1024, 3360, 299.39
1024, 1024, 3440, 295.98
1024, 1024, 3520, 304.00
1024, 1024, 3600, 293.20
1024, 1024, 3680, 301.54
1024, 1024, 3760, 295.89
1024, 1024, 3840, 306.24
1024, 1024, 3920, 295.41
1024, 1024, 4000, 301.25
