bli_shgemm performance
MC = 4096, KC = 256, NC = 7168
m, n, k, GFLOPS
1024, 1024, 80, 193.00
1024, 1024, 160, 262.25
1024, 1024, 240, 293.43
1024, 1024, 320, 248.08
1024, 1024, 400, 275.66
1024, 1024, 480, 289.96
1024, 1024, 560, 266.98
1024, 1024, 640, 278.86
1024, 1024, 720, 287.81
1024, 1024, 800, 273.74
1024, 1024, 880, 278.06
1024, 1024, 960, 286.76
1024, 1024, 1040, 273.51
1024, 1024, 1120, 267.72
1024, 1024, 1200, 270.85
1024, 1024, 1280, 277.47
1024, 1024, 1360, 268.31
1024, 1024, 1440, 289.23
1024, 1024, 1520, 288.55
1024, 1024, 1600, 288.34
1024, 1024, 1680, 283.20
1024, 1024, 1760, 292.77
1024, 1024, 1840, 280.50
1024, 1024, 1920, 274.48
1024, 1024, 2000, 267.78
1024, 1024, 2080, 267.21
1024, 1024, 2160, 266.69
1024, 1024, 2240, 277.37
1024, 1024, 2320, 262.93
1024, 1024, 2400, 272.14
1024, 1024, 2480, 268.49
1024, 1024, 2560, 278.09
1024, 1024, 2640, 265.57
1024, 1024, 2720, 274.40
1024, 1024, 2800, 273.11
1024, 1024, 2880, 287.63
1024, 1024, 2960, 291.42
1024, 1024, 3040, 293.23
1024, 1024, 3120, 289.25
1024, 1024, 3200, 292.12
1024, 1024, 3280, 293.46
1024, 1024, 3360, 288.92
1024, 1024, 3440, 291.83
1024, 1024, 3520, 293.33
1024, 1024, 3600, 290.46
1024, 1024, 3680, 290.41
1024, 1024, 3760, 293.65
1024, 1024, 3840, 295.65
1024, 1024, 3920, 291.33
1024, 1024, 4000, 292.53
