bli_shgemm performance
MC = 448, KC = 2048, NC = 512
m, n, k, GFLOPS
1024, 1024, 80, 193.64
1024, 1024, 160, 249.43
1024, 1024, 240, 287.53
1024, 1024, 320, 307.53
1024, 1024, 400, 318.35
1024, 1024, 480, 327.06
1024, 1024, 560, 333.15
1024, 1024, 640, 337.13
1024, 1024, 720, 340.60
1024, 1024, 800, 348.83
1024, 1024, 880, 349.18
1024, 1024, 960, 353.28
1024, 1024, 1040, 350.48
1024, 1024, 1120, 353.52
1024, 1024, 1200, 355.48
1024, 1024, 1280, 360.28
1024, 1024, 1360, 358.41
1024, 1024, 1440, 361.80
1024, 1024, 1520, 359.44
1024, 1024, 1600, 363.02
1024, 1024, 1680, 361.73
1024, 1024, 1760, 363.89
1024, 1024, 1840, 363.24
1024, 1024, 1920, 365.53
1024, 1024, 2000, 363.97
1024, 1024, 2080, 351.13
1024, 1024, 2160, 348.88
1024, 1024, 2240, 354.39
1024, 1024, 2320, 349.67
1024, 1024, 2400, 353.75
1024, 1024, 2480, 351.85
1024, 1024, 2560, 358.15
1024, 1024, 2640, 354.02
1024, 1024, 2720, 356.66
1024, 1024, 2800, 355.76
1024, 1024, 2880, 361.04
1024, 1024, 2960, 368.45
1024, 1024, 3040, 369.01
1024, 1024, 3120, 369.68
1024, 1024, 3200, 369.54
1024, 1024, 3280, 369.73
1024, 1024, 3360, 369.92
1024, 1024, 3440, 370.33
1024, 1024, 3520, 371.13
1024, 1024, 3600, 371.26
1024, 1024, 3680, 371.81
1024, 1024, 3760, 371.45
1024, 1024, 3840, 371.80
1024, 1024, 3920, 372.31
1024, 1024, 4000, 372.46
