bli_shgemm performance
MC = 448, KC = 1024, NC = 4096
m, n, k, GFLOPS
1024, 1024, 80, 200.66
1024, 1024, 160, 274.03
1024, 1024, 240, 306.44
1024, 1024, 320, 327.53
1024, 1024, 400, 339.71
1024, 1024, 480, 348.94
1024, 1024, 560, 351.80
1024, 1024, 640, 356.19
1024, 1024, 720, 356.55
1024, 1024, 800, 367.90
1024, 1024, 880, 366.52
1024, 1024, 960, 371.41
1024, 1024, 1040, 343.50
1024, 1024, 1120, 348.02
1024, 1024, 1200, 347.88
1024, 1024, 1280, 353.51
1024, 1024, 1360, 352.40
1024, 1024, 1440, 358.21
1024, 1024, 1520, 356.28
1024, 1024, 1600, 361.15
1024, 1024, 1680, 358.18
1024, 1024, 1760, 363.10
1024, 1024, 1840, 362.07
1024, 1024, 1920, 365.14
1024, 1024, 2000, 363.26
1024, 1024, 2080, 351.50
1024, 1024, 2160, 350.50
1024, 1024, 2240, 355.57
1024, 1024, 2320, 353.71
1024, 1024, 2400, 357.28
1024, 1024, 2480, 356.47
1024, 1024, 2560, 361.01
1024, 1024, 2640, 358.42
1024, 1024, 2720, 361.44
1024, 1024, 2800, 360.18
1024, 1024, 2880, 364.28
1024, 1024, 2960, 362.81
1024, 1024, 3040, 365.64
1024, 1024, 3120, 354.48
1024, 1024, 3200, 361.91
1024, 1024, 3280, 363.05
1024, 1024, 3360, 369.76
1024, 1024, 3440, 372.03
1024, 1024, 3520, 373.09
1024, 1024, 3600, 373.53
1024, 1024, 3680, 374.59
1024, 1024, 3760, 373.95
1024, 1024, 3840, 375.80
1024, 1024, 3920, 375.93
1024, 1024, 4000, 376.91
