bli_shgemm performance
MC = 448, KC = 2048, NC = 1792
m, n, k, GFLOPS
1024, 1024, 80, 203.93
1024, 1024, 160, 277.55
1024, 1024, 240, 308.72
1024, 1024, 320, 328.40
1024, 1024, 400, 341.27
1024, 1024, 480, 346.91
1024, 1024, 560, 353.53
1024, 1024, 640, 357.40
1024, 1024, 720, 360.45
1024, 1024, 800, 368.40
1024, 1024, 880, 367.48
1024, 1024, 960, 367.20
1024, 1024, 1040, 367.57
1024, 1024, 1120, 369.39
1024, 1024, 1200, 369.86
1024, 1024, 1280, 372.87
1024, 1024, 1360, 372.80
1024, 1024, 1440, 374.75
1024, 1024, 1520, 374.20
1024, 1024, 1600, 377.01
1024, 1024, 1680, 376.79
1024, 1024, 1760, 378.52
1024, 1024, 1840, 375.04
1024, 1024, 1920, 377.81
1024, 1024, 2000, 377.23
1024, 1024, 2080, 363.90
1024, 1024, 2160, 364.07
1024, 1024, 2240, 367.49
1024, 1024, 2320, 366.11
1024, 1024, 2400, 368.62
1024, 1024, 2480, 368.09
1024, 1024, 2560, 370.70
1024, 1024, 2640, 369.47
1024, 1024, 2720, 370.08
1024, 1024, 2800, 371.90
1024, 1024, 2880, 381.30
1024, 1024, 2960, 382.04
1024, 1024, 3040, 382.45
1024, 1024, 3120, 382.04
1024, 1024, 3200, 382.79
1024, 1024, 3280, 383.32
1024, 1024, 3360, 383.67
1024, 1024, 3440, 383.67
1024, 1024, 3520, 384.24
1024, 1024, 3600, 384.83
1024, 1024, 3680, 385.71
1024, 1024, 3760, 386.02
1024, 1024, 3840, 385.90
1024, 1024, 3920, 386.36
1024, 1024, 4000, 386.71
