bli_shgemm performance
MC = 512, KC = 256, NC = 4096
m, n, k, GFLOPS
1024, 1024, 80, 202.65
1024, 1024, 160, 275.55
1024, 1024, 240, 306.70
1024, 1024, 320, 273.85
1024, 1024, 400, 286.00
1024, 1024, 480, 306.55
1024, 1024, 560, 280.80
1024, 1024, 640, 299.76
1024, 1024, 720, 305.89
1024, 1024, 800, 293.52
1024, 1024, 880, 280.76
1024, 1024, 960, 302.72
1024, 1024, 1040, 291.82
1024, 1024, 1120, 297.05
1024, 1024, 1200, 302.47
1024, 1024, 1280, 307.86
1024, 1024, 1360, 297.49
1024, 1024, 1440, 302.47
1024, 1024, 1520, 307.40
1024, 1024, 1600, 298.42
1024, 1024, 1680, 301.51
1024, 1024, 1760, 306.90
1024, 1024, 1840, 299.87
1024, 1024, 1920, 303.79
1024, 1024, 2000, 305.54
1024, 1024, 2080, 308.51
1024, 1024, 2160, 283.87
1024, 1024, 2240, 313.54
1024, 1024, 2320, 280.13
1024, 1024, 2400, 311.81
1024, 1024, 2480, 285.97
1024, 1024, 2560, 315.47
1024, 1024, 2640, 282.95
1024, 1024, 2720, 310.21
1024, 1024, 2800, 289.01
1024, 1024, 2880, 309.44
1024, 1024, 2960, 288.69
1024, 1024, 3040, 314.48
1024, 1024, 3120, 288.82
1024, 1024, 3200, 313.66
1024, 1024, 3280, 315.91
1024, 1024, 3360, 312.10
1024, 1024, 3440, 313.94
1024, 1024, 3520, 315.87
1024, 1024, 3600, 312.36
1024, 1024, 3680, 314.02
1024, 1024, 3760, 315.89
1024, 1024, 3840, 317.49
1024, 1024, 3920, 314.18
1024, 1024, 4000, 315.11
