bli_shgemm performance
MC = 512, KC = 896, NC = 1170
m, n, k, GFLOPS
1024, 1024, 80, 205.47
1024, 1024, 160, 274.50
1024, 1024, 240, 302.93
1024, 1024, 320, 323.09
1024, 1024, 400, 335.26
1024, 1024, 480, 345.44
1024, 1024, 560, 346.62
1024, 1024, 640, 352.86
1024, 1024, 720, 352.83
1024, 1024, 800, 362.27
1024, 1024, 880, 361.03
1024, 1024, 960, 339.28
1024, 1024, 1040, 336.06
1024, 1024, 1120, 343.81
1024, 1024, 1200, 341.81
1024, 1024, 1280, 350.22
1024, 1024, 1360, 346.24
1024, 1024, 1440, 353.75
1024, 1024, 1520, 352.39
1024, 1024, 1600, 356.62
1024, 1024, 1680, 353.98
1024, 1024, 1760, 360.64
1024, 1024, 1840, 344.25
1024, 1024, 1920, 349.32
1024, 1024, 2000, 346.63
1024, 1024, 2080, 352.06
1024, 1024, 2160, 351.50
1024, 1024, 2240, 356.90
1024, 1024, 2320, 356.74
1024, 1024, 2400, 362.20
1024, 1024, 2480, 358.23
1024, 1024, 2560, 366.34
1024, 1024, 2640, 362.16
1024, 1024, 2720, 355.10
1024, 1024, 2800, 353.56
1024, 1024, 2880, 359.87
1024, 1024, 2960, 356.22
1024, 1024, 3040, 360.69
1024, 1024, 3120, 359.17
1024, 1024, 3200, 368.64
1024, 1024, 3280, 369.28
1024, 1024, 3360, 369.61
1024, 1024, 3440, 371.45
1024, 1024, 3520, 371.89
1024, 1024, 3600, 364.25
1024, 1024, 3680, 365.00
1024, 1024, 3760, 365.88
1024, 1024, 3840, 366.88
1024, 1024, 3920, 368.10
1024, 1024, 4000, 368.42
