bli_shgemm performance
MC = 512, KC = 1024, NC = 4096
m, n, k, GFLOPS
1024, 1024, 80, 203.28
1024, 1024, 160, 278.74
1024, 1024, 240, 306.41
1024, 1024, 320, 328.61
1024, 1024, 400, 336.99
1024, 1024, 480, 345.31
1024, 1024, 560, 352.48
1024, 1024, 640, 356.74
1024, 1024, 720, 358.42
1024, 1024, 800, 365.86
1024, 1024, 880, 363.22
1024, 1024, 960, 370.88
1024, 1024, 1040, 343.94
1024, 1024, 1120, 348.93
1024, 1024, 1200, 349.25
1024, 1024, 1280, 355.20
1024, 1024, 1360, 354.18
1024, 1024, 1440, 359.66
1024, 1024, 1520, 358.79
1024, 1024, 1600, 363.72
1024, 1024, 1680, 359.80
1024, 1024, 1760, 364.86
1024, 1024, 1840, 361.89
1024, 1024, 1920, 368.64
1024, 1024, 2000, 366.48
1024, 1024, 2080, 355.34
1024, 1024, 2160, 355.46
1024, 1024, 2240, 359.08
1024, 1024, 2320, 358.09
1024, 1024, 2400, 361.28
1024, 1024, 2480, 360.89
1024, 1024, 2560, 364.81
1024, 1024, 2640, 363.00
1024, 1024, 2720, 364.47
1024, 1024, 2800, 364.77
1024, 1024, 2880, 367.22
1024, 1024, 2960, 366.39
1024, 1024, 3040, 368.68
1024, 1024, 3120, 359.86
1024, 1024, 3200, 363.85
1024, 1024, 3280, 369.44
1024, 1024, 3360, 371.21
1024, 1024, 3440, 372.20
1024, 1024, 3520, 373.12
1024, 1024, 3600, 373.27
1024, 1024, 3680, 374.47
1024, 1024, 3760, 374.31
1024, 1024, 3840, 376.03
1024, 1024, 3920, 375.87
1024, 1024, 4000, 376.43
