bli_shgemm performance
MC = 512, KC = 1792, NC = 2048
m, n, k, GFLOPS
1024, 1024, 80, 198.63
1024, 1024, 160, 279.22
1024, 1024, 240, 309.51
1024, 1024, 320, 329.48
1024, 1024, 400, 339.82
1024, 1024, 480, 346.95
1024, 1024, 560, 352.67
1024, 1024, 640, 356.91
1024, 1024, 720, 360.17
1024, 1024, 800, 367.50
1024, 1024, 880, 366.38
1024, 1024, 960, 367.52
1024, 1024, 1040, 368.49
1024, 1024, 1120, 371.30
1024, 1024, 1200, 371.66
1024, 1024, 1280, 374.27
1024, 1024, 1360, 375.25
1024, 1024, 1440, 377.38
1024, 1024, 1520, 377.84
1024, 1024, 1600, 380.17
1024, 1024, 1680, 380.36
1024, 1024, 1760, 381.43
1024, 1024, 1840, 361.79
1024, 1024, 1920, 365.12
1024, 1024, 2000, 364.05
1024, 1024, 2080, 367.08
1024, 1024, 2160, 366.25
1024, 1024, 2240, 370.75
1024, 1024, 2320, 368.83
1024, 1024, 2400, 371.08
1024, 1024, 2480, 368.92
1024, 1024, 2560, 373.23
1024, 1024, 2640, 371.34
1024, 1024, 2720, 373.15
1024, 1024, 2800, 374.28
1024, 1024, 2880, 383.38
1024, 1024, 2960, 384.05
1024, 1024, 3040, 384.14
1024, 1024, 3120, 383.80
1024, 1024, 3200, 377.54
1024, 1024, 3280, 377.82
1024, 1024, 3360, 378.58
1024, 1024, 3440, 378.87
1024, 1024, 3520, 379.28
1024, 1024, 3600, 366.48
1024, 1024, 3680, 370.26
1024, 1024, 3760, 372.63
1024, 1024, 3840, 374.35
1024, 1024, 3920, 375.02
1024, 1024, 4000, 375.73
