bli_shgemm performance
MC = 512, KC = 1536, NC = 1365
m, n, k, GFLOPS
1024, 1024, 80, 202.94
1024, 1024, 160, 276.46
1024, 1024, 240, 306.69
1024, 1024, 320, 328.03
1024, 1024, 400, 340.04
1024, 1024, 480, 347.27
1024, 1024, 560, 353.60
1024, 1024, 640, 356.58
1024, 1024, 720, 358.90
1024, 1024, 800, 367.56
1024, 1024, 880, 367.61
1024, 1024, 960, 372.63
1024, 1024, 1040, 369.08
1024, 1024, 1120, 372.72
1024, 1024, 1200, 371.74
1024, 1024, 1280, 375.34
1024, 1024, 1360, 375.01
1024, 1024, 1440, 377.67
1024, 1024, 1520, 377.59
1024, 1024, 1600, 361.70
1024, 1024, 1680, 361.31
1024, 1024, 1760, 364.41
1024, 1024, 1840, 362.47
1024, 1024, 1920, 366.41
1024, 1024, 2000, 366.16
1024, 1024, 2080, 366.25
1024, 1024, 2160, 365.18
1024, 1024, 2240, 368.63
1024, 1024, 2320, 367.93
1024, 1024, 2400, 369.36
1024, 1024, 2480, 369.07
1024, 1024, 2560, 371.73
1024, 1024, 2640, 369.59
1024, 1024, 2720, 373.09
1024, 1024, 2800, 371.89
1024, 1024, 2880, 375.61
1024, 1024, 2960, 372.97
1024, 1024, 3040, 375.80
1024, 1024, 3120, 363.73
1024, 1024, 3200, 367.27
1024, 1024, 3280, 366.35
1024, 1024, 3360, 367.58
1024, 1024, 3440, 367.54
1024, 1024, 3520, 369.88
1024, 1024, 3600, 368.74
1024, 1024, 3680, 370.56
1024, 1024, 3760, 369.23
1024, 1024, 3840, 371.58
1024, 1024, 3920, 371.05
1024, 1024, 4000, 372.67
