bli_shgemm performance
MC = 512, KC = 2048, NC = 2048
m, n, k, GFLOPS
1024, 1024, 80, 202.12
1024, 1024, 160, 277.74
1024, 1024, 240, 310.77
1024, 1024, 320, 329.97
1024, 1024, 400, 339.06
1024, 1024, 480, 347.21
1024, 1024, 560, 352.98
1024, 1024, 640, 356.76
1024, 1024, 720, 360.21
1024, 1024, 800, 368.44
1024, 1024, 880, 369.10
1024, 1024, 960, 373.80
1024, 1024, 1040, 369.02
1024, 1024, 1120, 369.67
1024, 1024, 1200, 370.52
1024, 1024, 1280, 373.75
1024, 1024, 1360, 374.52
1024, 1024, 1440, 376.65
1024, 1024, 1520, 376.53
1024, 1024, 1600, 379.36
1024, 1024, 1680, 379.60
1024, 1024, 1760, 381.12
1024, 1024, 1840, 381.23
1024, 1024, 1920, 382.97
1024, 1024, 2000, 383.15
1024, 1024, 2080, 366.92
1024, 1024, 2160, 366.26
1024, 1024, 2240, 369.76
1024, 1024, 2320, 367.77
1024, 1024, 2400, 370.94
1024, 1024, 2480, 370.37
1024, 1024, 2560, 373.08
1024, 1024, 2640, 371.14
1024, 1024, 2720, 372.30
1024, 1024, 2800, 372.63
1024, 1024, 2880, 374.75
1024, 1024, 2960, 373.91
1024, 1024, 3040, 376.08
1024, 1024, 3120, 377.60
1024, 1024, 3200, 385.36
1024, 1024, 3280, 386.28
1024, 1024, 3360, 386.72
1024, 1024, 3440, 387.24
1024, 1024, 3520, 388.10
1024, 1024, 3600, 388.48
1024, 1024, 3680, 389.12
1024, 1024, 3760, 389.05
1024, 1024, 3840, 389.66
1024, 1024, 3920, 389.77
1024, 1024, 4000, 390.15
