bli_shgemm performance
MC = 512, KC = 1792, NC = 1024
m, n, k, GFLOPS
1024, 1024, 80, 191.69
1024, 1024, 160, 264.56
1024, 1024, 240, 299.73
1024, 1024, 320, 310.44
1024, 1024, 400, 332.08
1024, 1024, 480, 339.45
1024, 1024, 560, 345.63
1024, 1024, 640, 349.82
1024, 1024, 720, 352.49
1024, 1024, 800, 361.35
1024, 1024, 880, 364.65
1024, 1024, 960, 362.20
1024, 1024, 1040, 361.60
1024, 1024, 1120, 365.76
1024, 1024, 1200, 366.41
1024, 1024, 1280, 371.02
1024, 1024, 1360, 373.45
1024, 1024, 1440, 375.19
1024, 1024, 1520, 374.74
1024, 1024, 1600, 379.16
1024, 1024, 1680, 377.98
1024, 1024, 1760, 380.32
1024, 1024, 1840, 356.89
1024, 1024, 1920, 359.39
1024, 1024, 2000, 359.24
1024, 1024, 2080, 362.41
1024, 1024, 2160, 361.11
1024, 1024, 2240, 366.23
1024, 1024, 2320, 362.85
1024, 1024, 2400, 366.19
1024, 1024, 2480, 363.52
1024, 1024, 2560, 369.07
1024, 1024, 2640, 367.36
1024, 1024, 2720, 378.86
1024, 1024, 2800, 379.84
1024, 1024, 2880, 379.72
1024, 1024, 2960, 380.77
1024, 1024, 3040, 381.36
1024, 1024, 3120, 381.76
1024, 1024, 3200, 382.49
1024, 1024, 3280, 383.16
1024, 1024, 3360, 383.68
1024, 1024, 3440, 383.68
1024, 1024, 3520, 384.71
1024, 1024, 3600, 374.68
1024, 1024, 3680, 375.21
1024, 1024, 3760, 375.37
1024, 1024, 3840, 376.07
1024, 1024, 3920, 376.91
1024, 1024, 4000, 378.23
