bli_shgemm performance
MC = 512, KC = 768, NC = 4096
m, n, k, GFLOPS
1024, 1024, 80, 202.40
1024, 1024, 160, 274.76
1024, 1024, 240, 303.95
1024, 1024, 320, 325.34
1024, 1024, 400, 338.64
1024, 1024, 480, 344.90
1024, 1024, 560, 349.11
1024, 1024, 640, 352.39
1024, 1024, 720, 353.30
1024, 1024, 800, 330.97
1024, 1024, 880, 332.83
1024, 1024, 960, 341.47
1024, 1024, 1040, 341.14
1024, 1024, 1120, 347.65
1024, 1024, 1200, 345.99
1024, 1024, 1280, 353.20
1024, 1024, 1360, 351.23
1024, 1024, 1440, 353.44
1024, 1024, 1520, 353.64
1024, 1024, 1600, 344.67
1024, 1024, 1680, 342.95
1024, 1024, 1760, 347.59
1024, 1024, 1840, 345.92
1024, 1024, 1920, 353.22
1024, 1024, 2000, 351.16
1024, 1024, 2080, 354.43
1024, 1024, 2160, 353.02
1024, 1024, 2240, 359.59
1024, 1024, 2320, 345.54
1024, 1024, 2400, 349.19
1024, 1024, 2480, 348.22
1024, 1024, 2560, 352.87
1024, 1024, 2640, 351.42
1024, 1024, 2720, 354.86
1024, 1024, 2800, 353.27
1024, 1024, 2880, 366.12
1024, 1024, 2960, 367.79
1024, 1024, 3040, 369.42
1024, 1024, 3120, 361.83
1024, 1024, 3200, 362.58
1024, 1024, 3280, 363.80
1024, 1024, 3360, 365.07
1024, 1024, 3440, 365.95
1024, 1024, 3520, 367.13
1024, 1024, 3600, 367.80
1024, 1024, 3680, 368.51
1024, 1024, 3760, 368.48
1024, 1024, 3840, 370.44
1024, 1024, 3920, 364.04
1024, 1024, 4000, 364.74
