bli_shgemm performance
MC = 512, KC = 2048, NC = 1024
m, n, k, GFLOPS
1024, 1024, 80, 195.08
1024, 1024, 160, 266.77
1024, 1024, 240, 292.84
1024, 1024, 320, 318.84
1024, 1024, 400, 328.89
1024, 1024, 480, 337.20
1024, 1024, 560, 344.96
1024, 1024, 640, 348.87
1024, 1024, 720, 350.43
1024, 1024, 800, 359.15
1024, 1024, 880, 360.69
1024, 1024, 960, 367.07
1024, 1024, 1040, 363.92
1024, 1024, 1120, 365.03
1024, 1024, 1200, 366.16
1024, 1024, 1280, 370.90
1024, 1024, 1360, 370.38
1024, 1024, 1440, 371.59
1024, 1024, 1520, 373.25
1024, 1024, 1600, 376.27
1024, 1024, 1680, 376.01
1024, 1024, 1760, 377.34
1024, 1024, 1840, 377.55
1024, 1024, 1920, 379.95
1024, 1024, 2000, 379.09
1024, 1024, 2080, 362.98
1024, 1024, 2160, 356.58
1024, 1024, 2240, 361.38
1024, 1024, 2320, 364.32
1024, 1024, 2400, 367.43
1024, 1024, 2480, 367.43
1024, 1024, 2560, 369.20
1024, 1024, 2640, 368.14
1024, 1024, 2720, 368.64
1024, 1024, 2800, 368.87
1024, 1024, 2880, 371.41
1024, 1024, 2960, 371.13
1024, 1024, 3040, 373.21
1024, 1024, 3120, 382.08
1024, 1024, 3200, 383.08
1024, 1024, 3280, 382.72
1024, 1024, 3360, 383.56
1024, 1024, 3440, 383.81
1024, 1024, 3520, 384.39
1024, 1024, 3600, 364.97
1024, 1024, 3680, 367.31
1024, 1024, 3760, 366.39
1024, 1024, 3840, 366.94
1024, 1024, 3920, 368.14
1024, 1024, 4000, 368.47
