bli_shgemm performance
MC = 512, KC = 768, NC = 4778
m, n, k, GFLOPS
1024, 1024, 80, 210.30
1024, 1024, 160, 277.44
1024, 1024, 240, 304.92
1024, 1024, 320, 324.70
1024, 1024, 400, 339.24
1024, 1024, 480, 344.51
1024, 1024, 560, 348.11
1024, 1024, 640, 349.49
1024, 1024, 720, 352.11
1024, 1024, 800, 330.76
1024, 1024, 880, 334.53
1024, 1024, 960, 341.27
1024, 1024, 1040, 340.61
1024, 1024, 1120, 347.47
1024, 1024, 1200, 347.23
1024, 1024, 1280, 352.97
1024, 1024, 1360, 351.01
1024, 1024, 1440, 354.38
1024, 1024, 1520, 354.73
1024, 1024, 1600, 344.98
1024, 1024, 1680, 340.81
1024, 1024, 1760, 349.67
1024, 1024, 1840, 346.87
1024, 1024, 1920, 355.43
1024, 1024, 2000, 350.33
1024, 1024, 2080, 357.97
1024, 1024, 2160, 357.60
1024, 1024, 2240, 360.25
1024, 1024, 2320, 348.44
1024, 1024, 2400, 352.68
1024, 1024, 2480, 350.61
1024, 1024, 2560, 355.91
1024, 1024, 2640, 352.87
1024, 1024, 2720, 357.21
1024, 1024, 2800, 356.01
1024, 1024, 2880, 361.90
1024, 1024, 2960, 357.77
1024, 1024, 3040, 361.87
1024, 1024, 3120, 343.00
1024, 1024, 3200, 356.41
1024, 1024, 3280, 353.88
1024, 1024, 3360, 357.27
1024, 1024, 3440, 356.04
1024, 1024, 3520, 360.88
1024, 1024, 3600, 355.83
1024, 1024, 3680, 361.79
1024, 1024, 3760, 360.10
1024, 1024, 3840, 364.91
1024, 1024, 3920, 356.91
1024, 1024, 4000, 359.44
