bli_shgemm performance
MC = 512, KC = 1024, NC = 3072
m, n, k, GFLOPS
1024, 1024, 80, 200.95
1024, 1024, 160, 276.67
1024, 1024, 240, 309.32
1024, 1024, 320, 329.35
1024, 1024, 400, 340.12
1024, 1024, 480, 347.75
1024, 1024, 560, 351.61
1024, 1024, 640, 353.91
1024, 1024, 720, 354.43
1024, 1024, 800, 362.18
1024, 1024, 880, 367.51
1024, 1024, 960, 369.96
1024, 1024, 1040, 343.11
1024, 1024, 1120, 347.14
1024, 1024, 1200, 347.11
1024, 1024, 1280, 353.27
1024, 1024, 1360, 353.80
1024, 1024, 1440, 358.22
1024, 1024, 1520, 357.40
1024, 1024, 1600, 361.23
1024, 1024, 1680, 358.60
1024, 1024, 1760, 362.69
1024, 1024, 1840, 362.16
1024, 1024, 1920, 366.12
1024, 1024, 2000, 365.54
1024, 1024, 2080, 346.42
1024, 1024, 2160, 349.55
1024, 1024, 2240, 354.22
1024, 1024, 2320, 351.80
1024, 1024, 2400, 355.22
1024, 1024, 2480, 354.75
1024, 1024, 2560, 371.37
1024, 1024, 2640, 371.55
1024, 1024, 2720, 370.99
1024, 1024, 2800, 372.91
1024, 1024, 2880, 373.50
1024, 1024, 2960, 374.73
1024, 1024, 3040, 375.77
1024, 1024, 3120, 365.46
1024, 1024, 3200, 365.88
1024, 1024, 3280, 367.34
1024, 1024, 3360, 368.24
1024, 1024, 3440, 369.53
1024, 1024, 3520, 370.26
1024, 1024, 3600, 370.76
1024, 1024, 3680, 371.28
1024, 1024, 3760, 370.53
1024, 1024, 3840, 372.86
1024, 1024, 3920, 372.53
1024, 1024, 4000, 367.82
