bli_shgemm performance
MC = 512, KC = 256, NC = 6144
m, n, k, GFLOPS
1024, 1024, 80, 203.15
1024, 1024, 160, 275.49
1024, 1024, 240, 307.89
1024, 1024, 320, 274.47
1024, 1024, 400, 281.83
1024, 1024, 480, 306.60
1024, 1024, 560, 281.20
1024, 1024, 640, 296.21
1024, 1024, 720, 295.91
1024, 1024, 800, 289.59
1024, 1024, 880, 290.97
1024, 1024, 960, 309.03
1024, 1024, 1040, 291.55
1024, 1024, 1120, 301.66
1024, 1024, 1200, 300.99
1024, 1024, 1280, 311.35
1024, 1024, 1360, 294.31
1024, 1024, 1440, 290.24
1024, 1024, 1520, 301.26
1024, 1024, 1600, 299.01
1024, 1024, 1680, 302.68
1024, 1024, 1760, 306.62
1024, 1024, 1840, 300.76
1024, 1024, 1920, 302.68
1024, 1024, 2000, 307.57
1024, 1024, 2080, 308.85
1024, 1024, 2160, 282.39
1024, 1024, 2240, 316.63
1024, 1024, 2320, 278.55
1024, 1024, 2400, 312.90
1024, 1024, 2480, 283.04
1024, 1024, 2560, 317.35
1024, 1024, 2640, 281.45
1024, 1024, 2720, 315.47
1024, 1024, 2800, 289.22
1024, 1024, 2880, 311.97
1024, 1024, 2960, 285.00
1024, 1024, 3040, 316.09
1024, 1024, 3120, 285.66
1024, 1024, 3200, 312.61
1024, 1024, 3280, 290.60
1024, 1024, 3360, 310.73
1024, 1024, 3440, 290.99
1024, 1024, 3520, 314.08
1024, 1024, 3600, 289.89
1024, 1024, 3680, 312.23
1024, 1024, 3760, 313.89
1024, 1024, 3840, 315.28
1024, 1024, 3920, 312.05
1024, 1024, 4000, 313.56
