bli_shgemm performance
MC = 512, KC = 2048, NC = 896
m, n, k, GFLOPS
1024, 1024, 80, 194.70
1024, 1024, 160, 259.07
1024, 1024, 240, 292.23
1024, 1024, 320, 302.58
1024, 1024, 400, 320.57
1024, 1024, 480, 327.77
1024, 1024, 560, 333.03
1024, 1024, 640, 337.10
1024, 1024, 720, 338.44
1024, 1024, 800, 349.15
1024, 1024, 880, 349.54
1024, 1024, 960, 354.58
1024, 1024, 1040, 344.76
1024, 1024, 1120, 348.38
1024, 1024, 1200, 348.51
1024, 1024, 1280, 355.52
1024, 1024, 1360, 354.17
1024, 1024, 1440, 359.68
1024, 1024, 1520, 356.24
1024, 1024, 1600, 361.82
1024, 1024, 1680, 360.42
1024, 1024, 1760, 362.76
1024, 1024, 1840, 355.90
1024, 1024, 1920, 360.72
1024, 1024, 2000, 361.75
1024, 1024, 2080, 348.05
1024, 1024, 2160, 344.93
1024, 1024, 2240, 349.21
1024, 1024, 2320, 345.79
1024, 1024, 2400, 349.40
1024, 1024, 2480, 346.38
1024, 1024, 2560, 352.22
1024, 1024, 2640, 348.46
1024, 1024, 2720, 351.07
1024, 1024, 2800, 349.38
1024, 1024, 2880, 366.72
1024, 1024, 2960, 368.01
1024, 1024, 3040, 368.76
1024, 1024, 3120, 368.49
1024, 1024, 3200, 369.41
1024, 1024, 3280, 370.19
1024, 1024, 3360, 370.07
1024, 1024, 3440, 370.38
1024, 1024, 3520, 371.04
1024, 1024, 3600, 371.65
1024, 1024, 3680, 371.92
1024, 1024, 3760, 372.68
1024, 1024, 3840, 372.62
1024, 1024, 3920, 373.24
1024, 1024, 4000, 373.53
