bli_shgemm performance
MC = 512, KC = 1536, NC = 1194
m, n, k, GFLOPS
1024, 1024, 80, 208.91
1024, 1024, 160, 279.66
1024, 1024, 240, 309.96
1024, 1024, 320, 328.87
1024, 1024, 400, 335.65
1024, 1024, 480, 345.03
1024, 1024, 560, 351.59
1024, 1024, 640, 355.71
1024, 1024, 720, 358.33
1024, 1024, 800, 367.74
1024, 1024, 880, 368.87
1024, 1024, 960, 372.54
1024, 1024, 1040, 374.15
1024, 1024, 1120, 375.90
1024, 1024, 1200, 377.64
1024, 1024, 1280, 378.98
1024, 1024, 1360, 380.35
1024, 1024, 1440, 381.41
1024, 1024, 1520, 382.49
1024, 1024, 1600, 363.82
1024, 1024, 1680, 364.88
1024, 1024, 1760, 366.99
1024, 1024, 1840, 369.74
1024, 1024, 1920, 371.30
1024, 1024, 2000, 372.40
1024, 1024, 2080, 376.97
1024, 1024, 2160, 377.83
1024, 1024, 2240, 378.56
1024, 1024, 2320, 379.99
1024, 1024, 2400, 380.79
1024, 1024, 2480, 370.71
1024, 1024, 2560, 381.24
1024, 1024, 2640, 372.33
1024, 1024, 2720, 382.69
1024, 1024, 2800, 373.97
1024, 1024, 2880, 384.46
1024, 1024, 2960, 376.20
1024, 1024, 3040, 385.57
1024, 1024, 3120, 365.93
1024, 1024, 3200, 376.25
1024, 1024, 3280, 328.92
1024, 1024, 3360, 369.65
1024, 1024, 3440, 332.41
1024, 1024, 3520, 371.85
1024, 1024, 3600, 371.11
1024, 1024, 3680, 380.83
1024, 1024, 3760, 368.92
1024, 1024, 3840, 382.16
1024, 1024, 3920, 372.68
1024, 1024, 4000, 382.30
