bli_shgemm performance
MC = 512, KC = 3328, NC = 2048
m, n, k, GFLOPS
80, 80, 80, 82.12
160, 160, 160, 202.92
240, 240, 240, 279.82
320, 320, 320, 309.09
400, 400, 400, 330.23
480, 480, 480, 344.86
560, 560, 560, 353.98
640, 640, 640, 357.56
720, 720, 720, 358.17
800, 800, 800, 367.44
880, 880, 880, 364.32
960, 960, 960, 374.56
1040, 1040, 1040, 380.12
1120, 1120, 1120, 381.59
1200, 1200, 1200, 387.97
1280, 1280, 1280, 385.38
1360, 1360, 1360, 396.09
1440, 1440, 1440, 396.35
1520, 1520, 1520, 404.53
1600, 1600, 1600, 399.38
1680, 1680, 1680, 407.08
1760, 1760, 1760, 402.78
1840, 1840, 1840, 408.69
1920, 1920, 1920, 403.03
2000, 2000, 2000, 411.39
2080, 2080, 2080, 391.57
2160, 2160, 2160, 361.89
2240, 2240, 2240, 395.18
2320, 2320, 2320, 362.26
2400, 2400, 2400, 396.49
2480, 2480, 2480, 389.10
2560, 2560, 2560, 397.39
2640, 2640, 2640, 392.48
2720, 2720, 2720, 404.68
2800, 2800, 2800, 393.42
2880, 2880, 2880, 405.60
2960, 2960, 2960, 393.32
3040, 3040, 3040, 404.73
3120, 3120, 3120, 391.41
3200, 3200, 3200, 406.02
3280, 3280, 3280, 390.37
3360, 3360, 3360, 391.50
3440, 3440, 3440, 370.51
3520, 3520, 3520, 393.83
3600, 3600, 3600, 368.33
3680, 3680, 3680, 392.34
3760, 3760, 3760, 384.90
3840, 3840, 3840, 396.27
3920, 3920, 3920, 387.07
4000, 4000, 4000, 401.33
