bli_shgemm performance
MC = 512, KC = 1536, NC = 2389
m, n, k, GFLOPS
1024, 1024, 80, 203.74
1024, 1024, 160, 279.02
1024, 1024, 240, 309.40
1024, 1024, 320, 329.46
1024, 1024, 400, 340.44
1024, 1024, 480, 346.87
1024, 1024, 560, 355.78
1024, 1024, 640, 358.11
1024, 1024, 720, 360.18
1024, 1024, 800, 359.30
1024, 1024, 880, 357.17
1024, 1024, 960, 364.79
1024, 1024, 1040, 363.00
1024, 1024, 1120, 368.14
1024, 1024, 1200, 367.08
1024, 1024, 1280, 371.85
1024, 1024, 1360, 370.90
1024, 1024, 1440, 374.63
1024, 1024, 1520, 373.81
1024, 1024, 1600, 358.93
1024, 1024, 1680, 357.95
1024, 1024, 1760, 362.06
1024, 1024, 1840, 361.26
1024, 1024, 1920, 365.72
1024, 1024, 2000, 365.86
1024, 1024, 2080, 369.53
1024, 1024, 2160, 368.07
1024, 1024, 2240, 371.32
1024, 1024, 2320, 370.00
1024, 1024, 2400, 371.81
1024, 1024, 2480, 371.34
1024, 1024, 2560, 374.47
1024, 1024, 2640, 373.69
1024, 1024, 2720, 375.57
1024, 1024, 2800, 373.65
1024, 1024, 2880, 372.25
1024, 1024, 2960, 371.00
1024, 1024, 3040, 372.27
1024, 1024, 3120, 361.48
1024, 1024, 3200, 362.57
1024, 1024, 3280, 363.26
1024, 1024, 3360, 363.77
1024, 1024, 3440, 364.16
1024, 1024, 3520, 366.25
1024, 1024, 3600, 372.55
1024, 1024, 3680, 377.42
1024, 1024, 3760, 375.83
1024, 1024, 3840, 378.74
1024, 1024, 3920, 377.33
1024, 1024, 4000, 379.30
