bli_shgemm performance
MC = 512, KC = 2048, NC = 512
m, n, k, GFLOPS
1024, 1024, 80, 195.38
1024, 1024, 160, 262.96
1024, 1024, 240, 281.71
1024, 1024, 320, 310.12
1024, 1024, 400, 318.82
1024, 1024, 480, 326.63
1024, 1024, 560, 330.71
1024, 1024, 640, 337.52
1024, 1024, 720, 338.32
1024, 1024, 800, 348.97
1024, 1024, 880, 349.99
1024, 1024, 960, 356.64
1024, 1024, 1040, 342.43
1024, 1024, 1120, 349.85
1024, 1024, 1200, 347.97
1024, 1024, 1280, 355.77
1024, 1024, 1360, 353.18
1024, 1024, 1440, 358.29
1024, 1024, 1520, 355.84
1024, 1024, 1600, 361.64
1024, 1024, 1680, 359.54
1024, 1024, 1760, 362.67
1024, 1024, 1840, 360.80
1024, 1024, 1920, 364.70
1024, 1024, 2000, 362.97
1024, 1024, 2080, 353.25
1024, 1024, 2160, 350.11
1024, 1024, 2240, 355.69
1024, 1024, 2320, 350.82
1024, 1024, 2400, 355.99
1024, 1024, 2480, 352.88
1024, 1024, 2560, 359.07
1024, 1024, 2640, 354.67
1024, 1024, 2720, 358.41
1024, 1024, 2800, 356.83
1024, 1024, 2880, 362.64
1024, 1024, 2960, 359.40
1024, 1024, 3040, 363.34
1024, 1024, 3120, 360.01
1024, 1024, 3200, 365.61
1024, 1024, 3280, 362.32
1024, 1024, 3360, 364.77
1024, 1024, 3440, 363.24
1024, 1024, 3520, 367.26
1024, 1024, 3600, 364.89
1024, 1024, 3680, 367.38
1024, 1024, 3760, 365.80
1024, 1024, 3840, 368.91
1024, 1024, 3920, 367.20
1024, 1024, 4000, 369.22
