bli_shgemm performance
MC = 512, KC = 1792, NC = 1755
m, n, k, GFLOPS
1024, 1024, 80, 204.29
1024, 1024, 160, 279.80
1024, 1024, 240, 312.68
1024, 1024, 320, 301.51
1024, 1024, 400, 342.17
1024, 1024, 480, 348.54
1024, 1024, 560, 356.68
1024, 1024, 640, 358.57
1024, 1024, 720, 361.10
1024, 1024, 800, 368.32
1024, 1024, 880, 369.55
1024, 1024, 960, 362.77
1024, 1024, 1040, 360.85
1024, 1024, 1120, 364.19
1024, 1024, 1200, 364.75
1024, 1024, 1280, 370.13
1024, 1024, 1360, 370.50
1024, 1024, 1440, 373.89
1024, 1024, 1520, 378.28
1024, 1024, 1600, 382.46
1024, 1024, 1680, 381.86
1024, 1024, 1760, 383.65
1024, 1024, 1840, 365.43
1024, 1024, 1920, 368.15
1024, 1024, 2000, 367.66
1024, 1024, 2080, 370.75
1024, 1024, 2160, 370.20
1024, 1024, 2240, 373.99
1024, 1024, 2320, 372.07
1024, 1024, 2400, 380.48
1024, 1024, 2480, 380.04
1024, 1024, 2560, 382.04
1024, 1024, 2640, 381.76
1024, 1024, 2720, 383.63
1024, 1024, 2800, 383.94
1024, 1024, 2880, 383.47
1024, 1024, 2960, 384.92
1024, 1024, 3040, 385.26
1024, 1024, 3120, 385.44
1024, 1024, 3200, 384.37
1024, 1024, 3280, 386.71
1024, 1024, 3360, 385.01
1024, 1024, 3440, 388.03
1024, 1024, 3520, 386.94
1024, 1024, 3600, 379.60
1024, 1024, 3680, 378.33
1024, 1024, 3760, 380.83
1024, 1024, 3840, 380.04
1024, 1024, 3920, 382.54
1024, 1024, 4000, 380.08
