bli_shgemm performance
MC = 512, KC = 896, NC = 2340
m, n, k, GFLOPS
1024, 1024, 80, 196.72
1024, 1024, 160, 272.81
1024, 1024, 240, 304.95
1024, 1024, 320, 325.31
1024, 1024, 400, 318.50
1024, 1024, 480, 346.39
1024, 1024, 560, 352.12
1024, 1024, 640, 354.35
1024, 1024, 720, 356.99
1024, 1024, 800, 364.31
1024, 1024, 880, 363.62
1024, 1024, 960, 341.46
1024, 1024, 1040, 341.18
1024, 1024, 1120, 348.20
1024, 1024, 1200, 346.06
1024, 1024, 1280, 351.98
1024, 1024, 1360, 352.90
1024, 1024, 1440, 356.50
1024, 1024, 1520, 356.08
1024, 1024, 1600, 359.21
1024, 1024, 1680, 349.96
1024, 1024, 1760, 355.16
1024, 1024, 1840, 344.10
1024, 1024, 1920, 349.24
1024, 1024, 2000, 345.68
1024, 1024, 2080, 356.28
1024, 1024, 2160, 343.71
1024, 1024, 2240, 349.92
1024, 1024, 2320, 346.14
1024, 1024, 2400, 350.94
1024, 1024, 2480, 348.55
1024, 1024, 2560, 356.01
1024, 1024, 2640, 352.80
1024, 1024, 2720, 345.06
1024, 1024, 2800, 343.88
1024, 1024, 2880, 348.81
1024, 1024, 2960, 346.87
1024, 1024, 3040, 350.37
1024, 1024, 3120, 350.07
1024, 1024, 3200, 354.43
1024, 1024, 3280, 351.66
1024, 1024, 3360, 354.07
1024, 1024, 3440, 352.22
1024, 1024, 3520, 356.71
1024, 1024, 3600, 348.08
1024, 1024, 3680, 347.91
1024, 1024, 3760, 347.40
1024, 1024, 3840, 349.64
1024, 1024, 3920, 349.69
1024, 1024, 4000, 351.22
