bli_shgemm performance
MC = 512, KC = 512, NC = 8192
m, n, k, GFLOPS
1024, 1024, 80, 196.78
1024, 1024, 160, 276.48
1024, 1024, 240, 305.82
1024, 1024, 320, 311.80
1024, 1024, 400, 322.95
1024, 1024, 480, 335.49
1024, 1024, 560, 300.73
1024, 1024, 640, 314.32
1024, 1024, 720, 314.66
1024, 1024, 800, 326.41
1024, 1024, 880, 325.34
1024, 1024, 960, 339.83
1024, 1024, 1040, 314.03
1024, 1024, 1120, 323.57
1024, 1024, 1200, 320.99
1024, 1024, 1280, 330.90
1024, 1024, 1360, 326.77
1024, 1024, 1440, 323.51
1024, 1024, 1520, 320.12
1024, 1024, 1600, 317.11
1024, 1024, 1680, 310.75
1024, 1024, 1760, 319.13
1024, 1024, 1840, 328.90
1024, 1024, 1920, 337.37
1024, 1024, 2000, 333.45
1024, 1024, 2080, 330.03
1024, 1024, 2160, 326.42
1024, 1024, 2240, 334.28
1024, 1024, 2320, 329.98
1024, 1024, 2400, 337.48
1024, 1024, 2480, 332.44
1024, 1024, 2560, 339.32
1024, 1024, 2640, 326.91
1024, 1024, 2720, 331.90
1024, 1024, 2800, 330.37
1024, 1024, 2880, 338.45
1024, 1024, 2960, 333.97
1024, 1024, 3040, 337.31
1024, 1024, 3120, 327.81
1024, 1024, 3200, 334.02
1024, 1024, 3280, 330.92
1024, 1024, 3360, 336.56
1024, 1024, 3440, 332.42
1024, 1024, 3520, 341.41
1024, 1024, 3600, 331.27
1024, 1024, 3680, 335.15
1024, 1024, 3760, 331.39
1024, 1024, 3840, 343.73
1024, 1024, 3920, 350.32
1024, 1024, 4000, 350.11
