bli_shgemm performance
MC = 512, KC = 512, NC = 1024
m, n, k, GFLOPS
1024, 1024, 80, 191.08
1024, 1024, 160, 255.70
1024, 1024, 240, 292.33
1024, 1024, 320, 302.45
1024, 1024, 400, 315.15
1024, 1024, 480, 326.30
1024, 1024, 560, 288.05
1024, 1024, 640, 299.19
1024, 1024, 720, 304.23
1024, 1024, 800, 314.79
1024, 1024, 880, 316.38
1024, 1024, 960, 334.91
1024, 1024, 1040, 310.22
1024, 1024, 1120, 317.02
1024, 1024, 1200, 316.57
1024, 1024, 1280, 326.20
1024, 1024, 1360, 324.62
1024, 1024, 1440, 333.17
1024, 1024, 1520, 349.26
1024, 1024, 1600, 337.80
1024, 1024, 1680, 338.91
1024, 1024, 1760, 342.70
1024, 1024, 1840, 344.21
1024, 1024, 1920, 346.62
1024, 1024, 2000, 349.05
1024, 1024, 2080, 331.95
1024, 1024, 2160, 335.17
1024, 1024, 2240, 336.42
1024, 1024, 2320, 337.96
1024, 1024, 2400, 339.50
1024, 1024, 2480, 341.17
1024, 1024, 2560, 342.67
1024, 1024, 2640, 337.09
1024, 1024, 2720, 335.63
1024, 1024, 2800, 340.11
1024, 1024, 2880, 337.14
1024, 1024, 2960, 342.13
1024, 1024, 3040, 344.29
1024, 1024, 3120, 334.71
1024, 1024, 3200, 334.86
1024, 1024, 3280, 339.06
1024, 1024, 3360, 340.16
1024, 1024, 3440, 339.93
1024, 1024, 3520, 341.27
1024, 1024, 3600, 334.67
1024, 1024, 3680, 335.96
1024, 1024, 3760, 337.51
1024, 1024, 3840, 337.93
1024, 1024, 3920, 338.89
1024, 1024, 4000, 342.78
