bli_shgemm performance
MC = 64, KC = 2048, NC = 768
m, n, k, GFLOPS
1024, 1024, 80, 205.95
1024, 1024, 160, 272.10
1024, 1024, 240, 303.89
1024, 1024, 320, 322.15
1024, 1024, 400, 332.66
1024, 1024, 480, 340.47
1024, 1024, 560, 345.80
1024, 1024, 640, 348.73
1024, 1024, 720, 349.38
1024, 1024, 800, 356.40
1024, 1024, 880, 355.70
1024, 1024, 960, 366.04
1024, 1024, 1040, 365.74
1024, 1024, 1120, 368.47
1024, 1024, 1200, 367.95
1024, 1024, 1280, 371.14
1024, 1024, 1360, 369.80
1024, 1024, 1440, 370.59
1024, 1024, 1520, 377.01
1024, 1024, 1600, 378.48
1024, 1024, 1680, 378.46
1024, 1024, 1760, 379.57
1024, 1024, 1840, 379.93
1024, 1024, 1920, 379.75
1024, 1024, 2000, 380.17
1024, 1024, 2080, 364.24
1024, 1024, 2160, 358.90
1024, 1024, 2240, 371.01
1024, 1024, 2320, 357.91
1024, 1024, 2400, 369.89
1024, 1024, 2480, 358.95
1024, 1024, 2560, 374.04
1024, 1024, 2640, 360.12
1024, 1024, 2720, 372.43
1024, 1024, 2800, 361.89
1024, 1024, 2880, 375.61
1024, 1024, 2960, 364.23
1024, 1024, 3040, 374.29
1024, 1024, 3120, 366.26
1024, 1024, 3200, 378.43
1024, 1024, 3280, 367.34
1024, 1024, 3360, 378.76
1024, 1024, 3440, 367.45
1024, 1024, 3520, 379.54
1024, 1024, 3600, 365.43
1024, 1024, 3680, 380.80
1024, 1024, 3760, 380.92
1024, 1024, 3840, 381.25
1024, 1024, 3920, 381.50
1024, 1024, 4000, 381.65
