bli_shgemm performance
MC = 64, KC = 2048, NC = 896
m, n, k, GFLOPS
1024, 1024, 80, 210.65
1024, 1024, 160, 272.33
1024, 1024, 240, 304.63
1024, 1024, 320, 320.47
1024, 1024, 400, 330.81
1024, 1024, 480, 337.62
1024, 1024, 560, 341.40
1024, 1024, 640, 347.61
1024, 1024, 720, 347.77
1024, 1024, 800, 356.50
1024, 1024, 880, 355.21
1024, 1024, 960, 362.35
1024, 1024, 1040, 361.65
1024, 1024, 1120, 365.81
1024, 1024, 1200, 369.83
1024, 1024, 1280, 372.92
1024, 1024, 1360, 372.22
1024, 1024, 1440, 371.91
1024, 1024, 1520, 370.79
1024, 1024, 1600, 373.65
1024, 1024, 1680, 373.35
1024, 1024, 1760, 362.14
1024, 1024, 1840, 373.72
1024, 1024, 1920, 375.75
1024, 1024, 2000, 372.08
1024, 1024, 2080, 363.20
1024, 1024, 2160, 352.62
1024, 1024, 2240, 365.97
1024, 1024, 2320, 351.43
1024, 1024, 2400, 368.62
1024, 1024, 2480, 351.10
1024, 1024, 2560, 369.88
1024, 1024, 2640, 351.53
1024, 1024, 2720, 365.55
1024, 1024, 2800, 357.17
1024, 1024, 2880, 373.64
1024, 1024, 2960, 355.86
1024, 1024, 3040, 375.28
1024, 1024, 3120, 357.95
1024, 1024, 3200, 375.52
1024, 1024, 3280, 361.45
1024, 1024, 3360, 377.57
1024, 1024, 3440, 361.35
1024, 1024, 3520, 373.15
1024, 1024, 3600, 359.76
1024, 1024, 3680, 380.09
1024, 1024, 3760, 364.95
1024, 1024, 3840, 371.77
1024, 1024, 3920, 361.89
1024, 1024, 4000, 363.20
