bli_shgemm performance
MC = 64, KC = 2048, NC = 1536
m, n, k, GFLOPS
1024, 1024, 80, 205.29
1024, 1024, 160, 267.64
1024, 1024, 240, 305.38
1024, 1024, 320, 334.07
1024, 1024, 400, 344.73
1024, 1024, 480, 348.44
1024, 1024, 560, 355.32
1024, 1024, 640, 358.96
1024, 1024, 720, 360.76
1024, 1024, 800, 369.90
1024, 1024, 880, 370.39
1024, 1024, 960, 376.15
1024, 1024, 1040, 375.17
1024, 1024, 1120, 378.37
1024, 1024, 1200, 378.85
1024, 1024, 1280, 382.21
1024, 1024, 1360, 378.74
1024, 1024, 1440, 380.32
1024, 1024, 1520, 377.25
1024, 1024, 1600, 375.91
1024, 1024, 1680, 368.49
1024, 1024, 1760, 367.17
1024, 1024, 1840, 363.87
1024, 1024, 1920, 365.51
1024, 1024, 2000, 357.96
1024, 1024, 2080, 343.66
1024, 1024, 2160, 346.58
1024, 1024, 2240, 348.82
1024, 1024, 2320, 348.24
1024, 1024, 2400, 352.07
1024, 1024, 2480, 352.49
1024, 1024, 2560, 358.82
1024, 1024, 2640, 358.32
1024, 1024, 2720, 360.57
1024, 1024, 2800, 360.02
1024, 1024, 2880, 364.08
1024, 1024, 2960, 374.78
1024, 1024, 3040, 372.95
1024, 1024, 3120, 379.37
1024, 1024, 3200, 380.66
1024, 1024, 3280, 380.95
1024, 1024, 3360, 381.77
1024, 1024, 3440, 382.69
1024, 1024, 3520, 383.07
1024, 1024, 3600, 383.04
1024, 1024, 3680, 383.01
1024, 1024, 3760, 381.57
1024, 1024, 3840, 381.19
1024, 1024, 3920, 380.85
1024, 1024, 4000, 379.73
