bli_shgemm performance
MC = 64, KC = 2048, NC = 256
m, n, k, GFLOPS
1024, 1024, 80, 204.75
1024, 1024, 160, 265.87
1024, 1024, 240, 291.23
1024, 1024, 320, 302.78
1024, 1024, 400, 301.90
1024, 1024, 480, 320.78
1024, 1024, 560, 315.21
1024, 1024, 640, 319.14
1024, 1024, 720, 319.95
1024, 1024, 800, 325.49
1024, 1024, 880, 323.08
1024, 1024, 960, 328.77
1024, 1024, 1040, 324.08
1024, 1024, 1120, 334.30
1024, 1024, 1200, 330.38
1024, 1024, 1280, 338.95
1024, 1024, 1360, 331.57
1024, 1024, 1440, 336.33
1024, 1024, 1520, 335.13
1024, 1024, 1600, 343.45
1024, 1024, 1680, 336.85
1024, 1024, 1760, 342.23
1024, 1024, 1840, 337.76
1024, 1024, 1920, 346.32
1024, 1024, 2000, 339.51
1024, 1024, 2080, 335.02
1024, 1024, 2160, 332.94
1024, 1024, 2240, 340.52
1024, 1024, 2320, 332.03
1024, 1024, 2400, 335.92
1024, 1024, 2480, 333.64
1024, 1024, 2560, 341.71
1024, 1024, 2640, 350.68
1024, 1024, 2720, 350.54
1024, 1024, 2800, 351.19
1024, 1024, 2880, 352.10
1024, 1024, 2960, 352.76
1024, 1024, 3040, 353.29
1024, 1024, 3120, 352.91
1024, 1024, 3200, 353.79
1024, 1024, 3280, 354.62
1024, 1024, 3360, 354.40
1024, 1024, 3440, 355.09
1024, 1024, 3520, 355.51
1024, 1024, 3600, 355.82
1024, 1024, 3680, 356.22
1024, 1024, 3760, 356.14
1024, 1024, 3840, 356.19
1024, 1024, 3920, 356.49
1024, 1024, 4000, 356.68
