bli_shgemm performance
MC = 768, KC = 512, NC = 2048
m, n, k, GFLOPS
1024, 1024, 80, 199.21
1024, 1024, 160, 275.01
1024, 1024, 240, 308.65
1024, 1024, 320, 326.82
1024, 1024, 400, 327.01
1024, 1024, 480, 338.87
1024, 1024, 560, 307.63
1024, 1024, 640, 303.02
1024, 1024, 720, 309.63
1024, 1024, 800, 313.41
1024, 1024, 880, 313.15
1024, 1024, 960, 326.80
1024, 1024, 1040, 303.14
1024, 1024, 1120, 309.90
1024, 1024, 1200, 306.27
1024, 1024, 1280, 316.53
1024, 1024, 1360, 314.23
1024, 1024, 1440, 319.66
1024, 1024, 1520, 322.26
1024, 1024, 1600, 313.80
1024, 1024, 1680, 316.18
1024, 1024, 1760, 323.27
1024, 1024, 1840, 323.87
1024, 1024, 1920, 330.10
1024, 1024, 2000, 325.38
1024, 1024, 2080, 320.06
1024, 1024, 2160, 312.32
1024, 1024, 2240, 326.59
1024, 1024, 2320, 323.03
1024, 1024, 2400, 326.12
1024, 1024, 2480, 324.35
1024, 1024, 2560, 331.04
1024, 1024, 2640, 315.71
1024, 1024, 2720, 323.85
1024, 1024, 2800, 318.32
1024, 1024, 2880, 329.85
1024, 1024, 2960, 321.41
1024, 1024, 3040, 329.74
1024, 1024, 3120, 344.66
1024, 1024, 3200, 346.13
1024, 1024, 3280, 348.83
1024, 1024, 3360, 349.20
1024, 1024, 3440, 350.73
1024, 1024, 3520, 351.32
1024, 1024, 3600, 347.24
1024, 1024, 3680, 347.10
1024, 1024, 3760, 347.57
1024, 1024, 3840, 350.06
1024, 1024, 3920, 350.49
1024, 1024, 4000, 351.13
