bli_shgemm performance
MC = 896, KC = 1024, NC = 3072
m, n, k, GFLOPS
1024, 1024, 80, 203.78
1024, 1024, 160, 278.13
1024, 1024, 240, 305.98
1024, 1024, 320, 324.49
1024, 1024, 400, 332.85
1024, 1024, 480, 341.85
1024, 1024, 560, 349.95
1024, 1024, 640, 350.57
1024, 1024, 720, 353.02
1024, 1024, 800, 362.55
1024, 1024, 880, 363.35
1024, 1024, 960, 365.64
1024, 1024, 1040, 338.82
1024, 1024, 1120, 344.23
1024, 1024, 1200, 343.28
1024, 1024, 1280, 349.82
1024, 1024, 1360, 347.70
1024, 1024, 1440, 353.97
1024, 1024, 1520, 351.67
1024, 1024, 1600, 358.76
1024, 1024, 1680, 354.89
1024, 1024, 1760, 360.20
1024, 1024, 1840, 359.32
1024, 1024, 1920, 363.19
1024, 1024, 2000, 362.64
1024, 1024, 2080, 351.72
1024, 1024, 2160, 351.07
1024, 1024, 2240, 356.51
1024, 1024, 2320, 354.61
1024, 1024, 2400, 357.62
1024, 1024, 2480, 356.38
1024, 1024, 2560, 360.13
1024, 1024, 2640, 361.76
1024, 1024, 2720, 369.44
1024, 1024, 2800, 371.80
1024, 1024, 2880, 372.18
1024, 1024, 2960, 373.52
1024, 1024, 3040, 374.63
1024, 1024, 3120, 364.92
1024, 1024, 3200, 365.02
1024, 1024, 3280, 366.99
1024, 1024, 3360, 368.08
1024, 1024, 3440, 369.13
1024, 1024, 3520, 370.26
1024, 1024, 3600, 369.52
1024, 1024, 3680, 370.98
1024, 1024, 3760, 369.88
1024, 1024, 3840, 372.07
1024, 1024, 3920, 371.61
1024, 1024, 4000, 372.55
