bli_shgemm performance
MC = 896, KC = 512, NC = 3584
m, n, k, GFLOPS
1024, 1024, 80, 208.77
1024, 1024, 160, 274.95
1024, 1024, 240, 304.81
1024, 1024, 320, 324.30
1024, 1024, 400, 337.27
1024, 1024, 480, 341.45
1024, 1024, 560, 303.37
1024, 1024, 640, 315.58
1024, 1024, 720, 318.01
1024, 1024, 800, 326.90
1024, 1024, 880, 329.28
1024, 1024, 960, 343.29
1024, 1024, 1040, 318.65
1024, 1024, 1120, 324.56
1024, 1024, 1200, 324.81
1024, 1024, 1280, 334.36
1024, 1024, 1360, 324.82
1024, 1024, 1440, 344.40
1024, 1024, 1520, 345.27
1024, 1024, 1600, 332.83
1024, 1024, 1680, 332.92
1024, 1024, 1760, 337.49
1024, 1024, 1840, 340.12
1024, 1024, 1920, 343.78
1024, 1024, 2000, 345.44
1024, 1024, 2080, 339.63
1024, 1024, 2160, 311.59
1024, 1024, 2240, 342.29
1024, 1024, 2320, 315.47
1024, 1024, 2400, 346.99
1024, 1024, 2480, 317.83
1024, 1024, 2560, 349.37
1024, 1024, 2640, 310.99
1024, 1024, 2720, 342.82
1024, 1024, 2800, 315.93
1024, 1024, 2880, 345.13
1024, 1024, 2960, 318.57
1024, 1024, 3040, 349.03
1024, 1024, 3120, 314.43
1024, 1024, 3200, 342.34
1024, 1024, 3280, 315.63
1024, 1024, 3360, 345.10
1024, 1024, 3440, 318.94
1024, 1024, 3520, 348.42
1024, 1024, 3600, 315.67
1024, 1024, 3680, 343.27
1024, 1024, 3760, 319.46
1024, 1024, 3840, 346.08
1024, 1024, 3920, 322.72
1024, 1024, 4000, 327.55
