bli_shgemm performance
MC = 896, KC = 512, NC = 7168
m, n, k, GFLOPS
1024, 1024, 80, 200.00
1024, 1024, 160, 275.78
1024, 1024, 240, 302.90
1024, 1024, 320, 321.77
1024, 1024, 400, 332.24
1024, 1024, 480, 342.71
1024, 1024, 560, 305.05
1024, 1024, 640, 315.84
1024, 1024, 720, 316.84
1024, 1024, 800, 326.98
1024, 1024, 880, 330.12
1024, 1024, 960, 339.87
1024, 1024, 1040, 316.69
1024, 1024, 1120, 323.46
1024, 1024, 1200, 321.91
1024, 1024, 1280, 331.48
1024, 1024, 1360, 329.05
1024, 1024, 1440, 336.38
1024, 1024, 1520, 331.15
1024, 1024, 1600, 327.06
1024, 1024, 1680, 323.66
1024, 1024, 1760, 330.72
1024, 1024, 1840, 327.05
1024, 1024, 1920, 333.34
1024, 1024, 2000, 333.74
1024, 1024, 2080, 326.98
1024, 1024, 2160, 323.95
1024, 1024, 2240, 332.38
1024, 1024, 2320, 326.04
1024, 1024, 2400, 333.00
1024, 1024, 2480, 332.10
1024, 1024, 2560, 338.38
1024, 1024, 2640, 324.72
1024, 1024, 2720, 330.59
1024, 1024, 2800, 328.92
1024, 1024, 2880, 335.49
1024, 1024, 2960, 333.06
1024, 1024, 3040, 336.09
1024, 1024, 3120, 325.31
1024, 1024, 3200, 332.72
1024, 1024, 3280, 330.75
1024, 1024, 3360, 333.90
1024, 1024, 3440, 331.85
1024, 1024, 3520, 341.10
1024, 1024, 3600, 343.97
1024, 1024, 3680, 346.17
1024, 1024, 3760, 346.60
1024, 1024, 3840, 348.07
1024, 1024, 3920, 348.71
1024, 1024, 4000, 350.43
